3dd9e578dace13af ,5319779031355833 ,-0.26800537 ,-0.18981934 ,-0.446167 ,3 ,Acc ,15
3dd9e578dace13af ,5319782043529738 ,0.25878906 ,-0.03302002 ,0.24847412 ,3 ,Acc ,15
3dd9e578dace13af ,5319782042813696 ,0.6565094 ,-4.896118 ,8.471542 ,0 ,Acc ,9
3dd9e578dace13af ,5319785044351403 ,0.3474121 ,0.64434814 ,0.26055908 ,3 ,Acc ,15
3dd9e578dace13af ,5319785043608070 ,9.73056 ,-0.9958191 ,-0.70339966 ,0 ,Acc ,9
3dd9e578dace13af ,5319785203685101 ,0.34051514 ,0.64508057 ,0.32000732 ,3 ,Acc ,15
3dd9e578dace13af ,5319785310045153 ,0.32666016 ,0.64904785 ,0.3468628 ,3 ,Acc ,15
3dd9e578dace13af ,5319785428630361 ,0.2890625 ,0.6708374 ,0.33972168 ,3 ,Acc ,15
3dd9e578dace13af ,5319785550439007 ,0.2640381 ,0.68029785 ,0.32525635 ,3 ,Acc ,15
3dd9e578dace13af ,5319785669348017 ,0.23742676 ,0.70233154 ,0.29595947 ,3 ,Acc ,15
3dd9e578dace13af ,5319785770068642 ,0.22924805 ,0.7156372 ,0.21813965 ,3 ,Acc ,15
3dd9e578dace13af ,5319785870766611 ,0.20654297 ,0.7177124 ,0.081604004 ,3 ,Acc ,15
3dd9e578dace13af ,5319785986799215 ,0.19152832 ,0.68634033 ,-0.0546875 ,3 ,Acc ,15
3dd9e578dace13af ,5319786087160257 ,0.16491699 ,0.6555786 ,-0.12634277 ,3 ,Acc ,15
3dd9e578dace13af ,5319786191131142 ,0.14758301 ,0.64953613 ,-0.113220215 ,3 ,Acc ,15
3dd9e578dace13af ,5319786290646976 ,0.11834717 ,0.6907959 ,-0.060302734 ,3 ,Acc ,15
3dd9e578dace13af ,5319786390787392 ,0.023254395 ,0.7334595 ,-0.1026001 ,3 ,Acc ,15
3dd9e578dace13af ,5319786508820257 ,0.011291504 ,0.7654419 ,-0.05114746 ,3 ,Acc ,15
3dd9e578dace13af ,5319786611043590 ,-0.0052490234 ,0.7911377 ,-0.041748047 ,3 ,Acc ,15
3dd9e578dace13af ,5319786710817496 ,-0.02319336 ,0.8121338 ,-0.055786133 ,3 ,Acc ,15
3dd9e578dace13af ,5319786828128486 ,-0.027526855 ,0.79711914 ,-0.15863037 ,3 ,Acc ,15
3dd9e578dace13af ,5319786952018173 ,-0.03338623 ,0.74420166 ,-0.2802124 ,3 ,Acc ,15
3dd9e578dace13af ,5319787068641402 ,-0.0012207031 ,0.7005005 ,-0.3338623 ,3 ,Acc ,15
3dd9e578dace13af ,5319787189497184 ,0.014770508 ,0.6758423 ,-0.32647705 ,3 ,Acc ,15
3dd9e578dace13af ,5319787291710777 ,0.033813477 ,0.68585205 ,-0.29882813 ,3 ,Acc ,15
3dd9e578dace13af ,5319787411149423 ,-0.007446289 ,0.70477295 ,-0.30578613 ,3 ,Acc ,15
3dd9e578dace13af ,5319787510904475 ,-0.02709961 ,0.7373047 ,-0.26220703 ,3 ,Acc ,15
3dd9e578dace13af ,5319787633716038 ,-0.08026123 ,0.77545166 ,-0.23144531 ,3 ,Acc ,15
3dd9e578dace13af ,5319787748439163 ,-0.113586426 ,0.79571533 ,-0.21655273 ,3 ,Acc ,15
3dd9e578dace13af ,5319787847796454 ,-0.1484375 ,0.7727661 ,-0.309021 ,3 ,Acc ,15
3dd9e578dace13af ,5319787953095621 ,-0.11016846 ,0.743103 ,-0.35809326 ,3 ,Acc ,15
3dd9e578dace13af ,5319788050844839 ,8.5373535 ,-4.8251953 ,-0.03692627 ,0 ,Acc ,9
3dd9e578dace13af ,5319788052507912 ,-0.06726074 ,0.70526123 ,-0.4039917 ,3 ,Acc ,15
3dd9e578dace13af ,5319788148557912 ,5.8087463 ,2.146881 ,-0.20204163 ,0 ,Acc ,10
3dd9e578dace13af ,5319788167798277 ,3.6621094E-4 ,0.6682129 ,-0.3867798 ,3 ,Acc ,15
3dd9e578dace13af ,5319788271037704 ,0.05419922 ,0.67578125 ,-0.35565186 ,3 ,Acc ,15
3dd9e578dace13af ,5319788372853954 ,0.022460938 ,0.6836548 ,-0.36364746 ,3 ,Acc ,15
3dd9e578dace13af ,5319788473734839 ,-0.0018310547 ,0.71221924 ,-0.3223877 ,3 ,Acc ,15
3dd9e578dace13af ,5319788591259579 ,-0.074279785 ,0.7515259 ,-0.2833252 ,3 ,Acc ,15
3dd9e578dace13af ,5319788709693016 ,-0.118652344 ,0.7825928 ,-0.23999023 ,3 ,Acc ,15
3dd9e578dace13af ,5319788831079370 ,-0.15252686 ,0.765625 ,-0.32922363 ,3 ,Acc ,15
3dd9e578dace13af ,5319788931061610 ,-0.119140625 ,0.7304077 ,-0.40118408 ,3 ,Acc ,15
3dd9e578dace13af ,5319789031652964 ,-0.08013916 ,0.6828003 ,-0.45892334 ,3 ,Acc ,15
3dd9e578dace13af ,5319789150969266 ,-0.014587402 ,0.64263916 ,-0.45013428 ,3 ,Acc ,15
3dd9e578dace13af ,5319789253797287 ,0.045043945 ,0.66381836 ,-0.4024048 ,3 ,Acc ,15
3dd9e578dace13af ,5319789354137495 ,0.0037841797 ,0.67559814 ,-0.4169922 ,3 ,Acc ,15
3dd9e578dace13af ,5319789474698224 ,-0.043273926 ,0.7279053 ,-0.35333252 ,3 ,Acc ,15
3dd9e578dace13af ,5319789593418172 ,-0.11419678 ,0.7764282 ,-0.2796631 ,3 ,Acc ,15
3dd9e578dace13af ,5319789711088433 ,-0.14056396 ,0.7871704 ,-0.2886963 ,3 ,Acc ,15
3dd9e578dace13af ,5319789812547964 ,-0.14257813 ,0.7526245 ,-0.37695313 ,3 ,Acc ,15
3dd9e578dace13af ,5319789912642183 ,-0.099975586 ,0.70684814 ,-0.4519043 ,3 ,Acc ,15
3dd9e578dace13af ,5319790012283432 ,-0.049926758 ,0.66278076 ,-0.49035645 ,3 ,Acc ,15
3dd9e578dace13af ,5319790129873589 ,0.024169922 ,0.65740967 ,-0.44665527 ,3 ,Acc ,15
3dd9e578dace13af ,5319790232656453 ,0.006591797 ,0.67596436 ,-0.4282837 ,3 ,Acc ,15
3dd9e578dace13af ,5319790335491766 ,-0.037902832 ,0.6976929 ,-0.4109497 ,3 ,Acc ,15
3dd9e578dace13af ,5319790436766089 ,-0.07757568 ,0.7406006 ,-0.35253906 ,3 ,Acc ,15
3dd9e578dace13af ,5319790554653849 ,-0.17095947 ,0.76934814 ,-0.31463623 ,3 ,Acc ,15
3dd9e578dace13af ,5319790674792755 ,-0.18261719 ,0.7715454 ,-0.3274536 ,3 ,Acc ,15
3dd9e578dace13af ,5319790796226036 ,-0.1428833 ,0.7253418 ,-0.4136963 ,3 ,Acc ,15
3dd9e578dace13af ,5319790896029838 ,-0.069885254 ,0.68151855 ,-0.4607544 ,3 ,Acc ,15
3dd9e578dace13af ,5319790996111245 ,-0.0078125 ,0.63775635 ,-0.49053955 ,3 ,Acc ,15
3dd9e578dace13af ,5319791051044161 ,7.345764 ,-6.1782837 ,2.0096588 ,0 ,Acc ,9
3dd9e578dace13af ,5319791110643432 ,0.0501709 ,0.64160156 ,-0.4364624 ,3 ,Acc ,15
3dd9e578dace13af ,5319791149410255 ,0.50094604 ,3.0235138 ,1.5575714 ,0 ,Acc ,10
3dd9e578dace13af ,5319791212732755 ,0.0010986328 ,0.6705322 ,-0.42462158 ,3 ,Acc ,15
3dd9e578dace13af ,5319791316501817 ,-0.061828613 ,0.7007446 ,-0.4136963 ,3 ,Acc ,15
3dd9e578dace13af ,5319791431805255 ,-0.120788574 ,0.75775146 ,-0.33233643 ,3 ,Acc ,15
3dd9e578dace13af ,5319791536723119 ,-0.16400146 ,0.7869873 ,-0.29058838 ,3 ,Acc ,15
3dd9e578dace13af ,5319791638039838 ,-0.15563965 ,0.78430176 ,-0.30706787 ,3 ,Acc ,15
3dd9e578dace13af ,5319791751477807 ,-0.11114502 ,0.7366333 ,-0.39031982 ,3 ,Acc ,15
3dd9e578dace13af ,5319791856570255 ,-0.02746582 ,0.68896484 ,-0.44189453 ,3 ,Acc ,15
3dd9e578dace13af ,5319791958007598 ,0.033325195 ,0.647583 ,-0.4477539 ,3 ,Acc ,15
3dd9e578dace13af ,5319792074223380 ,0.074645996 ,0.64941406 ,-0.40759277 ,3 ,Acc ,15
3dd9e578dace13af ,5319792174933588 ,0.0045776367 ,0.6715698 ,-0.41400146 ,3 ,Acc ,15
3dd9e578dace13af ,5319792277730932 ,-0.044067383 ,0.7095947 ,-0.37860107 ,3 ,Acc ,15
3dd9e578dace13af ,5319792395924734 ,-0.1015625 ,0.7606201 ,-0.3012085 ,3 ,Acc ,15
3dd9e578dace13af ,5319792497310775 ,-0.12408447 ,0.78686523 ,-0.2633667 ,3 ,Acc ,15
3dd9e578dace13af ,5319792598109577 ,-0.1159668 ,0.77911377 ,-0.29986572 ,3 ,Acc ,15
3dd9e578dace13af ,5319792718360515 ,-0.06817627 ,0.7266846 ,-0.3935547 ,3 ,Acc ,15
3dd9e578dace13af ,5319792835012390 ,-0.005432129 ,0.66656494 ,-0.4675293 ,3 ,Acc ,15
3dd9e578dace13af ,5319792958488952 ,0.046142578 ,0.63897705 ,-0.45812988 ,3 ,Acc ,15
3dd9e578dace13af ,5319793057947598 ,0.051757813 ,0.66656494 ,-0.4133911 ,3 ,Acc ,15
3dd9e578dace13af ,5319793177598952 ,-0.044189453 ,0.6873779 ,-0.43206787 ,3 ,Acc ,15
3dd9e578dace13af ,5319793278966244 ,-0.09124756 ,0.7262573 ,-0.38848877 ,3 ,Acc ,15
3dd9e578dace13af ,5319793396599837 ,-0.1564331 ,0.76452637 ,-0.33081055 ,3 ,Acc ,15
3dd9e578dace13af ,5319793513277962 ,-0.1774292 ,0.7689209 ,-0.33868408 ,3 ,Acc ,15
3dd9e578dace13af ,5319793615188483 ,-0.15771484 ,0.73498535 ,-0.41253662 ,3 ,Acc ,15
3dd9e578dace13af ,5319793718534733 ,-0.061645508 ,0.70269775 ,-0.45062256 ,3 ,Acc ,15
3dd9e578dace13af ,5319793818777546 ,0.018859863 ,0.6595459 ,-0.5001831 ,3 ,Acc ,15
3dd9e578dace13af ,5319793919540931 ,0.0657959 ,0.63409424 ,-0.49926758 ,3 ,Acc ,15
3dd9e578dace13af ,5319794040660046 ,0.06225586 ,0.6623535 ,-0.43273926 ,3 ,Acc ,15
3dd9e578dace13af ,5319794053376400 ,7.5366364 ,-6.1946564 ,0.99780273 ,0 ,Acc ,9
3dd9e578dace13af ,5319794155052493 ,-0.043701172 ,0.69036865 ,-0.42181396 ,3 ,Acc ,15
3dd9e578dace13af ,5319794153891504 ,-1.4870911 ,2.7245483 ,2.1968994 ,0 ,Acc ,10
3dd9e578dace13af ,5319794279928275 ,-0.11071777 ,0.7408447 ,-0.35491943 ,3 ,Acc ,15
3dd9e578dace13af ,5319794378811608 ,-0.16455078 ,0.76831055 ,-0.31555176 ,3 ,Acc ,15
3dd9e578dace13af ,5319794497572754 ,-0.15039063 ,0.7731323 ,-0.31970215 ,3 ,Acc ,15
3dd9e578dace13af ,5319794599010097 ,-0.124572754 ,0.7338257 ,-0.39733887 ,3 ,Acc ,15
3dd9e578dace13af ,5319794699726087 ,-0.043273926 ,0.6933594 ,-0.45794678 ,3 ,Acc ,15
3dd9e578dace13af ,5319794818989629 ,0.039611816 ,0.64404297 ,-0.4944458 ,3 ,Acc ,15
3dd9e578dace13af ,5319794939956295 ,0.103515625 ,0.6563721 ,-0.43096924 ,3 ,Acc ,15
3dd9e578dace13af ,5319795057742910 ,0.013000488 ,0.6854248 ,-0.42993164 ,3 ,Acc ,15
3dd9e578dace13af ,5319795158527701 ,-0.049072266 ,0.72003174 ,-0.39086914 ,3 ,Acc ,15
3dd9e578dace13af ,5319795260307180 ,-0.11236572 ,0.75842285 ,-0.31878662 ,3 ,Acc ,15
3dd9e578dace13af ,5319795361160878 ,-0.15930176 ,0.7783203 ,-0.28533936 ,3 ,Acc ,15
3dd9e578dace13af ,5319795460542493 ,-0.14263916 ,0.776062 ,-0.31622314 ,3 ,Acc ,15
3dd9e578dace13af ,5319795575939368 ,-0.08544922 ,0.7305908 ,-0.40307617 ,3 ,Acc ,15
3dd9e578dace13af ,5319795681529837 ,0.008972168 ,0.69018555 ,-0.44970703 ,3 ,Acc ,15
3dd9e578dace13af ,5319795781049472 ,0.03930664 ,0.62597656 ,-0.50701904 ,3 ,Acc ,15
3dd9e578dace13af ,5319795896394576 ,0.08355713 ,0.63690186 ,-0.4602661 ,3 ,Acc ,15
3dd9e578dace13af ,5319795997249368 ,0.019958496 ,0.6675415 ,-0.4446411 ,3 ,Acc ,15
3dd9e578dace13af ,5319796099478118 ,-0.064453125 ,0.69177246 ,-0.43798828 ,3 ,Acc ,15
3dd9e578dace13af ,5319796200767493 ,-0.13830566 ,0.72442627 ,-0.3977661 ,3 ,Acc ,15
3dd9e578dace13af ,5319796316383013 ,-0.16949463 ,0.7642822 ,-0.3326416 ,3 ,Acc ,15
3dd9e578dace13af ,5319796415793274 ,-0.14855957 ,0.7626953 ,-0.34973145 ,3 ,Acc ,15
3dd9e578dace13af ,5319796516488482 ,-0.12451172 ,0.7207031 ,-0.42700195 ,3 ,Acc ,15
3dd9e578dace13af ,5319796616034003 ,-0.050109863 ,0.6875 ,-0.4744873 ,3 ,Acc ,15
3dd9e578dace13af ,5319796716677961 ,-0.015258789 ,0.64764404 ,-0.5101929 ,3 ,Acc ,15
3dd9e578dace13af ,5319796819254680 ,0.033691406 ,0.65478516 ,-0.46069336 ,3 ,Acc ,15
3dd9e578dace13af ,5319796922789992 ,0.017700195 ,0.6814575 ,-0.42919922 ,3 ,Acc ,15
3dd9e578dace13af ,5319797042901138 ,-0.04840088 ,0.7056885 ,-0.4116211 ,3 ,Acc ,15
3dd9e578dace13af ,5319797056222753 ,8.432877 ,-5.00029 ,-0.23225403 ,0 ,Acc ,9
3dd9e578dace13af ,5319797160515305 ,-0.109375 ,0.74334717 ,-0.34881592 ,3 ,Acc ,15
3dd9e578dace13af ,5319797156881242 ,-0.50546265 ,-0.62654114 ,5.1528473 ,0 ,Acc ,10
3dd9e578dace13af ,5319797261904784 ,-0.14831543 ,0.76464844 ,-0.30664063 ,3 ,Acc ,15
3dd9e578dace13af ,5319797377886398 ,-0.14361572 ,0.7652588 ,-0.33007813 ,3 ,Acc ,15
3dd9e578dace13af ,5319797480934784 ,-0.11602783 ,0.72698975 ,-0.4055786 ,3 ,Acc ,15
3dd9e578dace13af ,5319797582818013 ,-0.037231445 ,0.69592285 ,-0.453125 ,3 ,Acc ,15
3dd9e578dace13af ,5319797683736919 ,-0.0048828125 ,0.6491699 ,-0.50097656 ,3 ,Acc ,15
3dd9e578dace13af ,5319797797856607 ,0.05706787 ,0.65270996 ,-0.4500122 ,3 ,Acc ,15
3dd9e578dace13af ,5319797898446242 ,0.009765625 ,0.67803955 ,-0.4437256 ,3 ,Acc ,15
3dd9e578dace13af ,5319798004253117 ,-0.0625 ,0.6921997 ,-0.45233154 ,3 ,Acc ,15
3dd9e578dace13af ,5319798120322596 ,-0.10827637 ,0.739624 ,-0.38537598 ,3 ,Acc ,15
3dd9e578dace13af ,5319798219773481 ,-0.12445068 ,0.77178955 ,-0.3433838 ,3 ,Acc ,15
3dd9e578dace13af ,5319798324362283 ,-0.11975098 ,0.7661133 ,-0.36523438 ,3 ,Acc ,15
3dd9e578dace13af ,5319798423786242 ,-0.08868408 ,0.7319946 ,-0.4212036 ,3 ,Acc ,15
3dd9e578dace13af ,5319798524531138 ,-0.0357666 ,0.69555664 ,-0.4743042 ,3 ,Acc ,15
3dd9e578dace13af ,5319798642282388 ,-0.008605957 ,0.64593506 ,-0.5218506 ,3 ,Acc ,15
3dd9e578dace13af ,5319798744042335 ,0.040283203 ,0.65856934 ,-0.4656372 ,3 ,Acc ,15
3dd9e578dace13af ,5319798845838794 ,0.028503418 ,0.6867676 ,-0.42669678 ,3 ,Acc ,15
3dd9e578dace13af ,5319798959524627 ,-0.012451172 ,0.7128906 ,-0.40252686 ,3 ,Acc ,15
3dd9e578dace13af ,5319799060867908 ,-0.038879395 ,0.7515869 ,-0.32763672 ,3 ,Acc ,15
3dd9e578dace13af ,5319799165240773 ,-0.048034668 ,0.78497314 ,-0.25952148 ,3 ,Acc ,15
3dd9e578dace13af ,5319799264632439 ,-0.07055664 ,0.7852173 ,-0.2814331 ,3 ,Acc ,15
3dd9e578dace13af ,5319799365573794 ,-0.052612305 ,0.7467041 ,-0.35253906 ,3 ,Acc ,15
3dd9e578dace13af ,5319799482645512 ,0.040100098 ,0.6932373 ,-0.41644287 ,3 ,Acc ,15
3dd9e578dace13af ,5319799582562283 ,0.07543945 ,0.6467285 ,-0.46240234 ,3 ,Acc ,15
3dd9e578dace13af ,5319799685795773 ,0.07281494 ,0.62597656 ,-0.449646 ,3 ,Acc ,15
3dd9e578dace13af ,5319799806419470 ,0.078125 ,0.6516113 ,-0.3982544 ,3 ,Acc ,15
3dd9e578dace13af ,5319799922288272 ,0.023254395 ,0.68914795 ,-0.38250732 ,3 ,Acc ,15
3dd9e578dace13af ,5319800047185616 ,0.007751465 ,0.74298096 ,-0.29742432 ,3 ,Acc ,15
3dd9e578dace13af ,5319800059476033 ,8.756241 ,-4.231186 ,-1.2631683 ,0 ,Acc ,9
3dd9e578dace13af ,5319800163836658 ,-0.0256958 ,0.7792969 ,-0.25463867 ,3 ,Acc ,15
3dd9e578dace13af ,5319800162311866 ,4.2076874 ,-4.14299 ,7.724518 ,0 ,Acc ,10
3dd9e578dace13af ,5319800264198741 ,-0.056884766 ,0.7666626 ,-0.29925537 ,3 ,Acc ,15
3dd9e578dace13af ,5319800366536189 ,-0.03643799 ,0.7270508 ,-0.36950684 ,3 ,Acc ,15
3dd9e578dace13af ,5319800482680512 ,0.019165039 ,0.67108154 ,-0.44519043 ,3 ,Acc ,15
3dd9e578dace13af ,5319800583570043 ,0.05810547 ,0.6355591 ,-0.46099854 ,3 ,Acc ,15
3dd9e578dace13af ,5319801022896814 ,-0.019897461 ,0.75201416 ,-0.26531982 ,3 ,Acc ,15
3dd9e578dace13af ,5319801126609262 ,-0.09307861 ,0.7630615 ,-0.28631592 ,3 ,Acc ,15
3dd9e578dace13af ,5319801242480095 ,-0.121276855 ,0.7398071 ,-0.35028076 ,3 ,Acc ,15
3dd9e578dace13af ,5319801346768636 ,-0.08929443 ,0.70648193 ,-0.3932495 ,3 ,Acc ,15
3dd9e578dace13af ,5319801447099782 ,-0.042114258 ,0.66516113 ,-0.43981934 ,3 ,Acc ,15
3dd9e578dace13af ,5319801561932491 ,-0.030151367 ,0.5988159 ,-0.5126343 ,3 ,Acc ,15
3dd9e578dace13af ,5319801663384938 ,-0.0014038086 ,0.59802246 ,-0.5018921 ,3 ,Acc ,15
3dd9e578dace13af ,5319801767910199 ,-0.043640137 ,0.5987549 ,-0.56866455 ,3 ,Acc ,15
3dd9e578dace13af ,5319801888149313 ,-0.15991211 ,0.55529785 ,-0.6791382 ,3 ,Acc ,15
3dd9e578dace13af ,5319802005556813 ,-0.26483154 ,0.522583 ,-0.7406006 ,3 ,Acc ,15
3dd9e578dace13af ,5319802107711813 ,-0.34942627 ,0.44085693 ,-0.803772 ,3 ,Acc ,15
3dd9e578dace13af ,5319802208215720 ,-0.39819336 ,0.41326904 ,-0.809021 ,3 ,Acc ,15
3dd9e578dace13af ,5319802323980563 ,-0.43688965 ,0.35351563 ,-0.8232422 ,3 ,Acc ,15
3dd9e578dace13af ,5319802428024001 ,-0.4517212 ,0.30792236 ,-0.83703613 ,3 ,Acc ,15
3dd9e578dace13af ,5319802527947438 ,-0.4543457 ,0.21508789 ,-0.86120605 ,3 ,Acc ,15
3dd9e578dace13af ,5319802627593063 ,-0.43847656 ,0.18261719 ,-0.86260986 ,3 ,Acc ,15
3dd9e578dace13af ,5319802746306813 ,-0.42773438 ,0.117492676 ,-0.8527832 ,3 ,Acc ,15
3dd9e578dace13af ,5319802850204105 ,-0.4251709 ,-0.034057617 ,-0.8434448 ,3 ,Acc ,15
3dd9e578dace13af ,5319802966929521 ,-0.44195557 ,-0.14978027 ,-0.819397 ,3 ,Acc ,15
3dd9e578dace13af ,5319803062559678 ,8.569794 ,0.3686676 ,4.7532043 ,0 ,Acc ,9
3dd9e578dace13af ,5319803083643375 ,-0.4666748 ,-0.21826172 ,-0.7953491 ,3 ,Acc ,15
3dd9e578dace13af ,5319803165924625 ,-0.62283325 ,-3.9782257 ,0.17523193 ,0 ,Acc ,10
3dd9e578dace13af ,5319803183712021 ,-0.52783203 ,-0.070251465 ,-0.73760986 ,3 ,Acc ,15
3dd9e578dace13af ,5319803287465511 ,-0.5389404 ,-0.064208984 ,-0.72943115 ,3 ,Acc ,15
3dd9e578dace13af ,5319803404599521 ,-0.51660156 ,-0.03302002 ,-0.71936035 ,3 ,Acc ,15
3dd9e578dace13af ,5319803529246292 ,-0.44604492 ,0.04888916 ,-0.71868896 ,3 ,Acc ,15
3dd9e578dace13af ,5319803646254938 ,-0.38134766 ,0.12487793 ,-0.70251465 ,3 ,Acc ,15
3dd9e578dace13af ,5319803747341136 ,-0.34838867 ,0.11151123 ,-0.69885254 ,3 ,Acc ,15
3dd9e578dace13af ,5319803851258427 ,-0.38537598 ,0.09350586 ,-0.72406006 ,3 ,Acc ,15
3dd9e578dace13af ,5319803970111813 ,-0.4484253 ,0.009765625 ,-0.74401855 ,3 ,Acc ,15
3dd9e578dace13af ,5319804069864365 ,-0.48162842 ,-0.024047852 ,-0.74316406 ,3 ,Acc ,15
3dd9e578dace13af ,5319804188651552 ,-0.54833984 ,0.014221191 ,-0.74853516 ,3 ,Acc ,15
3dd9e578dace13af ,5319804290017021 ,-0.5703125 ,0.016235352 ,-0.74365234 ,3 ,Acc ,15
3dd9e578dace13af ,5319804390214729 ,-0.5543213 ,0.028442383 ,-0.7373657 ,3 ,Acc ,15
3dd9e578dace13af ,5319804510279312 ,-0.49224854 ,0.045715332 ,-0.73828125 ,3 ,Acc ,15
3dd9e578dace13af ,5319804611074417 ,-0.4342041 ,0.060058594 ,-0.72650146 ,3 ,Acc ,15
3dd9e578dace13af ,5319804729407854 ,-0.39990234 ,0.10192871 ,-0.7404175 ,3 ,Acc ,15
3dd9e578dace13af ,5319804830701083 ,-0.43341064 ,0.11212158 ,-0.76031494 ,3 ,Acc ,15
3dd9e578dace13af ,5319804931411760 ,-0.43780518 ,0.009216309 ,-0.7557373 ,3 ,Acc ,15
3dd9e578dace13af ,5319805030923791 ,-0.47027588 ,-0.0029907227 ,-0.7597656 ,3 ,Acc ,15
3dd9e578dace13af ,5319805150335406 ,-0.52368164 ,-0.015014648 ,-0.7558594 ,3 ,Acc ,15
3dd9e578dace13af ,5319805252736395 ,-0.5489502 ,-0.042541504 ,-0.7434082 ,3 ,Acc ,15
3dd9e578dace13af ,5319805368581916 ,-0.5042114 ,-0.068725586 ,-0.7284546 ,3 ,Acc ,15
3dd9e578dace13af ,5319805468584208 ,-0.45306396 ,-7.324219E-4 ,-0.73223877 ,3 ,Acc ,15
3dd9e578dace13af ,5319805572592593 ,-0.4109497 ,0.06890869 ,-0.7199707 ,3 ,Acc ,15
3dd9e578dace13af ,5319805687735197 ,-0.395813 ,0.11853027 ,-0.7401123 ,3 ,Acc ,15
3dd9e578dace13af ,5319805812856499 ,-0.42700195 ,0.04724121 ,-0.7601929 ,3 ,Acc ,15
3dd9e578dace13af ,5319805933067489 ,-0.4510498 ,-0.035583496 ,-0.7491455 ,3 ,Acc ,15
3dd9e578dace13af ,5319806052380926 ,-0.50476074 ,-0.05340576 ,-0.74432373 ,3 ,Acc ,15
3dd9e578dace13af ,5319806066034051 ,7.97583 ,-3.368164 ,4.6056366 ,0 ,Acc ,9
3dd9e578dace13af ,5319806167420041 ,-0.52856445 ,-0.12249756 ,-0.7282715 ,3 ,Acc ,15
3dd9e578dace13af ,5319806185138166 ,7.541916 ,-3.1767273 ,1.9119568 ,0 ,Acc ,10
3dd9e578dace13af ,5319806269264051 ,-0.48895264 ,-0.128479 ,-0.71569824 ,3 ,Acc ,15
3dd9e578dace13af ,5319806389422489 ,-0.42736816 ,-0.028442383 ,-0.71990967 ,3 ,Acc ,15
3dd9e578dace13af ,5319806493186707 ,-0.3894043 ,0.057739258 ,-0.7112427 ,3 ,Acc ,15
3dd9e578dace13af ,5319806613639572 ,-0.37121582 ,0.1305542 ,-0.7298584 ,3 ,Acc ,15
3dd9e578dace13af ,5319806733891864 ,-0.43499756 ,0.0947876 ,-0.75878906 ,3 ,Acc ,15
3dd9e578dace13af ,5319806850286291 ,-0.43707275 ,-0.06933594 ,-0.7394409 ,3 ,Acc ,15
3dd9e578dace13af ,5319806950697801 ,-0.5027466 ,-0.058288574 ,-0.73864746 ,3 ,Acc ,15
3dd9e578dace13af ,5319807070192697 ,-0.55322266 ,-0.09790039 ,-0.7305908 ,3 ,Acc ,15
3dd9e578dace13af ,5319807172732176 ,-0.5359497 ,-0.101257324 ,-0.7159424 ,3 ,Acc ,15
3dd9e578dace13af ,5319807294335353 ,-0.46264648 ,-0.011047363 ,-0.73254395 ,3 ,Acc ,15
3dd9e578dace13af ,5319807410903895 ,-0.38708496 ,0.09350586 ,-0.7180786 ,3 ,Acc ,15
3dd9e578dace13af ,5319807511002592 ,-0.3477173 ,0.16577148 ,-0.7225342 ,3 ,Acc ,15
3dd9e578dace13af ,5319807614408270 ,-0.42248535 ,0.22424316 ,-0.7367554 ,3 ,Acc ,15
3dd9e578dace13af ,5319807713788269 ,-0.46917725 ,0.07354736 ,-0.74871826 ,3 ,Acc ,15
3dd9e578dace13af ,5319807833924936 ,-0.5282593 ,-0.024780273 ,-0.7371216 ,3 ,Acc ,15
3dd9e578dace13af ,5319807934807176 ,-0.5872803 ,-0.038269043 ,-0.73535156 ,3 ,Acc ,15
3dd9e578dace13af ,5319808053650926 ,-0.5730591 ,-0.07574463 ,-0.71984863 ,3 ,Acc ,15
3dd9e578dace13af ,5319808169447488 ,-0.48968506 ,-0.0256958 ,-0.7102661 ,3 ,Acc ,15
3dd9e578dace13af ,5319808270118478 ,-0.42248535 ,0.04449463 ,-0.69592285 ,3 ,Acc ,15
3dd9e578dace13af ,5319808374368269 ,-0.36206055 ,0.08502197 ,-0.7019043 ,3 ,Acc ,15
3dd9e578dace13af ,5319808474556082 ,-0.38146973 ,0.1541748 ,-0.7269287 ,3 ,Acc ,15
3dd9e578dace13af ,5319808589857488 ,-0.42321777 ,0.020324707 ,-0.7303467 ,3 ,Acc ,15
3dd9e578dace13af ,5319808692573269 ,-0.46374512 ,-0.02319336 ,-0.72613525 ,3 ,Acc ,15
3dd9e578dace13af ,5319808793968321 ,-0.5216675 ,-0.024108887 ,-0.72821045 ,3 ,Acc ,15
3dd9e578dace13af ,5319808912551446 ,-0.5605469 ,0.0015258789 ,-0.72979736 ,3 ,Acc ,15
3dd9e578dace13af ,5319809032683061 ,-0.5081787 ,0.013793945 ,-0.7272339 ,3 ,Acc ,15
3dd9e578dace13af ,5319809071504415 ,6.549591 ,-5.1616516 ,5.1604614 ,0 ,Acc ,9
3dd9e578dace13af ,5319809152082279 ,-0.44726563 ,0.076416016 ,-0.7114868 ,3 ,Acc ,15
3dd9e578dace13af ,5319809189429311 ,1.0627441 ,3.1588745 ,-5.8162994 ,0 ,Acc ,10
3dd9e578dace13af ,5319809252345925 ,-0.39385986 ,0.074157715 ,-0.7102051 ,3 ,Acc ,15
3dd9e578dace13af ,5319809354301342 ,-0.39416504 ,0.107666016 ,-0.7351074 ,3 ,Acc ,15
3dd9e578dace13af ,5319809455923790 ,-0.44000244 ,0.09161377 ,-0.7495117 ,3 ,Acc ,15
3dd9e578dace13af ,5319809572704363 ,-0.46203613 ,-0.04095459 ,-0.7290039 ,3 ,Acc ,15
3dd9e578dace13af ,5319809675974415 ,-0.5024414 ,-0.077697754 ,-0.71728516 ,3 ,Acc ,15
3dd9e578dace13af ,5319809776776081 ,-0.5446167 ,-0.08911133 ,-0.7178345 ,3 ,Acc ,15
3dd9e578dace13af ,5319809893091758 ,-0.5344238 ,-0.09259033 ,-0.7168579 ,3 ,Acc ,15
3dd9e578dace13af ,5319809993865873 ,-0.4685669 ,-0.060424805 ,-0.7215576 ,3 ,Acc ,15
3dd9e578dace13af ,5319810113824987 ,-0.39196777 ,0.032226563 ,-0.7200928 ,3 ,Acc ,15
3dd9e578dace13af ,5319810217040508 ,-0.3397827 ,0.09466553 ,-0.7166748 ,3 ,Acc ,15
3dd9e578dace13af ,5319810331486289 ,-0.37475586 ,0.18621826 ,-0.73327637 ,3 ,Acc ,15
3dd9e578dace13af ,5319810431918581 ,-0.4362793 ,0.119140625 ,-0.7462158 ,3 ,Acc ,15
3dd9e578dace13af ,5319810537491393 ,-0.472229 ,0.008178711 ,-0.74298096 ,3 ,Acc ,15
3dd9e578dace13af ,5319810655093112 ,-0.5315552 ,-0.044799805 ,-0.73376465 ,3 ,Acc ,15
3dd9e578dace13af ,5319810757044154 ,-0.5609131 ,-0.047058105 ,-0.72869873 ,3 ,Acc ,15
3dd9e578dace13af ,5319810875814831 ,-0.5213623 ,-0.057128906 ,-0.7163696 ,3 ,Acc ,15
3dd9e578dace13af ,5319810996027852 ,-0.45300293 ,0.015625 ,-0.7139282 ,3 ,Acc ,15
3dd9e578dace13af ,5319811097835091 ,-0.3935547 ,0.06738281 ,-0.6968994 ,3 ,Acc ,15
3dd9e578dace13af ,5319811217764049 ,-0.362854 ,0.12408447 ,-0.7161255 ,3 ,Acc ,15
3dd9e578dace13af ,5319811317705456 ,-0.41534424 ,0.13012695 ,-0.7312012 ,3 ,Acc ,15
3dd9e578dace13af ,5319811418479466 ,-0.43389893 ,0.010559082 ,-0.7352905 ,3 ,Acc ,15
3dd9e578dace13af ,5319811517921549 ,-0.4734497 ,-0.053588867 ,-0.7357178 ,3 ,Acc ,15
3dd9e578dace13af ,5319811636369153 ,-0.5241699 ,-0.09680176 ,-0.7302246 ,3 ,Acc ,15
3dd9e578dace13af ,5319811738781080 ,-0.5177002 ,-0.09564209 ,-0.72869873 ,3 ,Acc ,15
3dd9e578dace13af ,5319811858779987 ,-0.4588623 ,-0.041503906 ,-0.7246094 ,3 ,Acc ,15
3dd9e578dace13af ,5319811974684518 ,-0.40942383 ,0.05419922 ,-0.7010498 ,3 ,Acc ,15
3dd9e578dace13af ,5319812071996549 ,4.0354156 ,-5.8660583 ,6.743515 ,0 ,Acc ,9
3dd9e578dace13af ,5319812095144414 ,-0.37841797 ,0.11639404 ,-0.7102661 ,3 ,Acc ,15
3dd9e578dace13af ,5319812196428007 ,-0.40997314 ,0.12762451 ,-0.74121094 ,3 ,Acc ,15
3dd9e578dace13af ,5319812195184987 ,5.0008698 ,1.7482147 ,-3.2262878 ,0 ,Acc ,10
3dd9e578dace13af ,5319812317983893 ,-0.41870117 ,-0.026916504 ,-0.74224854 ,3 ,Acc ,15
3dd9e578dace13af ,5319812419654257 ,-0.45892334 ,-0.06689453 ,-0.73864746 ,3 ,Acc ,15
3dd9e578dace13af ,5319812537451288 ,-0.5090332 ,-0.092285156 ,-0.73620605 ,3 ,Acc ,15
3dd9e578dace13af ,5319812654868945 ,-0.517334 ,-0.0947876 ,-0.72717285 ,3 ,Acc ,15
3dd9e578dace13af ,5319812758372643 ,-0.46850586 ,-0.076416016 ,-0.7194214 ,3 ,Acc ,15
3dd9e578dace13af ,5319812861043945 ,-0.4212036 ,0.0028076172 ,-0.7088623 ,3 ,Acc ,15
3dd9e578dace13af ,5319812974257851 ,-0.3649292 ,0.06781006 ,-0.6831665 ,3 ,Acc ,15
3dd9e578dace13af ,5319813097953580 ,-0.36730957 ,0.12506104 ,-0.7080078 ,3 ,Acc ,15
3dd9e578dace13af ,5319813218834726 ,-0.41906738 ,0.051452637 ,-0.734375 ,3 ,Acc ,15
3dd9e578dace13af ,5319813319916913 ,-0.43634033 ,-0.035339355 ,-0.7402954 ,3 ,Acc ,15
3dd9e578dace13af ,5319813420229569 ,-0.4790039 ,-0.062561035 ,-0.7411499 ,3 ,Acc ,15
3dd9e578dace13af ,5319813540982226 ,-0.5172119 ,-0.0847168 ,-0.73968506 ,3 ,Acc ,15
3dd9e578dace13af ,5319813661871132 ,-0.48754883 ,-0.09338379 ,-0.7207031 ,3 ,Acc ,15
3dd9e578dace13af ,5319813777729830 ,-0.41766357 ,-0.031433105 ,-0.713501 ,3 ,Acc ,15
3dd9e578dace13af ,5319813878358840 ,-0.3642578 ,0.037719727 ,-0.6990967 ,3 ,Acc ,15
3dd9e578dace13af ,5319813981141340 ,-0.33093262 ,0.08380127 ,-0.70336914 ,3 ,Acc ,15
3dd9e578dace13af ,5319814080704413 ,-0.36621094 ,0.119018555 ,-0.723938 ,3 ,Acc ,15
3dd9e578dace13af ,5319814181562069 ,-0.39953613 ,0.046691895 ,-0.73883057 ,3 ,Acc ,15
3dd9e578dace13af ,5319814298842225 ,-0.4421997 ,-0.0036010742 ,-0.756897 ,3 ,Acc ,15
3dd9e578dace13af ,5319814401065507 ,-0.48388672 ,-0.030761719 ,-0.7657471 ,3 ,Acc ,15
3dd9e578dace13af ,5319814501867642 ,-0.50946045 ,-0.032836914 ,-0.76538086 ,3 ,Acc ,15
3dd9e578dace13af ,5319814616875298 ,-0.4807129 ,-0.05065918 ,-0.73638916 ,3 ,Acc ,15
3dd9e578dace13af ,5319814721357642 ,-0.42425537 ,-0.011962891 ,-0.7250366 ,3 ,Acc ,15
3dd9e578dace13af ,5319814822226288 ,-0.37719727 ,0.042907715 ,-0.7015381 ,3 ,Acc ,15
3dd9e578dace13af ,5319814936217746 ,-0.34881592 ,0.13226318 ,-0.6888428 ,3 ,Acc ,15
3dd9e578dace13af ,5319815019056235 ,5.628235 ,3.1022186 ,-3.6780853 ,0 ,Acc ,10
3dd9e578dace13af ,5319815078717225 ,3.654602 ,-6.681122 ,6.178726 ,0 ,Acc ,9
3dd9e578dace13af ,5319815135438944 ,2.1107788 ,3.8059387 ,-5.29068 ,0 ,Acc ,10
3dd9e578dace13af ,5319815238702433 ,-0.5888519 ,1.4520721 ,-2.6539001 ,0 ,Acc ,10
3dd9e578dace13af ,5319815355237017 ,1.7172089 ,-3.0857086 ,-0.2999878 ,0 ,Acc ,10
3dd9e578dace13af ,5319815459231548 ,6.0104065 ,-1.8321228 ,1.8534546 ,0 ,Acc ,10
3dd9e578dace13af ,5319815577136027 ,5.3269043 ,0.041793823 ,-1.679306 ,0 ,Acc ,10
3dd9e578dace13af ,5319815699867746 ,1.2593842 ,3.098755 ,-4.5695953 ,0 ,Acc ,10
3dd9e578dace13af ,5319815799690714 ,4.3457794 ,3.098877 ,-6.485321 ,0 ,Acc ,10
3dd9e578dace13af ,5319815919802693 ,8.891327 ,3.0170746 ,-6.148163 ,0 ,Acc ,10
3dd9e578dace13af ,5319816039726860 ,5.00531 ,2.2015533 ,-2.6249847 ,0 ,Acc ,10
3dd9e578dace13af ,5319816140301131 ,0.16941833 ,2.7507782 ,-3.4607697 ,0 ,Acc ,10
3dd9e578dace13af ,5319816238681183 ,0.11680603 ,1.2076569 ,-1.7845612 ,0 ,Acc ,10
3dd9e578dace13af ,5319816359740714 ,4.836334 ,-1.2821198 ,0.9296112 ,0 ,Acc ,10
3dd9e578dace13af ,5319816461270766 ,1.3804779 ,-0.3703003 ,0.26408386 ,0 ,Acc ,10
3dd9e578dace13af ,5319816578157797 ,3.24411 ,1.2506561 ,-3.1163483 ,0 ,Acc ,10
3dd9e578dace13af ,5319816678138735 ,1.0283203 ,3.1728058 ,-4.8427124 ,0 ,Acc ,10
3dd9e578dace13af ,5319816780929568 ,4.4534454 ,3.2991486 ,-5.7306366 ,0 ,Acc ,10
3dd9e578dace13af ,5319816900118526 ,9.277222 ,3.0462189 ,-5.415985 ,0 ,Acc ,10
3dd9e578dace13af ,5319816998607068 ,4.0075836 ,2.498413 ,-1.5439758 ,0 ,Acc ,10
3dd9e578dace13af ,5319817100877589 ,0.3889923 ,3.422348 ,-3.6749573 ,0 ,Acc ,10
3dd9e578dace13af ,5319817219082016 ,1.026413 ,1.5164795 ,-1.1189575 ,0 ,Acc ,10
3dd9e578dace13af ,5319817341552693 ,5.386017 ,-1.1406708 ,1.6063538 ,0 ,Acc ,10
3dd9e578dace13af ,5319817462683787 ,2.7259216 ,0.2586975 ,0.20204163 ,0 ,Acc ,10
3dd9e578dace13af ,5319817561136599 ,2.6890259 ,2.5532227 ,-2.7859955 ,0 ,Acc ,10
3dd9e578dace13af ,5319817662956234 ,1.7014465 ,3.567688 ,-4.2124023 ,0 ,Acc ,10
3dd9e578dace13af ,5319817779386807 ,5.325348 ,3.7671661 ,-5.1137085 ,0 ,Acc ,10
3dd9e578dace13af ,5319817899616911 ,8.509369 ,2.6307983 ,-3.487793 ,0 ,Acc ,10
3dd9e578dace13af ,5319817942892068 ,-0.40509033 ,0.21832275 ,-0.7731323 ,3 ,Acc ,15
3dd9e578dace13af ,5319818021039203 ,4.158478 ,4.5003204 ,-3.21669 ,0 ,Acc ,10
3dd9e578dace13af ,5319818100584776 ,6.3542113 ,-0.9576807 ,1.8722657 ,3 ,Acc ,1
3dd9e578dace13af ,5319818138913526 ,1.2472076 ,4.5096893 ,-3.230957 ,0 ,Acc ,10
3dd9e578dace13af ,5319818238554568 ,1.90979 ,3.0933685 ,-0.8633728 ,0 ,Acc ,10
3dd9e578dace13af ,5319818343324932 ,6.4055786 ,0.024993896 ,2.2870178 ,0 ,Acc ,10
3dd9e578dace13af ,5319818459907901 ,3.6727448 ,0.12930298 ,3.7379303 ,0 ,Acc ,10
3dd9e578dace13af ,5319818561983213 ,0.6796417 ,3.3903656 ,0.96450806 ,0 ,Acc ,10
3dd9e578dace13af ,5319818663983630 ,1.842804 ,4.592087 ,-0.39515686 ,0 ,Acc ,10
3dd9e578dace13af ,5319818782353786 ,5.948471 ,4.707535 ,-0.36676025 ,0 ,Acc ,10
3dd9e578dace13af ,5319818901270765 ,6.163559 ,4.9914703 ,2.39859 ,0 ,Acc ,10
3dd9e578dace13af ,5319819003181182 ,3.0019836 ,5.8328705 ,1.3294373 ,0 ,Acc ,10
3dd9e578dace13af ,5319819103423109 ,1.0341339 ,2.1457367 ,2.860321 ,0 ,Acc ,10
3dd9e578dace13af ,5319819222678005 ,-0.09075928 ,1.3713989 ,3.6177368 ,0 ,Acc ,10
3dd9e578dace13af ,5319819322550557 ,2.512085 ,-3.9002228 ,5.563843 ,0 ,Acc ,10
3dd9e578dace13af ,5319819423801598 ,-0.46061707 ,-5.198822 ,6.432953 ,0 ,Acc ,10
3dd9e578dace13af ,5319819523250088 ,2.252472 ,-2.9156647 ,4.895584 ,0 ,Acc ,10
3dd9e578dace13af ,5319819642366234 ,-0.7117462 ,1.9500122 ,2.4350128 ,0 ,Acc ,10
3dd9e578dace13af ,5319819761137223 ,3.9121094 ,3.6463165 ,-0.62361145 ,0 ,Acc ,10
3dd9e578dace13af ,5319819863836234 ,8.37886 ,5.350357 ,-1.4541779 ,0 ,Acc ,10
3dd9e578dace13af ,5319819984368942 ,1.3728485 ,5.762085 ,1.3118439 ,0 ,Acc ,10
3dd9e578dace13af ,5319820104625661 ,-0.93222046 ,4.1284943 ,2.5721893 ,0 ,Acc ,10
3dd9e578dace13af ,5319820220897431 ,-1.0351105 ,1.7486877 ,4.045807 ,0 ,Acc ,10
3dd9e578dace13af ,5319820323895192 ,2.7248383 ,0.7549591 ,5.293091 ,0 ,Acc ,10
3dd9e578dace13af ,5319820443323317 ,1.3013 ,0.6060028 ,5.7523346 ,0 ,Acc ,10
3dd9e578dace13af ,5319820543727223 ,3.804596 ,2.837494 ,1.5965424 ,0 ,Acc ,10
3dd9e578dace13af ,5319820666142015 ,1.252655 ,4.082947 ,-0.87942505 ,0 ,Acc ,10
3dd9e578dace13af ,5319820781439358 ,-0.09591675 ,0.99476624 ,-0.40176392 ,0 ,Acc ,10
3dd9e578dace13af ,5319820881959150 ,4.304367 ,1.5385742 ,-1.0825806 ,0 ,Acc ,10
3dd9e578dace13af ,5319820947731702 ,-0.5430298 ,0.32244873 ,-0.767334 ,3 ,Acc ,15
3dd9e578dace13af ,5319820985376546 ,-2.22023 ,0.5237274 ,2.9568634 ,0 ,Acc ,10
3dd9e578dace13af ,5319821084628994 ,-1.7322235 ,1.0480194 ,1.9589081 ,0 ,Acc ,10
3dd9e578dace13af ,5319821104594619 ,6.8569937 ,-1.5897499 ,3.347094 ,3 ,Acc ,1
3dd9e578dace13af ,5319821201384462 ,-3.0194855 ,-1.7011414 ,3.978653 ,0 ,Acc ,10
3dd9e578dace13af ,5319821303671233 ,-0.7613373 ,-6.142334 ,6.5929413 ,0 ,Acc ,10
3dd9e578dace13af ,5319821425958421 ,2.4623718 ,-6.8567657 ,7.200882 ,0 ,Acc ,10
3dd9e578dace13af ,5319821542613837 ,1.2762299 ,-3.8445892 ,4.281723 ,0 ,Acc ,10
3dd9e578dace13af ,5319821641760868 ,-1.8099823 ,0.114868164 ,2.4294586 ,0 ,Acc ,10
3dd9e578dace13af ,5319821746267587 ,-1.8240814 ,2.0099945 ,0.9013214 ,0 ,Acc ,10
3dd9e578dace13af ,5319821863498004 ,2.4988556 ,1.8153381 ,-0.3530426 ,0 ,Acc ,10
3dd9e578dace13af ,5319821964573524 ,-0.1934967 ,-0.67607117 ,1.851593 ,0 ,Acc ,10
3dd9e578dace13af ,5319822067482535 ,0.5902405 ,-1.2349854 ,2.3058777 ,0 ,Acc ,10
3dd9e578dace13af ,5319822166144462 ,-2.468399 ,-2.6924896 ,2.9255676 ,0 ,Acc ,10
3dd9e578dace13af ,5319822282568993 ,-2.1375732 ,-8.823395 ,5.8908234 ,0 ,Acc ,10
3dd9e578dace13af ,5319822386732743 ,-4.1240845 ,-8.174332 ,6.349701 ,0 ,Acc ,10
3dd9e578dace13af ,5319822486506545 ,-2.1037903 ,-7.1974487 ,4.339859 ,0 ,Acc ,10
3dd9e578dace13af ,5319822586618576 ,-0.45283508 ,-3.9246063 ,0.0128479 ,0 ,Acc ,10
3dd9e578dace13af ,5319822686663524 ,3.363922 ,-3.4626617 ,-2.6985474 ,0 ,Acc ,10
3dd9e578dace13af ,5319822806537170 ,1.1026154 ,1.3531799 ,-0.3203125 ,0 ,Acc ,10
3dd9e578dace13af ,5319822925274566 ,1.5076599 ,2.76828 ,3.0653534 ,0 ,Acc ,10
3dd9e578dace13af ,5319823044380712 ,2.4030151 ,-0.53434753 ,5.5779877 ,0 ,Acc ,10
3dd9e578dace13af ,5319823147875816 ,-1.590805 ,-0.038635254 ,3.2487793 ,0 ,Acc ,10
3dd9e578dace13af ,5319823267731545 ,-0.87260437 ,0.26722717 ,2.5892792 ,0 ,Acc ,10
3dd9e578dace13af ,5319823387876545 ,-1.2555237 ,-0.41377258 ,3.2717743 ,0 ,Acc ,10
3dd9e578dace13af ,5319823487184461 ,-0.8657379 ,-0.84558105 ,3.1910706 ,0 ,Acc ,10
3dd9e578dace13af ,5319823588316857 ,-0.7281494 ,-0.47958374 ,3.961975 ,0 ,Acc ,10
3dd9e578dace13af ,5319823706005295 ,0.62112427 ,-2.7159882 ,2.3255768 ,0 ,Acc ,10
3dd9e578dace13af ,5319823807569097 ,0.7763672 ,0.39952087 ,1.8020935 ,0 ,Acc ,10
3dd9e578dace13af ,5319823908644670 ,1.992569 ,-0.96710205 ,0.9773407 ,0 ,Acc ,10
3dd9e578dace13af ,5319823951763263 ,-0.5595703 ,0.56518555 ,-0.25195313 ,3 ,Acc ,15
3dd9e578dace13af ,5319824028139461 ,2.64003 ,-1.2468567 ,1.3466339 ,0 ,Acc ,10
3dd9e578dace13af ,5319824107103107 ,-1.1252748 ,-9.035717 ,-0.6512229 ,3 ,Acc ,1
3dd9e578dace13af ,5319824145123836 ,2.1328125 ,-0.75683594 ,1.9346771 ,0 ,Acc ,10
3dd9e578dace13af ,5319824246364253 ,2.1201477 ,-1.5246124 ,1.4581451 ,0 ,Acc ,10
3dd9e578dace13af ,5319824345350711 ,2.6376495 ,-1.0744476 ,2.9251862 ,0 ,Acc ,10
3dd9e578dace13af ,5319824448236440 ,2.904831 ,-1.0269623 ,2.3636322 ,0 ,Acc ,10
3dd9e578dace13af ,5319824548768211 ,2.3728943 ,-1.0800018 ,2.109146 ,0 ,Acc ,10
3dd9e578dace13af ,5319824648825867 ,2.3332977 ,-0.595871 ,2.1004486 ,0 ,Acc ,10
3dd9e578dace13af ,5319824749661596 ,2.7216034 ,-1.5493469 ,2.8274536 ,0 ,Acc ,10
