3dd9e578dace13af ,5745034498451829 ,0.9134064 ,-9.762909 ,0.14628601 ,0 ,Acc ,9
3dd9e578dace13af ,5745034607017402 ,0.9031372 ,-9.763931 ,0.14225769 ,0 ,Acc ,9
3dd9e578dace13af ,5745034707802923 ,2.351303 ,-9.487778 ,0.7896576 ,0 ,Acc ,9
3dd9e578dace13af ,5745034829050944 ,4.6965637 ,-8.404953 ,1.8625793 ,0 ,Acc ,9
3dd9e578dace13af ,5745034948081204 ,6.2749023 ,-7.080841 ,2.5802155 ,0 ,Acc ,9
3dd9e578dace13af ,5745035047743443 ,7.1052246 ,-6.0664673 ,2.9805756 ,0 ,Acc ,9
3dd9e578dace13af ,5745035153297818 ,7.64505 ,-5.213272 ,3.2473297 ,0 ,Acc ,9
3dd9e578dace13af ,5745035273297558 ,8.046234 ,-4.412842 ,3.457611 ,0 ,Acc ,9
3dd9e578dace13af ,5745035372884797 ,8.253403 ,-3.9186401 ,3.5631104 ,0 ,Acc ,9
3dd9e578dace13af ,5745035473521829 ,8.385513 ,-3.5443115 ,3.6457062 ,0 ,Acc ,9
3dd9e578dace13af ,5745035593663652 ,8.483978 ,-3.233017 ,3.706726 ,0 ,Acc ,9
3dd9e578dace13af ,5745035694575474 ,8.525711 ,-3.0855103 ,3.736557 ,0 ,Acc ,9
3dd9e578dace13af ,5745035809145995 ,8.55751 ,-2.960495 ,3.7649384 ,0 ,Acc ,9
3dd9e578dace13af ,5745035910226204 ,8.572937 ,-2.8809967 ,3.7914124 ,0 ,Acc ,9
3dd9e578dace13af ,5745036013532193 ,8.579971 ,-2.8096924 ,3.828827 ,0 ,Acc ,9
3dd9e578dace13af ,5745036114230526 ,8.575439 ,-2.7231445 ,3.9008179 ,0 ,Acc ,9
3dd9e578dace13af ,5745036213714276 ,8.549286 ,-2.6524506 ,4.0055237 ,0 ,Acc ,9
3dd9e578dace13af ,5745036330492245 ,8.505035 ,-2.5652008 ,4.153824 ,0 ,Acc ,9
3dd9e578dace13af ,5745036431078391 ,8.445404 ,-2.525879 ,4.2971344 ,0 ,Acc ,9
3dd9e578dace13af ,5745036534047297 ,8.361847 ,-2.5437927 ,4.4473267 ,0 ,Acc ,9
3dd9e578dace13af ,5745036634468391 ,8.218903 ,-2.6347656 ,4.655945 ,0 ,Acc ,9
3dd9e578dace13af ,5745036749963339 ,8.035919 ,-2.680725 ,4.9404297 ,0 ,Acc ,9
3dd9e578dace13af ,5745036853336151 ,7.898773 ,-2.6797028 ,5.1573944 ,0 ,Acc ,9
3dd9e578dace13af ,5745036954648859 ,7.781479 ,-2.6881866 ,5.3284454 ,0 ,Acc ,9
3dd9e578dace13af ,5745037075288286 ,7.6275635 ,-2.6840668 ,5.548538 ,0 ,Acc ,9
3dd9e578dace13af ,5745037194240891 ,7.480957 ,-2.618805 ,5.774704 ,0 ,Acc ,9
3dd9e578dace13af ,5745037296378547 ,7.449707 ,-2.6773682 ,5.7882385 ,0 ,Acc ,9
3dd9e578dace13af ,5745037395574640 ,7.495392 ,-2.6638184 ,5.73526 ,0 ,Acc ,9
3dd9e578dace13af ,5745037496491151 ,7.388443 ,-2.6925964 ,5.859268 ,0 ,Acc ,9
3dd9e578dace13af ,5745037510721255 ,-0.15286255 ,0.0957489 ,0.5797882 ,0 ,Acc ,10
3dd9e578dace13af ,5745037614785005 ,7.20018 ,-2.7255096 ,6.074463 ,0 ,Acc ,9
3dd9e578dace13af ,5745037733417505 ,6.70459 ,-2.4495544 ,6.724457 ,0 ,Acc ,9
3dd9e578dace13af ,5745037835991203 ,6.0099487 ,-3.553543 ,6.886429 ,0 ,Acc ,9
3dd9e578dace13af ,5745037954578859 ,4.9796906 ,-6.6215363 ,5.2467346 ,0 ,Acc ,9
3dd9e578dace13af ,5745038074002609 ,5.9539185 ,-7.5946503 ,1.7441864 ,0 ,Acc ,9
3dd9e578dace13af ,5745038175570161 ,7.493683 ,-6.3255005 ,-0.053604126 ,0 ,Acc ,9
3dd9e578dace13af ,5745038275862401 ,9.169113 ,-3.4562378 ,-0.39009094 ,0 ,Acc ,9
3dd9e578dace13af ,5745038396562973 ,9.764114 ,-0.90205383 ,0.1359253 ,0 ,Acc ,9
3dd9e578dace13af ,5745038497765525 ,9.598114 ,-2.007141 ,-0.13362122 ,0 ,Acc ,9
3dd9e578dace13af ,5745038613610838 ,9.252701 ,-3.2251892 ,-0.39492798 ,0 ,Acc ,9
3dd9e578dace13af ,5745038716654952 ,9.104279 ,-3.6378021 ,0.22058105 ,0 ,Acc ,9
3dd9e578dace13af ,5745038816160786 ,9.089188 ,-3.6812744 ,0.071517944 ,0 ,Acc ,9
3dd9e578dace13af ,5745038917269067 ,9.10553 ,-3.6397095 ,0.109298706 ,0 ,Acc ,9
3dd9e578dace13af ,5745039016383598 ,9.150009 ,-3.5157928 ,0.2943573 ,0 ,Acc ,9
3dd9e578dace13af ,5745039136609640 ,9.171997 ,-3.4341278 ,0.5014801 ,0 ,Acc ,9
3dd9e578dace13af ,5745039253878858 ,9.1419525 ,-3.4999847 ,0.587204 ,0 ,Acc ,9
3dd9e578dace13af ,5745040033478806 ,8.680817 ,-4.523941 ,0.58958435 ,0 ,Acc ,9
3dd9e578dace13af ,5745040136720525 ,8.835388 ,-4.232132 ,0.441864 ,0 ,Acc ,9
3dd9e578dace13af ,5745040238310421 ,9.136368 ,-3.5533142 ,0.26644897 ,0 ,Acc ,9
3dd9e578dace13af ,5745040358998754 ,9.284912 ,-3.1308746 ,0.39768982 ,0 ,Acc ,9
3dd9e578dace13af ,5745040478966098 ,9.237808 ,-3.229538 ,0.63494873 ,0 ,Acc ,9
3dd9e578dace13af ,5745040513630368 ,-0.072021484 ,-1.0506287 ,-0.45344543 ,0 ,Acc ,10
3dd9e578dace13af ,5745040594238337 ,9.102585 ,-3.5696564 ,0.75549316 ,0 ,Acc ,9
3dd9e578dace13af ,5745040697108858 ,9.0439 ,-3.6463776 ,1.0402527 ,0 ,Acc ,9
3dd9e578dace13af ,5745040798301254 ,8.926407 ,-3.7073212 ,1.6568756 ,0 ,Acc ,9
3dd9e578dace13af ,5745040915143702 ,8.445114 ,-4.3560333 ,2.423874 ,0 ,Acc ,9
3dd9e578dace13af ,5745041014763910 ,7.7157135 ,-5.4449005 ,2.6440277 ,0 ,Acc ,9
3dd9e578dace13af ,5745041119271202 ,7.4218903 ,-5.653244 ,3.020996 ,0 ,Acc ,9
3dd9e578dace13af ,5745041237739014 ,8.180832 ,-4.4111176 ,3.128296 ,0 ,Acc ,9
3dd9e578dace13af ,5745041359967191 ,8.994736 ,-2.8129272 ,2.7115479 ,0 ,Acc ,9
3dd9e578dace13af ,5745041476174378 ,9.165604 ,-2.3124237 ,2.610489 ,0 ,Acc ,9
3dd9e578dace13af ,5745041579537972 ,9.065964 ,-2.4024658 ,2.864746 ,0 ,Acc ,9
3dd9e578dace13af ,5745041680179587 ,8.757019 ,-2.810196 ,3.404068 ,0 ,Acc ,9
3dd9e578dace13af ,5745041779754014 ,8.237213 ,-3.6124573 ,3.9075012 ,0 ,Acc ,9
3dd9e578dace13af ,5745041880390680 ,7.926956 ,-4.271942 ,3.8838043 ,0 ,Acc ,9
3dd9e578dace13af ,5745041997327087 ,8.100342 ,-4.4434814 ,3.2878723 ,0 ,Acc ,9
3dd9e578dace13af ,5745042101626097 ,8.475281 ,-4.2657166 ,2.4785614 ,0 ,Acc ,9
3dd9e578dace13af ,5745042220088024 ,8.842819 ,-3.852707 ,1.7695465 ,0 ,Acc ,9
3dd9e578dace13af ,5745042320872711 ,8.387436 ,-4.616455 ,2.1235352 ,0 ,Acc ,9
3dd9e578dace13af ,5745042437581253 ,7.064728 ,-6.012268 ,3.1799927 ,0 ,Acc ,9
3dd9e578dace13af ,5745042540457138 ,5.985138 ,-6.3158875 ,4.5230255 ,0 ,Acc ,9
3dd9e578dace13af ,5745042641192503 ,4.884491 ,-7.014145 ,4.807678 ,0 ,Acc ,9
3dd9e578dace13af ,5745042756442555 ,4.9347687 ,-6.958481 ,4.8371277 ,0 ,Acc ,9
3dd9e578dace13af ,5745042879190628 ,5.7397003 ,-6.5847015 ,4.457306 ,0 ,Acc ,9
3dd9e578dace13af ,5745042997702763 ,6.923752 ,-5.631668 ,4.0639954 ,0 ,Acc ,9
3dd9e578dace13af ,5745043099295524 ,7.0502625 ,-5.3790436 ,4.186859 ,0 ,Acc ,9
3dd9e578dace13af ,5745043200717451 ,7.086014 ,-5.553406 ,3.888214 ,0 ,Acc ,9
3dd9e578dace13af ,5745043319719690 ,7.291443 ,-5.6144714 ,3.388626 ,0 ,Acc ,9
3dd9e578dace13af ,5745043439899117 ,7.7144775 ,-5.4754333 ,2.5839233 ,0 ,Acc ,9
3dd9e578dace13af ,5745043520560784 ,0.9938965 ,-2.7870026 ,2.9537354 ,0 ,Acc ,10
3dd9e578dace13af ,5745043557333180 ,8.0858 ,-5.138397 ,2.094452 ,0 ,Acc ,9
3dd9e578dace13af ,5745043659249898 ,7.8101654 ,-5.345581 ,2.5683289 ,0 ,Acc ,9
3dd9e578dace13af ,5745043762507086 ,6.892914 ,-5.8402863 ,3.814331 ,0 ,Acc ,9
3dd9e578dace13af ,5745043877695367 ,5.5790405 ,-5.8482513 ,5.553589 ,0 ,Acc ,9
3dd9e578dace13af ,5745043982014430 ,4.6128845 ,-5.961273 ,6.2733154 ,0 ,Acc ,9
3dd9e578dace13af ,5745044101672502 ,5.011261 ,-6.051285 ,5.868515 ,0 ,Acc ,9
3dd9e578dace13af ,5745044220988596 ,7.159378 ,-5.0516815 ,4.4038696 ,0 ,Acc ,9
3dd9e578dace13af ,5745044323045836 ,8.206345 ,-3.9813538 ,3.6020355 ,0 ,Acc ,9
3dd9e578dace13af ,5745044443352086 ,8.435638 ,-3.9958954 ,3.0071564 ,0 ,Acc ,9
3dd9e578dace13af ,5745044559024169 ,8.514481 ,-4.2242584 ,2.4144287 ,0 ,Acc ,9
3dd9e578dace13af ,5745044662062659 ,8.456421 ,-4.3330536 ,2.425644 ,0 ,Acc ,9
3dd9e578dace13af ,5745044763159273 ,8.268814 ,-4.618454 ,2.542984 ,0 ,Acc ,9
3dd9e578dace13af ,5745044863194481 ,7.9079285 ,-4.9861145 ,2.9620056 ,0 ,Acc ,9
3dd9e578dace13af ,5745044964209950 ,7.5118713 ,-4.9669495 ,3.8821716 ,0 ,Acc ,9
3dd9e578dace13af ,5745045080866148 ,7.1451263 ,-4.033783 ,5.3708344 ,0 ,Acc ,9
3dd9e578dace13af ,5745045182506148 ,5.8731537 ,-4.231064 ,6.616211 ,0 ,Acc ,9
3dd9e578dace13af ,5745045284448908 ,5.012787 ,-4.7593384 ,6.9563446 ,0 ,Acc ,9
3dd9e578dace13af ,5745045402813283 ,7.417053 ,-4.152069 ,4.8905945 ,0 ,Acc ,9
3dd9e578dace13af ,5745045522456825 ,8.954361 ,-2.663208 ,2.9827728 ,0 ,Acc ,9
3dd9e578dace13af ,5745045641047137 ,8.757248 ,-2.9734497 ,3.2618103 ,0 ,Acc ,9
3dd9e578dace13af ,5745045743974481 ,6.4725037 ,-4.4241333 ,5.890991 ,0 ,Acc ,9
3dd9e578dace13af ,5745045845682606 ,3.6890717 ,-3.756073 ,8.273621 ,0 ,Acc ,9
3dd9e578dace13af ,5745045962590991 ,2.6038055 ,-2.2748413 ,9.176895 ,0 ,Acc ,9
3dd9e578dace13af ,5745046084708439 ,2.6606445 ,-0.6952362 ,9.4131775 ,0 ,Acc ,9
3dd9e578dace13af ,5745046184534845 ,3.0232697 ,-1.0799866 ,9.266266 ,0 ,Acc ,9
3dd9e578dace13af ,5745046285577085 ,5.600525 ,-3.8345337 ,7.078171 ,0 ,Acc ,9
3dd9e578dace13af ,5745046405472814 ,7.9855804 ,-4.00618 ,4.0436707 ,0 ,Acc ,9
3dd9e578dace13af ,5745046504776460 ,8.33461 ,-4.177109 ,3.0423737 ,0 ,Acc ,9
3dd9e578dace13af ,5745046539326720 ,-7.822876 ,-1.8184204 ,6.3810883 ,0 ,Acc ,10
3dd9e578dace13af ,5745046619877449 ,8.222687 ,-4.819275 ,2.3091888 ,0 ,Acc ,9
3dd9e578dace13af ,5745046725564533 ,8.813889 ,-3.9869232 ,1.6093445 ,0 ,Acc ,9
3dd9e578dace13af ,5745046845774897 ,8.698608 ,-4.313446 ,1.3779144 ,0 ,Acc ,9
3dd9e578dace13af ,5745046964836356 ,8.238876 ,-4.6720123 ,2.5423126 ,0 ,Acc ,9
3dd9e578dace13af ,5745047085971303 ,7.424011 ,-5.1548767 ,3.8054352 ,0 ,Acc ,9
3dd9e578dace13af ,5745047185445574 ,5.9189453 ,-6.173065 ,4.7989044 ,0 ,Acc ,9
3dd9e578dace13af ,5745047286032189 ,4.6624756 ,-6.123169 ,6.077667 ,0 ,Acc ,9
3dd9e578dace13af ,5745047406324064 ,5.1616516 ,-4.5180206 ,7.008209 ,0 ,Acc ,9
3dd9e578dace13af ,5745047521530887 ,5.671646 ,-3.2016296 ,7.3315735 ,0 ,Acc ,9
3dd9e578dace13af ,5745047626041616 ,5.881256 ,-3.3121796 ,7.114105 ,0 ,Acc ,9
3dd9e578dace13af ,5745047726739845 ,6.356003 ,-3.725296 ,6.472519 ,0 ,Acc ,9
3dd9e578dace13af ,5745047846875470 ,7.056076 ,-3.695053 ,5.720886 ,0 ,Acc ,9
3dd9e578dace13af ,5745047946372709 ,6.9777527 ,-4.93631 ,4.8076935 ,0 ,Acc ,9
3dd9e578dace13af ,5745048047133959 ,6.8094635 ,-6.038803 ,3.6515808 ,0 ,Acc ,9
3dd9e578dace13af ,5745048146597084 ,7.2891693 ,-5.7181396 ,3.2157593 ,0 ,Acc ,9
3dd9e578dace13af ,5745048266811876 ,7.808182 ,-4.9796753 ,3.2256927 ,0 ,Acc ,9
3dd9e578dace13af ,5745048367499949 ,8.1584015 ,-4.047104 ,3.6375122 ,0 ,Acc ,9
3dd9e578dace13af ,5745048486264636 ,7.60231 ,-4.202484 ,4.551285 ,0 ,Acc ,9
3dd9e578dace13af ,5745048606832917 ,6.195984 ,-5.459305 ,5.2892303 ,0 ,Acc ,9
3dd9e578dace13af ,5745048726731042 ,5.0867004 ,-6.547882 ,5.2364807 ,0 ,Acc ,9
3dd9e578dace13af ,5745048827330522 ,6.4122925 ,-6.418686 ,3.7220001 ,0 ,Acc ,9
3dd9e578dace13af ,5745048928028855 ,9.053848 ,-2.5907898 ,2.7360077 ,0 ,Acc ,9
3dd9e578dace13af ,5745049046932865 ,9.689835 ,0.30708313 ,1.4774628 ,0 ,Acc ,9
3dd9e578dace13af ,5745049167599011 ,9.683701 ,-0.8825226 ,1.2716827 ,0 ,Acc ,9
3dd9e578dace13af ,5745049288689376 ,9.611038 ,-1.5474396 ,1.1846771 ,0 ,Acc ,9
3dd9e578dace13af ,5745049387196146 ,9.707947 ,-1.0326233 ,0.92723083 ,0 ,Acc ,9
3dd9e578dace13af ,5745049507446667 ,9.647827 ,-0.90574646 ,1.5064545 ,0 ,Acc ,9
3dd9e578dace13af ,5745049542765990 ,3.1735687 ,-2.413025 ,-2.3610992 ,0 ,Acc ,10
3dd9e578dace13af ,5745049625951511 ,8.963516 ,-1.9438934 ,3.4708252 ,0 ,Acc ,9
3dd9e578dace13af ,5745049728924375 ,7.6883087 ,-3.6661072 ,4.860016 ,0 ,Acc ,9
3dd9e578dace13af ,5745049830875052 ,6.270523 ,-4.828079 ,5.791397 ,0 ,Acc ,9
3dd9e578dace13af ,5745049947100469 ,5.8761444 ,-5.4612427 ,5.640564 ,0 ,Acc ,9
3dd9e578dace13af ,5745050049248542 ,7.333435 ,-4.34816 ,4.846054 ,0 ,Acc ,9
3dd9e578dace13af ,5745050169402813 ,9.157425 ,-2.0045166 ,2.8798676 ,0 ,Acc ,9
3dd9e578dace13af ,5745050284546615 ,9.64682 ,-1.1986694 ,1.2931061 ,0 ,Acc ,9
3dd9e578dace13af ,5745050385193594 ,9.764175 ,-0.68058777 ,0.6064606 ,0 ,Acc ,9
3dd9e578dace13af ,5745050487413281 ,9.796677 ,-0.27212524 ,0.34832764 ,0 ,Acc ,9
3dd9e578dace13af ,5745050589307083 ,9.755295 ,-0.30062866 ,0.9560547 ,0 ,Acc ,9
3dd9e578dace13af ,5745050707092240 ,9.373978 ,-1.266037 ,2.5876465 ,0 ,Acc ,9
3dd9e578dace13af ,5745050827211094 ,8.253326 ,-3.1047058 ,4.291107 ,0 ,Acc ,9
3dd9e578dace13af ,5745050947224219 ,6.690033 ,-5.1276093 ,5.0121 ,0 ,Acc ,9
3dd9e578dace13af ,5745051050000937 ,6.475067 ,-5.5865784 ,4.799347 ,0 ,Acc ,9
3dd9e578dace13af ,5745051170453698 ,8.071991 ,-3.713272 ,4.150284 ,0 ,Acc ,9
3dd9e578dace13af ,5745051290273021 ,9.255447 ,-1.7652283 ,2.718628 ,0 ,Acc ,9
3dd9e578dace13af ,5745051407341041 ,9.441711 ,-1.8206177 ,1.9260559 ,0 ,Acc ,9
3dd9e578dace13af ,5745051511001093 ,9.611801 ,-0.93481445 ,1.70578 ,0 ,Acc ,9
3dd9e578dace13af ,5745051630360104 ,9.650879 ,-0.33047485 ,1.7092896 ,0 ,Acc ,9
3dd9e578dace13af ,5745051747338645 ,9.544708 ,-0.9951782 ,2.0194855 ,0 ,Acc ,9
3dd9e578dace13af ,5745051870466093 ,9.210922 ,-1.5877228 ,2.9678497 ,0 ,Acc ,9
3dd9e578dace13af ,5745051987101145 ,7.93309 ,-3.9557343 ,4.1938477 ,0 ,Acc ,9
3dd9e578dace13af ,5745052088976979 ,6.577179 ,-5.2632446 ,5.0208893 ,0 ,Acc ,9
3dd9e578dace13af ,5745052190786301 ,6.4643097 ,-5.457199 ,4.9600067 ,0 ,Acc ,9
3dd9e578dace13af ,5745052308764843 ,8.405777 ,-3.6261902 ,3.5162048 ,0 ,Acc ,9
3dd9e578dace13af ,5745052427512187 ,9.522446 ,-1.155304 ,2.0392609 ,0 ,Acc ,9
3dd9e578dace13af ,5745052531851614 ,9.640503 ,-1.1580963 ,1.374649 ,0 ,Acc ,9
3dd9e578dace13af ,5745052546595208 ,-2.824936 ,-3.924759 ,1.0450592 ,0 ,Acc ,10
3dd9e578dace13af ,5745052649360051 ,9.7751465 ,-0.28848267 ,0.73031616 ,0 ,Acc ,9
3dd9e578dace13af ,5745052751767655 ,9.801666 ,0.2725525 ,0.15284729 ,0 ,Acc ,9
3dd9e578dace13af ,5745052852217030 ,9.800003 ,-0.1511383 ,0.327713 ,0 ,Acc ,9
3dd9e578dace13af ,5745052972497395 ,9.526489 ,-1.4507141 ,1.8197632 ,0 ,Acc ,9
3dd9e578dace13af ,5745053092503332 ,8.507523 ,-3.1029053 ,3.7635498 ,0 ,Acc ,9
3dd9e578dace13af ,5745053209360155 ,7.1700287 ,-4.099869 ,5.286957 ,0 ,Acc ,9
3dd9e578dace13af ,5745053310848176 ,6.5910645 ,-4.7094727 ,5.5270996 ,0 ,Acc ,9
3dd9e578dace13af ,5745053430951614 ,7.6799316 ,-4.147171 ,4.470993 ,0 ,Acc ,9
3dd9e578dace13af ,5745053552530624 ,9.111404 ,-2.203827 ,2.8802338 ,0 ,Acc ,9
3dd9e578dace13af ,5745053653763384 ,9.466171 ,-1.6366577 ,1.9705505 ,0 ,Acc ,9
3dd9e578dace13af ,5745053773137968 ,9.67038 ,-0.7583313 ,1.441803 ,0 ,Acc ,9
3dd9e578dace13af ,5745053873214999 ,9.735825 ,-0.21670532 ,1.1562958 ,0 ,Acc ,9
3dd9e578dace13af ,5745053973444895 ,9.744583 ,-0.25123596 ,1.0724335 ,0 ,Acc ,9
3dd9e578dace13af ,5745054091490832 ,9.582291 ,-1.2502289 ,1.6693726 ,0 ,Acc ,9
3dd9e578dace13af ,5745054213113124 ,8.807495 ,-2.9275055 ,3.166687 ,0 ,Acc ,9
3dd9e578dace13af ,5745054314102342 ,7.4891205 ,-4.7167206 ,4.223236 ,0 ,Acc ,9
3dd9e578dace13af ,5745054431854426 ,6.3800507 ,-5.8297424 ,4.634552 ,0 ,Acc ,9
3dd9e578dace13af ,5745054534306249 ,7.1106567 ,-5.429886 ,4.0156097 ,0 ,Acc ,9
3dd9e578dace13af ,5745054633131301 ,8.714508 ,-3.3087769 ,3.0462341 ,0 ,Acc ,9
3dd9e578dace13af ,5745054734185884 ,9.3824005 ,-1.5965424 ,2.3647156 ,0 ,Acc ,9
3dd9e578dace13af ,5745054851020936 ,9.489395 ,-1.4575195 ,1.9993286 ,0 ,Acc ,9
3dd9e578dace13af ,5745054955462550 ,9.639633 ,-0.7876282 ,1.6208496 ,0 ,Acc ,9
3dd9e578dace13af ,5745055054623019 ,9.763901 ,0.11140442 ,0.9077606 ,0 ,Acc ,9
3dd9e578dace13af ,5745055172734634 ,9.802109 ,0.038589478 ,0.29553223 ,0 ,Acc ,9
3dd9e578dace13af ,5745055272843800 ,9.715485 ,-0.72206116 ,1.1217499 ,0 ,Acc ,9
3dd9e578dace13af ,5745055374098019 ,9.19191 ,-1.809967 ,2.8988037 ,0 ,Acc ,9
3dd9e578dace13af ,5745055490234842 ,7.5159454 ,-4.320938 ,4.5836945 ,0 ,Acc ,9
3dd9e578dace13af ,5745055552844477 ,1.259079 ,3.0683289 ,-5.6230316 ,0 ,Acc ,10
3dd9e578dace13af ,5745055589755050 ,5.966049 ,-5.91539 ,5.0581207 ,0 ,Acc ,9
3dd9e578dace13af ,5745055710663331 ,6.25383 ,-5.9742126 ,4.6226196 ,0 ,Acc ,9
3dd9e578dace13af ,5745055814656821 ,8.531921 ,-3.2314148 ,3.5964355 ,0 ,Acc ,9
3dd9e578dace13af ,5745055930737810 ,9.6276245 ,-0.085998535 ,1.8632202 ,0 ,Acc ,9
3dd9e578dace13af ,5745056035135310 ,9.725464 ,-0.028015137 ,1.2588806 ,0 ,Acc ,9
3dd9e578dace13af ,5745056135513748 ,9.754211 ,0.05834961 ,1.0110168 ,0 ,Acc ,9
3dd9e578dace13af ,5745056255102810 ,9.784027 ,0.2953186 ,0.5964203 ,0 ,Acc ,9
3dd9e578dace13af ,5745056355467446 ,9.772247 ,-0.3633423 ,0.7357788 ,0 ,Acc ,9
3dd9e578dace13af ,5745056474240675 ,9.546829 ,-0.9280853 ,2.0412598 ,0 ,Acc ,9
3dd9e578dace13af ,5745056590889164 ,8.460922 ,-2.93396 ,3.9968567 ,0 ,Acc ,9
3dd9e578dace13af ,5745056695220831 ,6.7384644 ,-4.992935 ,5.0827026 ,0 ,Acc ,9
3dd9e578dace13af ,5745056795532550 ,5.7668457 ,-6.117584 ,5.0486603 ,0 ,Acc ,9
3dd9e578dace13af ,5745056896609893 ,6.914978 ,-5.596115 ,4.127533 ,0 ,Acc ,9
3dd9e578dace13af ,5745057011786768 ,9.141632 ,-2.2091217 ,2.778595 ,0 ,Acc ,9
3dd9e578dace13af ,5745057115913279 ,9.475082 ,-1.8365479 ,1.7378693 ,0 ,Acc ,9
3dd9e578dace13af ,5745057217000362 ,9.585754 ,-1.6947479 ,1.1880188 ,0 ,Acc ,9
3dd9e578dace13af ,5745057317106612 ,9.7789 ,-0.11091614 ,0.72875977 ,0 ,Acc ,9
3dd9e578dace13af ,5745057435413956 ,9.767807 ,0.866333 ,-0.09791565 ,0 ,Acc ,9
3dd9e578dace13af ,5745057552057810 ,9.782028 ,-0.25532532 ,0.64575195 ,0 ,Acc ,9
3dd9e578dace13af ,5745057652685206 ,9.3461 ,-1.4549255 ,2.5891724 ,0 ,Acc ,9
3dd9e578dace13af ,5745057752086039 ,8.005386 ,-3.6528168 ,4.329071 ,0 ,Acc ,9
3dd9e578dace13af ,5745057857704112 ,6.4253387 ,-4.8791046 ,5.57489 ,0 ,Acc ,9
3dd9e578dace13af ,5745057974250518 ,6.192749 ,-5.234131 ,5.5157776 ,0 ,Acc ,9
3dd9e578dace13af ,5745058097975726 ,8.192169 ,-4.0624237 ,3.543335 ,0 ,Acc ,9
3dd9e578dace13af ,5745058217489476 ,9.497528 ,-1.561142 ,1.87883 ,0 ,Acc ,9
3dd9e578dace13af ,5745058337842080 ,9.762131 ,-0.7221985 ,0.59103394 ,0 ,Acc ,9
3dd9e578dace13af ,5745058453365882 ,9.771332 ,0.7116089 ,-0.43006897 ,0 ,Acc ,9
3dd9e578dace13af ,5745058555829684 ,5.2164307 ,-6.028763 ,3.9449463 ,0 ,Acc ,10
3dd9e578dace13af ,5745058556840726 ,9.719238 ,0.98431396 ,-0.85894775 ,0 ,Acc ,9
3dd9e578dace13af ,5745058657236091 ,9.802475 ,-0.14788818 ,0.2447052 ,0 ,Acc ,9
3dd9e578dace13af ,5745058757000518 ,9.286377 ,-1.9902344 ,2.4438477 ,0 ,Acc ,9
3dd9e578dace13af ,5745058875541195 ,7.483673 ,-4.4867096 ,4.475952 ,0 ,Acc ,9
3dd9e578dace13af ,5745058996871299 ,5.771744 ,-5.639374 ,5.5726624 ,0 ,Acc ,9
3dd9e578dace13af ,5745059098129268 ,5.910614 ,-5.987854 ,5.0378876 ,0 ,Acc ,9
3dd9e578dace13af ,5745059218329320 ,8.468887 ,-3.9133148 ,3.0222473 ,0 ,Acc ,9
3dd9e578dace13af ,5745059337164736 ,9.740662 ,-0.19667053 ,1.1184845 ,0 ,Acc ,9
3dd9e578dace13af ,5745059438755517 ,9.805511 ,0.12721252 ,0.07788086 ,0 ,Acc ,9
3dd9e578dace13af ,5745059554109580 ,9.767502 ,0.7077942 ,-0.51493835 ,0 ,Acc ,9
3dd9e578dace13af ,5745059657343590 ,9.783997 ,0.34976196 ,-0.5668335 ,0 ,Acc ,9
3dd9e578dace13af ,5745059775911142 ,9.707626 ,-1.1070404 ,0.8407135 ,0 ,Acc ,9
3dd9e578dace13af ,5745059896584476 ,9.037048 ,-2.4489594 ,2.9162598 ,0 ,Acc ,9
3dd9e578dace13af ,5745060316854423 ,7.3847046 ,-5.098175 ,3.955368 ,0 ,Acc ,9
3dd9e578dace13af ,5745060416644007 ,9.277466 ,-2.3473206 ,2.1421661 ,0 ,Acc ,9
3dd9e578dace13af ,5745060540522913 ,9.764069 ,-0.26405334 ,0.8737488 ,0 ,Acc ,9
3dd9e578dace13af ,5745060657304163 ,9.78746 ,0.032836914 ,0.61209106 ,0 ,Acc ,9
3dd9e578dace13af ,5745060757385152 ,9.794907 ,0.40727234 ,0.253479 ,0 ,Acc ,9
3dd9e578dace13af ,5745060860885777 ,9.804565 ,0.17518616 ,-0.100097656 ,0 ,Acc ,9
3dd9e578dace13af ,5745060960867704 ,9.713333 ,-0.89167786 ,1.013031 ,0 ,Acc ,9
3dd9e578dace13af ,5745061081066454 ,8.888184 ,-2.8729858 ,2.9860077 ,0 ,Acc ,9
3dd9e578dace13af ,5745061181236767 ,7.823288 ,-4.1730347 ,4.189514 ,0 ,Acc ,9
3dd9e578dace13af ,5745061297729840 ,6.717682 ,-5.236557 ,4.8601837 ,0 ,Acc ,9
3dd9e578dace13af ,5745061400864631 ,6.9402313 ,-5.648819 ,4.0117493 ,0 ,Acc ,9
3dd9e578dace13af ,5745061501657131 ,8.358536 ,-4.127182 ,3.0448914 ,0 ,Acc ,9
3dd9e578dace13af ,5745061557290673 ,-0.07966614 ,-0.5250702 ,1.1774597 ,0 ,Acc ,10
3dd9e578dace13af ,5745061617245517 ,9.165543 ,-2.561386 ,2.366928 ,0 ,Acc ,9
3dd9e578dace13af ,5745061719523537 ,9.1996155 ,-2.6435394 ,2.1328583 ,0 ,Acc ,9
3dd9e578dace13af ,5745061821342808 ,9.274658 ,-2.439911 ,2.0488434 ,0 ,Acc ,9
3dd9e578dace13af ,5745061937051142 ,7.990967 ,-4.7126465 ,3.178894 ,0 ,Acc ,9
3dd9e578dace13af ,5745062037734266 ,7.9879456 ,-4.4283295 ,3.571106 ,0 ,Acc ,9
3dd9e578dace13af ,5745062137812183 ,7.3632813 ,-5.0751495 ,4.024292 ,0 ,Acc ,9
3dd9e578dace13af ,5745062241753433 ,6.686493 ,-5.4474335 ,4.6676025 ,0 ,Acc ,9
3dd9e578dace13af ,5745062357489996 ,6.200714 ,-5.5186005 ,5.2217255 ,0 ,Acc ,9
3dd9e578dace13af ,5745062459234683 ,5.851242 ,-5.745468 ,5.3779755 ,0 ,Acc ,9
3dd9e578dace13af ,5745062560262860 ,5.9437866 ,-6.025177 ,4.953659 ,0 ,Acc ,9
3dd9e578dace13af ,5745062660861610 ,6.9830933 ,-5.492691 ,4.1517334 ,0 ,Acc ,9
3dd9e578dace13af ,5745062762444891 ,8.135025 ,-4.3583527 ,3.3160553 ,0 ,Acc ,9
3dd9e578dace13af ,5745062882419787 ,8.04599 ,-5.2595825 ,1.9413452 ,0 ,Acc ,9
3dd9e578dace13af ,5745062983063172 ,7.6144104 ,-6.1694946 ,0.35813904 ,0 ,Acc ,9
3dd9e578dace13af ,5745063082739422 ,8.303299 ,-5.204056 ,-0.37846375 ,0 ,Acc ,9
3dd9e578dace13af ,5745063183463016 ,9.149551 ,-3.4742126 ,-0.62120056 ,0 ,Acc ,9
3dd9e578dace13af ,5745063303534266 ,9.226288 ,-3.3233337 ,-0.034744263 ,0 ,Acc ,9
3dd9e578dace13af ,5745063422514006 ,8.561676 ,-4.2751617 ,2.1426086 ,0 ,Acc ,9
3dd9e578dace13af ,5745063524753693 ,7.2740326 ,-5.6302643 ,3.3997955 ,0 ,Acc ,9
3dd9e578dace13af ,5745063640016089 ,5.204178 ,-7.276016 ,4.0182343 ,0 ,Acc ,9
3dd9e578dace13af ,5745063740552026 ,4.3363037 ,-8.025375 ,3.5999908 ,0 ,Acc ,9
3dd9e578dace13af ,5745063840588172 ,5.4414215 ,-7.477173 ,3.2638855 ,0 ,Acc ,9
3dd9e578dace13af ,5745063944059995 ,7.5991974 ,-5.536148 ,2.7880707 ,0 ,Acc ,9
3dd9e578dace13af ,5745064043767026 ,8.381592 ,-4.906601 ,1.3580475 ,0 ,Acc ,9
3dd9e578dace13af ,5745064144453224 ,8.396759 ,-5.0453033 ,-0.45776367 ,0 ,Acc ,9
3dd9e578dace13af ,5745064263683224 ,9.026764 ,-3.7549896 ,-0.76657104 ,0 ,Acc ,9
3dd9e578dace13af ,5745064364230203 ,9.22467 ,-3.084793 ,-1.2489166 ,0 ,Acc ,9
3dd9e578dace13af ,5745064464756922 ,9.253616 ,-3.1819916 ,-0.6446533 ,0 ,Acc ,9
3dd9e578dace13af ,5745064562164578 ,5.1148224 ,0.7758484 ,-1.1498718 ,0 ,Acc ,10
3dd9e578dace13af ,5745064580169370 ,8.796494 ,-3.9559937 ,1.7725983 ,0 ,Acc ,9
3dd9e578dace13af ,5745064679920984 ,7.328659 ,-5.5285187 ,3.449112 ,0 ,Acc ,9
3dd9e578dace13af ,5745064785154370 ,4.9626465 ,-7.077713 ,4.6312256 ,0 ,Acc ,9
3dd9e578dace13af ,5745064884610411 ,3.1255493 ,-7.8367004 ,4.9987183 ,0 ,Acc ,9
3dd9e578dace13af ,5745064984860984 ,3.147583 ,-8.219528 ,4.3246 ,0 ,Acc ,9
3dd9e578dace13af ,5745065104043901 ,6.6618347 ,-6.7177124 ,2.5811462 ,0 ,Acc ,9
3dd9e578dace13af ,5745065204245359 ,8.864471 ,-4.038788 ,1.1312256 ,0 ,Acc ,9
3dd9e578dace13af ,5745065304619005 ,9.246933 ,-3.249115 ,-0.32817078 ,0 ,Acc ,9
3dd9e578dace13af ,5745065424999057 ,9.327942 ,-2.7865143 ,-1.1811066 ,0 ,Acc ,9
3dd9e578dace13af ,5745065542226453 ,9.177704 ,-3.2511902 ,-1.1703796 ,0 ,Acc ,9
3dd9e578dace13af ,5745065645329630 ,8.926514 ,-4.034668 ,-0.45715332 ,0 ,Acc ,9
3dd9e578dace13af ,5745065746231505 ,8.567123 ,-4.636307 ,1.1309814 ,0 ,Acc ,9
3dd9e578dace13af ,5745065845660411 ,7.881897 ,-4.9755096 ,3.047943 ,0 ,Acc ,9
3dd9e578dace13af ,5745065946591296 ,6.596985 ,-5.924576 ,4.1891937 ,0 ,Acc ,9
3dd9e578dace13af ,5745066066232077 ,4.5093994 ,-7.851883 ,3.7660828 ,0 ,Acc ,9
3dd9e578dace13af ,5745066165997442 ,4.294113 ,-8.257263 ,3.0900574 ,0 ,Acc ,9
3dd9e578dace13af ,5745066266414161 ,6.8003693 ,-6.485443 ,2.8043213 ,0 ,Acc ,9
3dd9e578dace13af ,5745066386948119 ,8.850922 ,-3.9456482 ,1.504425 ,0 ,Acc ,9
3dd9e578dace13af ,5745066502879525 ,8.726288 ,-4.474167 ,-0.063583374 ,0 ,Acc ,9
3dd9e578dace13af ,5745066606434525 ,8.827408 ,-4.2590485 ,-0.32785034 ,0 ,Acc ,9
3dd9e578dace13af ,5745066725137754 ,9.240341 ,-3.2034607 ,-0.7239075 ,0 ,Acc ,9
3dd9e578dace13af ,5745066846865463 ,9.281906 ,-3.0612946 ,-0.80300903 ,0 ,Acc ,9
3dd9e578dace13af ,5745066947495254 ,9.022415 ,-3.8013 ,0.5623932 ,0 ,Acc ,9
3dd9e578dace13af ,5745067067680931 ,7.791519 ,-5.2682953 ,2.7761993 ,0 ,Acc ,9
3dd9e578dace13af ,5745067185995098 ,5.7624817 ,-6.595993 ,4.41098 ,0 ,Acc ,9
3dd9e578dace13af ,5745067287263379 ,4.2178345 ,-7.65094 ,4.4545746 ,0 ,Acc ,9
3dd9e578dace13af ,5745067402870619 ,4.249283 ,-8.001984 ,3.7526093 ,0 ,Acc ,9
3dd9e578dace13af ,5745067503220150 ,6.3649597 ,-6.745285 ,3.1872559 ,0 ,Acc ,9
3dd9e578dace13af ,5745067563288431 ,5.375168 ,2.8851929 ,-0.30770874 ,0 ,Acc ,10
3dd9e578dace13af ,5745067623295931 ,8.551468 ,-4.6542206 ,1.1750793 ,0 ,Acc ,9
3dd9e578dace13af ,5745067724836139 ,9.293152 ,-3.1029358 ,-0.42338562 ,0 ,Acc ,9
3dd9e578dace13af ,5745067847901452 ,9.621216 ,-1.511261 ,-1.1483154 ,0 ,Acc ,9
3dd9e578dace13af ,5745067947704577 ,9.575211 ,-1.5262299 ,-1.4684143 ,0 ,Acc ,9
3dd9e578dace13af ,5745068067202806 ,9.371475 ,-2.8410187 ,-0.5236969 ,0 ,Acc ,9
3dd9e578dace13af ,5745068187544785 ,8.38591 ,-4.665848 ,2.0190277 ,0 ,Acc ,9
3dd9e578dace13af ,5745068308761243 ,6.1875916 ,-6.563507 ,3.8476105 ,0 ,Acc ,9
3dd9e578dace13af ,5745068408461660 ,4.0599365 ,-7.865219 ,4.222 ,0 ,Acc ,9
3dd9e578dace13af ,5745068524552858 ,3.068985 ,-8.514862 ,3.7747345 ,0 ,Acc ,9
3dd9e578dace13af ,5745068625526920 ,4.929962 ,-7.7591095 ,3.4149323 ,0 ,Acc ,9
3dd9e578dace13af ,5745068727177129 ,7.9289246 ,-5.447769 ,1.9036865 ,0 ,Acc ,9
3dd9e578dace13af ,5745068829214108 ,9.218994 ,-3.3051147 ,0.506546 ,0 ,Acc ,9
3dd9e578dace13af ,5745068946561660 ,9.42395 ,-2.6220703 ,-0.6958008 ,0 ,Acc ,9
3dd9e578dace13af ,5745069046541816 ,9.560883 ,-2.0043945 ,-0.8615265 ,0 ,Acc ,9
3dd9e578dace13af ,5745069149858587 ,9.544159 ,-1.9888763 ,-1.0600281 ,0 ,Acc ,9
3dd9e578dace13af ,5745069267976972 ,9.20282 ,-3.3760986 ,-0.28320313 ,0 ,Acc ,9
3dd9e578dace13af ,5745069366906451 ,8.441681 ,-4.7571716 ,1.5091095 ,0 ,Acc ,9
3dd9e578dace13af ,5745069467421191 ,7.0327454 ,-6.09964 ,3.0830383 ,0 ,Acc ,9
3dd9e578dace13af ,5745069569560618 ,5.216629 ,-7.350128 ,3.864273 ,0 ,Acc ,9
3dd9e578dace13af ,5745069686752232 ,8.995895 ,-3.857071 ,-0.605896 ,0 ,Acc ,9
3dd9e578dace13af ,5745069787414889 ,9.158173 ,-3.29245 ,-1.207428 ,0 ,Acc ,9
3dd9e578dace13af ,5745069889873222 ,9.4696045 ,-0.5010834 ,-2.4991455 ,0 ,Acc ,9
3dd9e578dace13af ,5745070008423951 ,8.641968 ,2.369339 ,-3.9840546 ,0 ,Acc ,9
3dd9e578dace13af ,5745070128089732 ,8.521286 ,3.8629456 ,-2.9386292 ,0 ,Acc ,9
3dd9e578dace13af ,5745070231093326 ,8.353989 ,4.420944 ,-2.614624 ,0 ,Acc ,9
3dd9e578dace13af ,5745070346283170 ,8.078064 ,4.5451508 ,-3.202591 ,0 ,Acc ,9
3dd9e578dace13af ,5745070447474992 ,8.223618 ,3.7010956 ,-3.8528137 ,0 ,Acc ,9
3dd9e578dace13af ,5745070551422232 ,8.853775 ,2.0401764 ,-3.6903381 ,0 ,Acc ,9
3dd9e578dace13af ,5745070565504367 ,3.0319214 ,-5.006912 ,3.9196167 ,0 ,Acc ,10
3dd9e578dace13af ,5745070667262753 ,9.440369 ,-0.23321533 ,-2.644867 ,0 ,Acc ,9
3dd9e578dace13af ,5745070771765461 ,9.463104 ,-1.9328461 ,-1.6981812 ,0 ,Acc ,9
3dd9e578dace13af ,5745070887556763 ,9.246353 ,-3.0715942 ,-1.1137695 ,0 ,Acc ,9
3dd9e578dace13af ,5745070989239367 ,9.322128 ,-2.6979675 ,-1.4103241 ,0 ,Acc ,9
3dd9e578dace13af ,5745071091471346 ,9.524109 ,-0.66539 ,-2.2402954 ,0 ,Acc ,9
3dd9e578dace13af ,5745071192162544 ,9.164963 ,1.5874329 ,-3.1070557 ,0 ,Acc ,9
3dd9e578dace13af ,5745071291543690 ,8.7872925 ,2.6681824 ,-3.4401093 ,0 ,Acc ,9
3dd9e578dace13af ,5745071411783690 ,8.540482 ,3.355896 ,-3.4595032 ,0 ,Acc ,9
3dd9e578dace13af ,5745071512501555 ,8.220444 ,3.666504 ,-3.8924713 ,0 ,Acc ,9
3dd9e578dace13af ,5745071630295929 ,8.501694 ,-3.6355896 ,3.2670898 ,0 ,Acc ,9
3dd9e578dace13af ,5745071730914992 ,8.177444 ,-3.5584717 ,4.078827 ,0 ,Acc ,9
3dd9e578dace13af ,5745071851982752 ,7.070755 ,-4.1812134 ,5.3565063 ,0 ,Acc ,9
3dd9e578dace13af ,5745071952952492 ,5.636963 ,-4.83226 ,6.4065704 ,0 ,Acc ,9
3dd9e578dace13af ,5745072071805408 ,3.8427734 ,-5.9464264 ,6.7855225 ,0 ,Acc ,9
3dd9e578dace13af ,5745072172113013 ,3.5840607 ,-6.268936 ,6.635132 ,0 ,Acc ,9
3dd9e578dace13af ,5745072273240565 ,5.055542 ,-5.8046265 ,6.076004 ,0 ,Acc ,9
3dd9e578dace13af ,5745072389937804 ,7.5381775 ,-3.9904175 ,4.839691 ,0 ,Acc ,9
3dd9e578dace13af ,5745072492336137 ,8.086639 ,-3.9359741 ,3.909546 ,0 ,Acc ,9
3dd9e578dace13af ,5745072593594471 ,8.217194 ,-4.4490967 ,2.9754639 ,0 ,Acc ,9
3dd9e578dace13af ,5745072713735200 ,8.682663 ,-3.5654602 ,2.840622 ,0 ,Acc ,9
3dd9e578dace13af ,5745072832773585 ,8.606567 ,-3.5461578 ,3.0857544 ,0 ,Acc ,9
3dd9e578dace13af ,5745072953367648 ,8.1566925 ,-3.7021484 ,3.991562 ,0 ,Acc ,9
3dd9e578dace13af ,5745073053186762 ,7.187561 ,-3.9471283 ,5.378586 ,0 ,Acc ,9
3dd9e578dace13af ,5745073154273950 ,5.725189 ,-4.6137695 ,6.488861 ,0 ,Acc ,9
3dd9e578dace13af ,5745073273092231 ,3.731186 ,-5.6344147 ,7.1064606 ,0 ,Acc ,9
3dd9e578dace13af ,5745073373130200 ,2.871292 ,-6.6125183 ,6.6483307 ,0 ,Acc ,9
3dd9e578dace13af ,5745073474610825 ,4.2291718 ,-6.2988586 ,6.2135773 ,0 ,Acc ,9
3dd9e578dace13af ,5745073568737700 ,2.1724548 ,0.5631256 ,-0.99098206 ,0 ,Acc ,10
3dd9e578dace13af ,5745073591707700 ,7.546356 ,-3.5107117 ,5.1862946 ,0 ,Acc ,9
3dd9e578dace13af ,5745073693126450 ,8.211884 ,-2.8835144 ,4.5189056 ,0 ,Acc ,9
3dd9e578dace13af ,5745073794887856 ,7.794281 ,-5.062668 ,3.1286926 ,0 ,Acc ,9
3dd9e578dace13af ,5745073910152908 ,8.055527 ,-4.777054 ,2.90831 ,0 ,Acc ,9
3dd9e578dace13af ,5745074014744574 ,8.485901 ,-4.1939087 ,2.5633545 ,0 ,Acc ,9
3dd9e578dace13af ,5745074114708741 ,8.724075 ,-3.3340302 ,2.9907837 ,0 ,Acc ,9
3dd9e578dace13af ,5745074214662751 ,8.139542 ,-3.4743042 ,4.224594 ,0 ,Acc ,9
3dd9e578dace13af ,5745074315509262 ,6.812958 ,-4.038574 ,5.7830505 ,0 ,Acc ,9
3dd9e578dace13af ,5745074434775720 ,4.802414 ,-5.031372 ,6.9131927 ,0 ,Acc ,9
3dd9e578dace13af ,5745074555411189 ,3.220871 ,-6.221649 ,6.8619995 ,0 ,Acc ,9
3dd9e578dace13af ,5745074674360199 ,3.7451324 ,-6.0786896 ,6.7226105 ,0 ,Acc ,9
3dd9e578dace13af ,5745074774964366 ,5.8007813 ,-5.123703 ,6.022354 ,0 ,Acc ,9
3dd9e578dace13af ,5745074875630147 ,7.3786163 ,-4.128174 ,4.968338 ,0 ,Acc ,9
3dd9e578dace13af ,5745074995322282 ,8.006149 ,-4.182953 ,3.817688 ,0 ,Acc ,9
3dd9e578dace13af ,5745075116341970 ,8.449142 ,-3.7196655 ,3.3085022 ,0 ,Acc ,9
3dd9e578dace13af ,5745075236425459 ,8.561218 ,-3.6157684 ,3.1307983 ,0 ,Acc ,9
3dd9e578dace13af ,5745075354739730 ,8.34407 ,-3.737671 ,3.546341 ,0 ,Acc ,9
3dd9e578dace13af ,5745075455889053 ,7.697281 ,-3.962387 ,4.606674 ,0 ,Acc ,9
3dd9e578dace13af ,5745075556816345 ,6.5869904 ,-4.2954865 ,5.859207 ,0 ,Acc ,9
3dd9e578dace13af ,5745075672906553 ,4.9593506 ,-5.1314087 ,6.7263336 ,0 ,Acc ,9
3dd9e578dace13af ,5745075797097542 ,3.5863342 ,-5.881439 ,6.9797516 ,0 ,Acc ,9
3dd9e578dace13af ,5745075916164209 ,4.4892426 ,-5.9482117 ,6.3746033 ,0 ,Acc ,9
3dd9e578dace13af ,5745076016675511 ,7.116516 ,-3.64357 ,5.678879 ,0 ,Acc ,9
3dd9e578dace13af ,5745076117358480 ,8.221893 ,-2.3776093 ,4.7872467 ,0 ,Acc ,9
3dd9e578dace13af ,5745076236359469 ,7.915451 ,-4.3038483 ,3.8720245 ,0 ,Acc ,9
3dd9e578dace13af ,5745076338622542 ,7.8194427 ,-4.71727 ,3.574051 ,0 ,Acc ,9
3dd9e578dace13af ,5745076456942334 ,7.873474 ,-4.5069733 ,3.7236786 ,0 ,Acc ,9
3dd9e578dace13af ,5745076573582751 ,7.7340393 ,-4.5943146 ,3.9047546 ,0 ,Acc ,9
3dd9e578dace13af ,5745076573059938 ,4.084381 ,1.5609894 ,-1.3406982 ,0 ,Acc ,10
3dd9e578dace13af ,5745076675581084 ,7.41745 ,-4.5753174 ,4.49646 ,0 ,Acc ,9
3dd9e578dace13af ,5745076777558688 ,6.6115417 ,-4.96933 ,5.2690887 ,0 ,Acc ,9
3dd9e578dace13af ,5745076896932282 ,5.458908 ,-5.5139008 ,5.997284 ,0 ,Acc ,9
3dd9e578dace13af ,5745076996333480 ,9.210236 ,-3.2987518 ,0.6781769 ,0 ,Acc ,9
3dd9e578dace13af ,5745077117162229 ,9.198044 ,-3.3175812 ,0.74819946 ,0 ,Acc ,9
3dd9e578dace13af ,5745077233688479 ,9.705109 ,-1.4045715 ,-0.091156006 ,0 ,Acc ,9
3dd9e578dace13af ,5745077339856396 ,9.736542 ,0.80070496 ,-0.853775 ,0 ,Acc ,9
3dd9e578dace13af ,5745077438785667 ,9.663895 ,1.3887024 ,-0.922348 ,0 ,Acc ,9
3dd9e578dace13af ,5745077556930198 ,9.716766 ,1.214798 ,-0.5280762 ,0 ,Acc ,9
3dd9e578dace13af ,5745077657204052 ,9.701889 ,1.0539551 ,-0.9657593 ,0 ,Acc ,9
3dd9e578dace13af ,5745077759282177 ,9.695145 ,0.59184265 ,-1.3505707 ,0 ,Acc ,9
3dd9e578dace13af ,5745077879366240 ,9.660004 ,0.17443848 ,-1.6805115 ,0 ,Acc ,9
3dd9e578dace13af ,5745077978894729 ,9.637497 ,-0.06591797 ,-1.8123169 ,0 ,Acc ,9
3dd9e578dace13af ,5745078097044365 ,9.686783 ,-0.8398285 ,-1.2770996 ,0 ,Acc ,9
3dd9e578dace13af ,5745078198589104 ,9.727692 ,-1.1533356 ,-0.46046448 ,0 ,Acc ,9
3dd9e578dace13af ,5745078319695510 ,9.508255 ,-2.3659515 ,0.4066925 ,0 ,Acc ,9
3dd9e578dace13af ,5745078436568948 ,9.008041 ,-3.8614502 ,0.33833313 ,0 ,Acc ,9
3dd9e578dace13af ,5745078538677906 ,8.953308 ,-3.9980621 ,0.15504456 ,0 ,Acc ,9
3dd9e578dace13af ,5745078654786343 ,9.242828 ,-3.2342377 ,-0.52915955 ,0 ,Acc ,9
3dd9e578dace13af ,5745078755342333 ,9.310333 ,-2.9023438 ,-1.0316315 ,0 ,Acc ,9
3dd9e578dace13af ,5745078855321031 ,9.314514 ,-2.511734 ,-1.7610168 ,0 ,Acc ,9
3dd9e578dace13af ,5745078956941031 ,9.2552185 ,-2.2818909 ,-2.3030548 ,0 ,Acc ,9
3dd9e578dace13af ,5745079059949468 ,9.128586 ,-2.6175842 ,-2.4468994 ,0 ,Acc ,9
3dd9e578dace13af ,5745079177168791 ,8.898727 ,-3.823761 ,-1.5368042 ,0 ,Acc ,9
3dd9e578dace13af ,5745079281016968 ,8.686417 ,-4.550354 ,-0.1023407 ,0 ,Acc ,9
3dd9e578dace13af ,5745079380339781 ,8.670303 ,-4.3607483 ,1.407135 ,0 ,Acc ,9
3dd9e578dace13af ,5745079481061083 ,8.720856 ,-3.4384155 ,2.8799438 ,0 ,Acc ,9
3dd9e578dace13af ,5745079577850197 ,1.3351898 ,-0.16583252 ,-4.7929077 ,0 ,Acc ,10
3dd9e578dace13af ,5745079596728895 ,7.948868 ,-4.256439 ,3.8559723 ,0 ,Acc ,9
3dd9e578dace13af ,5745079700692281 ,6.875656 ,-5.621353 ,4.1588135 ,0 ,Acc ,9
3dd9e578dace13af ,5745079800798270 ,5.9436493 ,-6.2018433 ,4.730789 ,0 ,Acc ,9
3dd9e578dace13af ,5745079917726499 ,5.219406 ,-6.276474 ,5.4345093 ,0 ,Acc ,9
3dd9e578dace13af ,5745080017571603 ,5.025894 ,-6.986664 ,4.70076 ,0 ,Acc ,9
3dd9e578dace13af ,5745080121492697 ,5.9179535 ,-6.9876556 ,3.510086 ,0 ,Acc ,9
3dd9e578dace13af ,5745080239382072 ,7.9062347 ,-5.105377 ,2.7562103 ,0 ,Acc ,9
3dd9e578dace13af ,5745080341013530 ,8.7847595 ,-4.0866547 ,1.5157166 ,0 ,Acc ,9
3dd9e578dace13af ,5745080461576239 ,9.342819 ,-2.9264832 ,0.5634155 ,0 ,Acc ,9
3dd9e578dace13af ,5745080578271759 ,9.619965 ,-1.9010468 ,0.11161804 ,0 ,Acc ,9
3dd9e578dace13af ,5745080677477332 ,9.455841 ,-2.3080444 ,1.1958466 ,0 ,Acc ,9
3dd9e578dace13af ,5745080781929832 ,8.533447 ,-2.907257 ,3.8598175 ,0 ,Acc ,9
3dd9e578dace13af ,5745080897540978 ,6.03302 ,-5.1631165 ,5.7545624 ,0 ,Acc ,9
3dd9e578dace13af ,5745081017447124 ,2.8190613 ,-7.487564 ,5.6709137 ,0 ,Acc ,9
3dd9e578dace13af ,5745081120971134 ,1.6074066 ,-7.602722 ,5.9820557 ,0 ,Acc ,9
3dd9e578dace13af ,5745081239527436 ,4.021057 ,-6.09639 ,6.544861 ,0 ,Acc ,9
3dd9e578dace13af ,5745081363291238 ,6.772064 ,-5.445404 ,4.544983 ,0 ,Acc ,9
3dd9e578dace13af ,5745081483350457 ,8.798401 ,-3.551056 ,2.4795837 ,0 ,Acc ,9
3dd9e578dace13af ,5745081603408634 ,9.584839 ,-1.6339264 ,1.2772827 ,0 ,Acc ,9
3dd9e578dace13af ,5745081720042228 ,9.61908 ,-1.279068 ,1.4168701 ,0 ,Acc ,9
3dd9e578dace13af ,5745081820924728 ,9.373901 ,-1.5068665 ,2.45549 ,0 ,Acc ,9
3dd9e578dace13af ,5745081923729311 ,8.466568 ,-2.781128 ,4.0930023 ,0 ,Acc ,9
3dd9e578dace13af ,5745082043814623 ,6.3532104 ,-3.9073944 ,6.367035 ,0 ,Acc ,9
3dd9e578dace13af ,5745082143115040 ,4.3625183 ,-4.8036957 ,7.3527527 ,0 ,Acc ,9
3dd9e578dace13af ,5745082243762540 ,2.5663605 ,-4.831238 ,8.138992 ,0 ,Acc ,9
3dd9e578dace13af ,5745082344150300 ,2.2064056 ,-5.098297 ,8.081421 ,0 ,Acc ,9
3dd9e578dace13af ,5745082460236811 ,5.0347137 ,-4.6518097 ,7.0130157 ,0 ,Acc ,9
3dd9e578dace13af ,5745082563819936 ,7.7052307 ,-3.9067688 ,4.6407623 ,0 ,Acc ,9
3dd9e578dace13af ,5745082599048582 ,6.949295 ,-3.086502 ,-2.0708466 ,0 ,Acc ,10
3dd9e578dace13af ,5745082683235092 ,9.371658 ,-1.097702 ,2.6715698 ,0 ,Acc ,9
3dd9e578dace13af ,5745082804503009 ,9.669327 ,-0.8901367 ,1.3718567 ,0 ,Acc ,9
3dd9e578dace13af ,5745082924859623 ,9.631485 ,-1.4360352 ,1.1586151 ,0 ,Acc ,9
3dd9e578dace13af ,5745083041417644 ,9.386353 ,-1.6698914 ,2.2973938 ,0 ,Acc ,9
3dd9e578dace13af ,5745083160684415 ,8.089142 ,-2.580841 ,4.9066467 ,0 ,Acc ,9
3dd9e578dace13af ,5745083263688008 ,5.86998 ,-4.532959 ,6.416046 ,0 ,Acc ,9
3dd9e578dace13af ,5745083384674310 ,2.6802673 ,-5.6479187 ,7.5556183 ,0 ,Acc ,9
3dd9e578dace13af ,5745083485361446 ,1.2156525 ,-6.062271 ,7.611923 ,0 ,Acc ,9
3dd9e578dace13af ,5745083605545925 ,3.780182 ,-6.2473755 ,6.546036 ,0 ,Acc ,9
3dd9e578dace13af ,5745083723675717 ,8.384384 ,-2.804016 ,4.2437744 ,0 ,Acc ,9
3dd9e578dace13af ,5745083825151706 ,9.297333 ,-1.5095215 ,2.7296753 ,0 ,Acc ,9
3dd9e578dace13af ,5745083925578685 ,9.459152 ,-1.9005127 ,1.7557678 ,0 ,Acc ,9
3dd9e578dace13af ,5745084025365404 ,9.624268 ,-1.0750122 ,1.5453644 ,0 ,Acc ,9
3dd9e578dace13af ,5745084126103685 ,9.653412 ,-0.9636688 ,1.4328766 ,0 ,Acc ,9
3dd9e578dace13af ,5745084225618425 ,9.285431 ,-1.8824768 ,2.5312653 ,0 ,Acc ,9
3dd9e578dace13af ,5745084346462123 ,7.843918 ,-2.703186 ,5.228363 ,0 ,Acc ,9
3dd9e578dace13af ,5745084446423112 ,5.7405396 ,-3.8472137 ,6.9581146 ,0 ,Acc ,9
3dd9e578dace13af ,5745084566566133 ,2.8627167 ,-4.631241 ,8.156387 ,0 ,Acc ,9
3dd9e578dace13af ,5745084681771393 ,1.995758 ,-4.6792755 ,8.384003 ,0 ,Acc ,9
3dd9e578dace13af ,5745085122763841 ,9.618011 ,-1.0539551 ,1.5979004 ,0 ,Acc ,9
3dd9e578dace13af ,5745085223118945 ,9.720047 ,-0.84516907 ,0.9881592 ,0 ,Acc ,9
3dd9e578dace13af ,5745085329237122 ,9.618912 ,-1.4173737 ,1.2797241 ,0 ,Acc ,9
3dd9e578dace13af ,5745085444311497 ,8.905304 ,-2.2577515 ,3.4305115 ,0 ,Acc ,9
3dd9e578dace13af ,5745085544700039 ,7.3789673 ,-2.6424103 ,5.893936 ,0 ,Acc ,9
3dd9e578dace13af ,5745085604687903 ,4.432358 ,0.3683014 ,-7.6070557 ,0 ,Acc ,10
3dd9e578dace13af ,5745085644628685 ,5.054489 ,-3.725174 ,7.532959 ,0 ,Acc ,9
3dd9e578dace13af ,5745085744695612 ,2.8030853 ,-4.375458 ,8.316742 ,0 ,Acc ,9
3dd9e578dace13af ,5745085848439309 ,2.3567047 ,-4.1743927 ,8.555145 ,0 ,Acc ,9
3dd9e578dace13af ,5745085949117539 ,4.7140656 ,-4.274475 ,7.46167 ,0 ,Acc ,9
3dd9e578dace13af ,5745086048626653 ,7.6263733 ,-3.204605 ,5.2668 ,0 ,Acc ,9
3dd9e578dace13af ,5745086164547591 ,9.185287 ,-1.684967 ,2.9935913 ,0 ,Acc ,9
3dd9e578dace13af ,5745086266773268 ,9.5923 ,-1.1022644 ,1.7155151 ,0 ,Acc ,9
3dd9e578dace13af ,5745086369017903 ,9.711868 ,-0.70532227 ,1.1629181 ,0 ,Acc ,9
3dd9e578dace13af ,5745086487983163 ,9.594101 ,-1.2875061 ,1.5702667 ,0 ,Acc ,9
3dd9e578dace13af ,5745086588139413 ,9.131363 ,-1.9987793 ,2.9653625 ,0 ,Acc ,9
3dd9e578dace13af ,5745086689375299 ,8.090225 ,-1.9042969 ,5.205017 ,0 ,Acc ,9
3dd9e578dace13af ,5745086804444622 ,5.588928 ,-3.855896 ,7.0757446 ,0 ,Acc ,9
3dd9e578dace13af ,5745086904971757 ,3.3947754 ,-4.8498993 ,7.8181915 ,0 ,Acc ,9
3dd9e578dace13af ,5745087009247955 ,2.8254852 ,-5.074768 ,7.9014893 ,0 ,Acc ,9
3dd9e578dace13af ,5745087126599986 ,5.7664185 ,-4.3596497 ,6.626602 ,0 ,Acc ,9
3dd9e578dace13af ,5745087249468684 ,8.246536 ,-2.7236023 ,4.5548706 ,0 ,Acc ,9
3dd9e578dace13af ,5745087369581757 ,9.03125 ,-3.0623322 ,2.2866669 ,0 ,Acc ,9
3dd9e578dace13af ,5745087489689830 ,9.677856 ,-1.0171967 ,1.2144165 ,0 ,Acc ,9
3dd9e578dace13af ,5745087609026913 ,9.796631 ,-0.3350525 ,0.29003906 ,0 ,Acc ,9
3dd9e578dace13af ,5745087729997121 ,9.269012 ,-2.273407 ,2.255478 ,0 ,Acc ,9
3dd9e578dace13af ,5745087846308371 ,7.426178 ,-3.6683807 ,5.250229 ,0 ,Acc ,9
3dd9e578dace13af ,5745087951254830 ,5.445877 ,-4.4500427 ,6.8344574 ,0 ,Acc ,9
3dd9e578dace13af ,5745088050333579 ,2.9937286 ,-5.5051575 ,7.543274 ,0 ,Acc ,9
3dd9e578dace13af ,5745088151452486 ,1.6014252 ,-5.97139 ,7.6123657 ,0 ,Acc ,9
3dd9e578dace13af ,5745088268454256 ,3.9419403 ,-5.868561 ,6.796417 ,0 ,Acc ,9
3dd9e578dace13af ,5745088370689517 ,7.5945435 ,-3.7459717 ,4.9457855 ,0 ,Acc ,9
3dd9e578dace13af ,5745088490455715 ,9.206314 ,-1.9340057 ,2.7701416 ,0 ,Acc ,9
3dd9e578dace13af ,5745088607421027 ,9.521011 ,-1.6090698 ,1.712143 ,0 ,Acc ,9
3dd9e578dace13af ,5745088606898527 ,-0.03453064 ,-4.393036 ,-0.009994507 ,0 ,Acc ,10
3dd9e578dace13af ,5745088729295454 ,9.703384 ,-1.036789 ,0.9692993 ,0 ,Acc ,9
3dd9e578dace13af ,5745088851184308 ,9.469925 ,-1.9515991 ,1.6377106 ,0 ,Acc ,9
3dd9e578dace13af ,5745088952308527 ,8.5429535 ,-2.856781 ,3.8764343 ,0 ,Acc ,9
3dd9e578dace13af ,5745089070791704 ,6.0428314 ,-4.738205 ,6.0994873 ,0 ,Acc ,9
3dd9e578dace13af ,5745089187203839 ,3.0032501 ,-6.109558 ,7.058609 ,0 ,Acc ,9
3dd9e578dace13af ,5745089291383631 ,2.055481 ,-6.6331635 ,6.9243164 ,0 ,Acc ,9
3dd9e578dace13af ,5745089411111183 ,4.014084 ,-6.1555634 ,6.493561 ,0 ,Acc ,9
3dd9e578dace13af ,5745089531958110 ,7.7064056 ,-3.663742 ,4.8330383 ,0 ,Acc ,9
3dd9e578dace13af ,5745089631328943 ,8.821716 ,-2.8536224 ,3.1944427 ,0 ,Acc ,9
3dd9e578dace13af ,5745089753202485 ,9.236572 ,-2.8134308 ,1.7147675 ,0 ,Acc ,9
3dd9e578dace13af ,5745089871655506 ,9.638596 ,-1.5211334 ,0.97657776 ,0 ,Acc ,9
3dd9e578dace13af ,5745089972364620 ,9.5998535 ,-1.5698853 ,1.2443848 ,0 ,Acc ,9
3dd9e578dace13af ,5745090091234985 ,8.852371 ,-3.0092468 ,2.9580536 ,0 ,Acc ,9
3dd9e578dace13af ,5745090191291547 ,7.6318665 ,-3.3522797 ,5.1659393 ,0 ,Acc ,9
3dd9e578dace13af ,5745090292689672 ,5.6120453 ,-4.9540863 ,6.3349915 ,0 ,Acc ,9
3dd9e578dace13af ,5745090412996235 ,3.3511658 ,-6.25412 ,6.7694855 ,0 ,Acc ,9
3dd9e578dace13af ,5745090531527954 ,3.629898 ,-6.0594788 ,6.8026886 ,0 ,Acc ,9
3dd9e578dace13af ,5745090632645349 ,5.6999817 ,-5.256668 ,6.0039825 ,0 ,Acc ,9
3dd9e578dace13af ,5745090749442224 ,7.601532 ,-4.6966705 ,4.0407867 ,0 ,Acc ,9
3dd9e578dace13af ,5745090872714412 ,9.039734 ,-3.2088318 ,2.0388489 ,0 ,Acc ,9
3dd9e578dace13af ,5745090973616599 ,9.701691 ,-1.139328 ,0.8655853 ,0 ,Acc ,9
3dd9e578dace13af ,5745091088662224 ,9.65979 ,-1.517273 ,0.74601746 ,0 ,Acc ,9
3dd9e578dace13af ,5745091193106339 ,9.291901 ,-2.227234 ,2.206833 ,0 ,Acc ,9
3dd9e578dace13af ,5745091293850766 ,8.213058 ,-2.603714 ,4.683655 ,0 ,Acc ,9
3dd9e578dace13af ,5745091409386755 ,5.241028 ,-5.320999 ,6.3552094 ,0 ,Acc ,9
3dd9e578dace13af ,5745091513762224 ,2.4156952 ,-6.8293304 ,6.610199 ,0 ,Acc ,9
3dd9e578dace13af ,5745091611628734 ,4.2962036 ,6.0261536 ,-6.5565643 ,0 ,Acc ,10
3dd9e578dace13af ,5745091629480401 ,1.2182922 ,-7.348068 ,6.379013 ,0 ,Acc ,9
3dd9e578dace13af ,5745091731254099 ,3.5810547 ,-6.727478 ,6.1714783 ,0 ,Acc ,9
3dd9e578dace13af ,5745091833889047 ,7.3533325 ,-4.5898895 ,4.586014 ,0 ,Acc ,9
3dd9e578dace13af ,5745091933817276 ,9.071426 ,-2.7009277 ,2.5659943 ,0 ,Acc ,9
3dd9e578dace13af ,5745092051237953 ,9.5224 ,-1.8871613 ,1.3902588 ,0 ,Acc ,9
3dd9e578dace13af ,5745092169826547 ,9.686218 ,-1.2963562 ,0.81666565 ,0 ,Acc ,9
3dd9e578dace13af ,5745092273200505 ,9.541519 ,-1.9608154 ,1.1334839 ,0 ,Acc ,9
3dd9e578dace13af ,5745092394316703 ,8.368164 ,-3.8785553 ,3.331787 ,0 ,Acc ,9
3dd9e578dace13af ,5745092495185453 ,6.762741 ,-4.4232025 ,5.556137 ,0 ,Acc ,9
3dd9e578dace13af ,5745092612847224 ,4.481018 ,-4.7769623 ,7.2987213 ,0 ,Acc ,9
3dd9e578dace13af ,5745092714211078 ,2.9577637 ,-4.2438507 ,8.33136 ,0 ,Acc ,9
3dd9e578dace13af ,5745092815427744 ,3.6124115 ,-4.1647034 ,8.1102295 ,0 ,Acc ,9
3dd9e578dace13af ,5745092935678526 ,6.7132263 ,-3.9444275 ,5.961899 ,0 ,Acc ,9
3dd9e578dace13af ,5745093054525765 ,8.599609 ,-3.1632233 ,3.4944153 ,0 ,Acc ,9
3dd9e578dace13af ,5745093154789203 ,9.070175 ,-3.2943573 ,1.7462463 ,0 ,Acc ,9
3dd9e578dace13af ,5745093256015609 ,9.197891 ,-3.3806763 ,0.3743286 ,0 ,Acc ,9
3dd9e578dace13af ,5745093356439255 ,9.144089 ,-3.5223694 ,-0.38562012 ,0 ,Acc ,9
3dd9e578dace13af ,5745093455791442 ,8.85582 ,-4.1510925 ,-0.71621704 ,0 ,Acc ,9
3dd9e578dace13af ,5745093556804567 ,8.967529 ,-3.954895 ,0.33535767 ,0 ,Acc ,9
3dd9e578dace13af ,5745093674993786 ,9.159729 ,-2.9359589 ,1.9103851 ,0 ,Acc ,9
3dd9e578dace13af ,5745093775333004 ,8.850952 ,-3.6719818 ,2.0850372 ,0 ,Acc ,9
3dd9e578dace13af ,5745093894280192 ,8.69342 ,-4.276245 ,1.5193329 ,0 ,Acc ,9
3dd9e578dace13af ,5745094011884358 ,8.650314 ,-4.5736694 ,-0.6508789 ,0 ,Acc ,9
3dd9e578dace13af ,5745094116595348 ,7.7551727 ,-5.1880035 ,-3.018631 ,0 ,Acc ,9
3dd9e578dace13af ,5745094216943213 ,7.5153503 ,-6.228546 ,0.9459686 ,0 ,Acc ,9
3dd9e578dace13af ,5745094335365765 ,8.080261 ,-5.1422424 ,2.1064148 ,0 ,Acc ,9
3dd9e578dace13af ,5745094457228421 ,8.561157 ,-4.3215637 ,2.0496063 ,0 ,Acc ,9
3dd9e578dace13af ,5745094557308785 ,8.944046 ,-3.625763 ,1.7401733 ,0 ,Acc ,9
3dd9e578dace13af ,5745094614060660 ,3.6897125 ,-0.51161194 ,-0.033416748 ,0 ,Acc ,10
3dd9e578dace13af ,5745094672015556 ,9.1801605 ,-2.9072113 ,1.8555603 ,0 ,Acc ,9
3dd9e578dace13af ,5745094777592848 ,8.893707 ,-2.8204803 ,3.019455 ,0 ,Acc ,9
3dd9e578dace13af ,5745094877177327 ,7.9462433 ,-3.3307343 ,4.6833344 ,0 ,Acc ,9
3dd9e578dace13af ,5745094994869462 ,5.6619873 ,-5.6423187 ,5.6812286 ,0 ,Acc ,9
3dd9e578dace13af ,5745095112592171 ,3.9537659 ,-7.1628876 ,5.40654 ,0 ,Acc ,9
3dd9e578dace13af ,5745095214577275 ,4.608597 ,-7.1251984 ,4.915558 ,0 ,Acc ,9
3dd9e578dace13af ,5745095317696962 ,7.0536804 ,-5.0330353 ,4.5917664 ,0 ,Acc ,9
3dd9e578dace13af ,5745095418395191 ,8.351761 ,-3.8511047 ,3.4040222 ,0 ,Acc ,9
3dd9e578dace13af ,5745095517837431 ,8.69104 ,-4.132187 ,1.8870392 ,0 ,Acc ,9
3dd9e578dace13af ,5745095636694254 ,9.196518 ,-3.215744 ,1.1195068 ,0 ,Acc ,9
3dd9e578dace13af ,5745095738726024 ,9.520752 ,-2.2343597 ,0.7300873 ,0 ,Acc ,9
3dd9e578dace13af ,5745095858477118 ,9.354431 ,-2.421936 ,1.6730194 ,0 ,Acc ,9
3dd9e578dace13af ,5745095976852691 ,8.109283 ,-3.811554 ,3.985199 ,0 ,Acc ,9
3dd9e578dace13af ,5745096096971910 ,5.769806 ,-5.818344 ,5.387619 ,0 ,Acc ,9
3dd9e578dace13af ,5745096198551910 ,3.489624 ,-6.798874 ,6.145569 ,0 ,Acc ,9
3dd9e578dace13af ,5745096318723160 ,2.3170013 ,-7.6433105 ,5.6904755 ,0 ,Acc ,9
3dd9e578dace13af ,5745096435669878 ,5.0164795 ,-6.7978973 ,4.9793243 ,0 ,Acc ,9
3dd9e578dace13af ,5745096539546597 ,8.148529 ,-4.158325 ,3.5326843 ,0 ,Acc ,9
3dd9e578dace13af ,5745096654729410 ,9.176117 ,-2.8498535 ,1.9614868 ,0 ,Acc ,9
3dd9e578dace13af ,5745096756501232 ,9.164764 ,-3.2949982 ,1.1490021 ,0 ,Acc ,9
3dd9e578dace13af ,5745096877268941 ,9.410629 ,-2.412323 ,1.3382874 ,0 ,Acc ,9
3dd9e578dace13af ,5745096997275086 ,9.207901 ,-2.8262482 ,1.8430939 ,0 ,Acc ,9
3dd9e578dace13af ,5745097097564201 ,8.56398 ,-3.7584686 ,2.9499817 ,0 ,Acc ,9
3dd9e578dace13af ,5745097199074618 ,7.4895935 ,-4.372635 ,4.5778046 ,0 ,Acc ,9
3dd9e578dace13af ,5745097314904461 ,5.8325043 ,-5.506531 ,5.641815 ,0 ,Acc ,9
3dd9e578dace13af ,5745097415818368 ,4.6488647 ,-6.590637 ,5.5786896 ,0 ,Acc ,9
3dd9e578dace13af ,5745097520041961 ,4.7765656 ,-6.6861115 ,5.3526154 ,0 ,Acc ,9
3dd9e578dace13af ,5745097618211024 ,3.1010742 ,-1.1568298 ,-0.15032959 ,0 ,Acc ,10
3dd9e578dace13af ,5745097636024930 ,6.646286 ,-5.632019 ,4.5030212 ,0 ,Acc ,9
3dd9e578dace13af ,5745097741046857 ,7.888672 ,-3.3801422 ,4.744858 ,0 ,Acc ,9
3dd9e578dace13af ,5745097858088263 ,8.010422 ,-3.3789215 ,4.5371857 ,0 ,Acc ,9
3dd9e578dace13af ,5745097960080086 ,7.8719482 ,-3.3246002 ,4.8114166 ,0 ,Acc ,9
3dd9e578dace13af ,5745098061170503 ,7.7988586 ,-3.2498932 ,4.9785767 ,0 ,Acc ,9
3dd9e578dace13af ,5745098177373940 ,8.100296 ,-2.4887543 ,4.9357452 ,0 ,Acc ,9
3dd9e578dace13af ,5745098277137013 ,8.20105 ,-2.0045319 ,4.9894714 ,0 ,Acc ,9
3dd9e578dace13af ,5745098381482534 ,7.98645 ,-2.3437195 ,5.1859283 ,0 ,Acc ,9
3dd9e578dace13af ,5745098500817898 ,7.404648 ,-3.5090637 ,5.387741 ,0 ,Acc ,9
3dd9e578dace13af ,5745098622086544 ,9.090439 ,-3.0274353 ,2.0901184 ,0 ,Acc ,9
3dd9e578dace13af ,5745098738076492 ,9.317825 ,-2.2843323 ,2.0322418 ,0 ,Acc ,9
3dd9e578dace13af ,5745098838869461 ,9.49324 ,-1.5066833 ,1.9438171 ,0 ,Acc ,9
3dd9e578dace13af ,5745098939344721 ,9.57666 ,-0.71980286 ,1.984848 ,0 ,Acc ,9
3dd9e578dace13af ,5745099062203575 ,9.640442 ,-0.4378662 ,1.7436218 ,0 ,Acc ,9
3dd9e578dace13af ,5745099162740971 ,9.725174 ,0.482193 ,1.1656342 ,0 ,Acc ,9
3dd9e578dace13af ,5745099279366909 ,9.683563 ,1.484909 ,0.44036865 ,0 ,Acc ,9
3dd9e578dace13af ,5745099382585867 ,9.74794 ,0.971344 ,0.45196533 ,0 ,Acc ,9
3dd9e578dace13af ,5745099503149721 ,9.371979 ,-2.1301422 ,1.9490356 ,0 ,Acc ,9
3dd9e578dace13af ,5745099622500971 ,8.265152 ,-4.250885 ,3.1284637 ,0 ,Acc ,9
3dd9e578dace13af ,5745099742151075 ,7.7848816 ,-4.909424 ,3.3857727 ,0 ,Acc ,9
3dd9e578dace13af ,5745099863139096 ,8.35817 ,-4.444916 ,2.5600586 ,0 ,Acc ,9
3dd9e578dace13af ,5745099964213262 ,9.56604 ,-1.8522491 ,1.1092377 ,0 ,Acc ,9
3dd9e578dace13af ,5745100082815502 ,9.532608 ,2.3006592 ,-0.08018494 ,0 ,Acc ,9
3dd9e578dace13af ,5745100200184356 ,9.704727 ,1.0021973 ,0.9919586 ,0 ,Acc ,9
3dd9e578dace13af ,5745100321707273 ,9.586884 ,-0.8056946 ,1.9007568 ,0 ,Acc ,9
3dd9e578dace13af ,5745100438281283 ,9.73674 ,-0.09983826 ,1.164505 ,0 ,Acc ,9
3dd9e578dace13af ,5745100543285814 ,9.773865 ,0.7933197 ,-0.11172485 ,0 ,Acc ,9
3dd9e578dace13af ,5745100620986752 ,1.459198 ,-4.0078125 ,1.3535004 ,0 ,Acc ,10
3dd9e578dace13af ,5745100659180762 ,9.787323 ,0.52941895 ,0.31356812 ,0 ,Acc ,9
3dd9e578dace13af ,5745100759410033 ,9.593643 ,-0.37123108 ,1.9985809 ,0 ,Acc ,9
3dd9e578dace13af ,5745100864209408 ,8.79863 ,-2.6780243 ,3.403305 ,0 ,Acc ,9
3dd9e578dace13af ,5745100983267533 ,7.4404755 ,-4.4289246 ,4.603714 ,0 ,Acc ,9
3dd9e578dace13af ,5745101083832168 ,7.189987 ,-4.796692 ,4.633133 ,0 ,Acc ,9
3dd9e578dace13af ,5745101201522585 ,8.576843 ,-3.3907928 ,3.333252 ,0 ,Acc ,9
3dd9e578dace13af ,5745101304675606 ,9.38504 ,-1.7192688 ,2.2661133 ,0 ,Acc ,9
3dd9e578dace13af ,5745101424915033 ,9.619827 ,-0.7989502 ,1.7294159 ,0 ,Acc ,9
3dd9e578dace13af ,5745101544112741 ,9.668716 ,1.2568207 ,1.0518799 ,0 ,Acc ,9
3dd9e578dace13af ,5745101664623106 ,9.501556 ,2.4065552 ,-0.31488037 ,0 ,Acc ,9
3dd9e578dace13af ,5745101765967428 ,9.658722 ,1.6555176 ,-0.3721466 ,0 ,Acc ,9
3dd9e578dace13af ,5745101884648418 ,9.681885 ,0.13642883 ,1.5532532 ,0 ,Acc ,9
3dd9e578dace13af ,5745101985398835 ,8.7313385 ,-2.2070465 ,3.881073 ,0 ,Acc ,9
3dd9e578dace13af ,5745102102398991 ,6.279068 ,-5.0395966 ,5.5987396 ,0 ,Acc ,9
3dd9e578dace13af ,5745102203236855 ,4.6507874 ,-6.5847473 ,5.58403 ,0 ,Acc ,9
3dd9e578dace13af ,5745102305779564 ,5.1161804 ,-6.9108734 ,4.715378 ,0 ,Acc ,9
3dd9e578dace13af ,5745102405343314 ,8.248138 ,-3.981781 ,3.5048218 ,0 ,Acc ,9
3dd9e578dace13af ,5745102505994928 ,9.687698 ,0.444458 ,1.4564209 ,0 ,Acc ,9
3dd9e578dace13af ,5745102624958053 ,9.556335 ,1.9783173 ,0.9659271 ,0 ,Acc ,9
3dd9e578dace13af ,5745102725733418 ,9.631668 ,1.6494751 ,0.8247986 ,0 ,Acc ,9
3dd9e578dace13af ,5745102826339459 ,9.650238 ,1.568039 ,0.7643738 ,0 ,Acc ,9
3dd9e578dace13af ,5745102941532428 ,9.730118 ,1.1729126 ,0.34553528 ,0 ,Acc ,9
3dd9e578dace13af ,5745103042557845 ,9.749649 ,0.28427124 ,1.0167084 ,0 ,Acc ,9
3dd9e578dace13af ,5745103146656022 ,9.305267 ,-0.58592224 ,3.0395508 ,0 ,Acc ,9
3dd9e578dace13af ,5745103246577220 ,7.92572 ,-3.4842987 ,4.605728 ,0 ,Acc ,9
3dd9e578dace13af ,5745103362912063 ,6.19812 ,-5.4700775 ,5.2755585 ,0 ,Acc ,9
3dd9e578dace13af ,5745103463820292 ,6.1856537 ,-5.706558 ,5.034195 ,0 ,Acc ,9
3dd9e578dace13af ,5745103568121438 ,7.864029 ,-4.093582 ,4.1916504 ,0 ,Acc ,9
3dd9e578dace13af ,5745103625251282 ,1.040863 ,-0.3491974 ,-0.48963928 ,0 ,Acc ,10
3dd9e578dace13af ,5745103682411594 ,9.649399 ,-0.66007996 ,1.6197205 ,0 ,Acc ,9
3dd9e578dace13af ,5745103787329615 ,9.74118 ,1.0818634 ,0.33033752 ,0 ,Acc ,9
3dd9e578dace13af ,5745103887352115 ,9.702652 ,1.4003906 ,-0.26011658 ,0 ,Acc ,9
3dd9e578dace13af ,5745104003801178 ,9.5920105 ,1.7892914 ,-0.9807892 ,0 ,Acc ,9
3dd9e578dace13af ,5745104107719980 ,9.723434 ,1.1906891 ,-0.45539856 ,0 ,Acc ,9
3dd9e578dace13af ,5745104207593469 ,9.757324 ,-0.15927124 ,0.9692688 ,0 ,Acc ,9
3dd9e578dace13af ,5745104307957584 ,9.373474 ,-1.2518158 ,2.5963898 ,0 ,Acc ,9
3dd9e578dace13af ,5745104426645500 ,8.436295 ,-2.7300873 ,4.1887665 ,0 ,Acc ,9
3dd9e578dace13af ,5745104527980917 ,7.164459 ,-4.3205566 ,5.1159973 ,0 ,Acc ,9
3dd9e578dace13af ,5745104647036438 ,6.323349 ,-5.9285126 ,4.586731 ,0 ,Acc ,9
3dd9e578dace13af ,5745104764670396 ,8.295807 ,-4.0296783 ,3.3333893 ,0 ,Acc ,9
3dd9e578dace13af ,5745104888257427 ,9.724838 ,-0.04055786 ,1.2633514 ,0 ,Acc ,9
3dd9e578dace13af ,5745105007841646 ,9.716873 ,0.6423645 ,1.157547 ,0 ,Acc ,9
3dd9e578dace13af ,5745105108785500 ,9.725204 ,0.84988403 ,0.9319 ,0 ,Acc ,9
3dd9e578dace13af ,5745105227344615 ,9.730911 ,1.0426483 ,0.62654114 ,0 ,Acc ,9
3dd9e578dace13af ,5745105346195865 ,9.771011 ,0.5864868 ,0.5945282 ,0 ,Acc ,9
3dd9e578dace13af ,5745105466571698 ,9.650604 ,-0.73490906 ,1.5798798 ,0 ,Acc ,9
3dd9e578dace13af ,5745105589370552 ,8.961044 ,-2.4655762 ,3.129013 ,0 ,Acc ,9
3dd9e578dace13af ,5745105705358052 ,7.665268 ,-4.576523 ,4.0582123 ,0 ,Acc ,9
3dd9e578dace13af ,5745105805962739 ,7.1277313 ,-5.522995 ,3.8551178 ,0 ,Acc ,9
3dd9e578dace13af ,5745105909652896 ,7.780319 ,-4.8837433 ,3.4330444 ,0 ,Acc ,9
3dd9e578dace13af ,5745106027445500 ,9.379623 ,-2.0094147 ,2.038391 ,0 ,Acc ,9
3dd9e578dace13af ,5745106147585395 ,9.715057 ,0.30836487 ,1.3010559 ,0 ,Acc ,9
3dd9e578dace13af ,5745106267517739 ,9.712875 ,-0.059921265 ,1.351532 ,0 ,Acc ,9
3dd9e578dace13af ,5745106371153520 ,9.738251 ,0.3520813 ,1.101181 ,0 ,Acc ,9
3dd9e578dace13af ,5745106490032218 ,9.768829 ,0.7682648 ,0.38716125 ,0 ,Acc ,9
3dd9e578dace13af ,5745106609474354 ,9.787201 ,-0.054244995 ,0.61473083 ,0 ,Acc ,9
3dd9e578dace13af ,5745106647027374 ,1.1284943 ,-4.2323 ,0.36984253 ,0 ,Acc ,10
3dd9e578dace13af ,5745106725194927 ,9.623993 ,-1.0010834 ,1.5958252 ,0 ,Acc ,9
3dd9e578dace13af ,5745106829387426 ,9.218948 ,-1.7941589 ,2.8217163 ,0 ,Acc ,9
3dd9e578dace13af ,5745106947245239 ,7.9364166 ,-3.9341583 ,4.20784 ,0 ,Acc ,9
3dd9e578dace13af ,5745107047753051 ,6.898758 ,-5.6428375 ,4.0909424 ,0 ,Acc ,9
3dd9e578dace13af ,5745107149690447 ,7.5005035 ,-5.182663 ,3.6128387 ,0 ,Acc ,9
3dd9e578dace13af ,5745107267878780 ,9.407318 ,-1.5435181 ,2.3000336 ,0 ,Acc ,9
3dd9e578dace13af ,5745107387064718 ,9.713898 ,0.40351868 ,1.2835541 ,0 ,Acc ,9
3dd9e578dace13af ,5745107490298312 ,9.738113 ,0.3813324 ,1.0927124 ,0 ,Acc ,9
3dd9e578dace13af ,5745107606159718 ,9.715027 ,1.1505585 ,0.68162537 ,0 ,Acc ,9
3dd9e578dace13af ,5745107711607322 ,9.754684 ,0.9721832 ,0.26696777 ,0 ,Acc ,9
3dd9e578dace13af ,5745107831461384 ,9.772812 ,-0.22720337 ,0.78160095 ,0 ,Acc ,9
3dd9e578dace13af ,5745108669540238 ,9.501312 ,-1.1854401 ,2.1189728 ,0 ,Acc ,9
3dd9e578dace13af ,5745108788907947 ,9.536072 ,-1.0049438 ,2.05513 ,0 ,Acc ,9
3dd9e578dace13af ,5745108892500499 ,9.628189 ,-0.65400696 ,1.7436981 ,0 ,Acc ,9
3dd9e578dace13af ,5745108993010863 ,9.591354 ,-1.1147308 ,1.7127838 ,0 ,Acc ,9
3dd9e578dace13af ,5745109110571644 ,9.451172 ,-1.7674866 ,1.9291382 ,0 ,Acc ,9
3dd9e578dace13af ,5745109212489873 ,9.152893 ,-2.3289795 ,2.6401825 ,0 ,Acc ,9
3dd9e578dace13af ,5745109313295967 ,8.367325 ,-3.5822296 ,3.6504211 ,0 ,Acc ,9
3dd9e578dace13af ,5745109430199873 ,6.9431763 ,-5.6127014 ,4.057068 ,0 ,Acc ,9
3dd9e578dace13af ,5745109531478155 ,6.497879 ,-6.215805 ,3.9130096 ,0 ,Acc ,9
3dd9e578dace13af ,5745109633755915 ,7.5691376 ,-5.206558 ,3.4307709 ,0 ,Acc ,9
3dd9e578dace13af ,5745109648037582 ,1.4724121 ,2.0575562 ,-2.4809418 ,0 ,Acc ,10
3dd9e578dace13af ,5745109750278207 ,9.25444 ,-1.9686279 ,2.5787506 ,0 ,Acc ,9
3dd9e578dace13af ,5745109873943050 ,9.42099 ,-0.46211243 ,2.6835632 ,0 ,Acc ,9
3dd9e578dace13af ,5745109975048832 ,9.28714 ,-1.7341614 ,2.6290436 ,0 ,Acc ,9
3dd9e578dace13af ,5745110093117894 ,9.380829 ,-1.6446228 ,2.3378296 ,0 ,Acc ,9
3dd9e578dace13af ,5745110194334040 ,9.575546 ,-1.2587585 ,1.7014008 ,0 ,Acc ,9
3dd9e578dace13af ,5745110313287217 ,9.557053 ,-1.5205688 ,1.5877075 ,0 ,Acc ,9
3dd9e578dace13af ,5745110433560550 ,9.223389 ,-2.1303864 ,2.5614166 ,0 ,Acc ,9
3dd9e578dace13af ,5745110554698467 ,8.761841 ,-2.8275146 ,3.3772125 ,0 ,Acc ,9
3dd9e578dace13af ,5745110674783363 ,7.8179626 ,-4.2639008 ,4.107147 ,0 ,Acc ,9
3dd9e578dace13af ,5745110774848571 ,6.9578705 ,-5.386902 ,4.328903 ,0 ,Acc ,9
3dd9e578dace13af ,5745110874763362 ,7.015747 ,-5.48085 ,4.112137 ,0 ,Acc ,9
3dd9e578dace13af ,5745110995188414 ,8.468765 ,-3.8219604 ,3.1373138 ,0 ,Acc ,9
3dd9e578dace13af ,5745111094642998 ,9.37088 ,-1.7159882 ,2.3263855 ,0 ,Acc ,9
3dd9e578dace13af ,5745111195399821 ,9.51416 ,-1.1108093 ,2.1016998 ,0 ,Acc ,9
3dd9e578dace13af ,5745111311998466 ,9.361404 ,-2.316864 ,1.7794342 ,0 ,Acc ,9
3dd9e578dace13af ,5745111415011852 ,9.462265 ,-1.9953461 ,1.6292114 ,0 ,Acc ,9
3dd9e578dace13af ,5745111515786956 ,9.591095 ,-1.4527435 ,1.4389496 ,0 ,Acc ,9
3dd9e578dace13af ,5745111632305914 ,9.634277 ,-0.9515381 ,1.5637817 ,0 ,Acc ,9
3dd9e578dace13af ,5745111751086539 ,9.347534 ,-1.3171844 ,2.6568298 ,0 ,Acc ,9
3dd9e578dace13af ,5745111850724977 ,8.610855 ,-2.4964447 ,3.9738007 ,0 ,Acc ,9
3dd9e578dace13af ,5745111955945393 ,7.3884125 ,-4.472992 ,4.6447754 ,0 ,Acc ,9
3dd9e578dace13af ,5745112055695706 ,6.4575653 ,-5.668991 ,4.7257233 ,0 ,Acc ,9
3dd9e578dace13af ,5745112156418258 ,6.7770996 ,-5.399109 ,4.592453 ,0 ,Acc ,9
3dd9e578dace13af ,5745112256057216 ,8.2556 ,-3.2185974 ,4.201889 ,0 ,Acc ,9
3dd9e578dace13af ,5745112356613258 ,8.953476 ,-2.3656616 ,3.226303 ,0 ,Acc ,9
3dd9e578dace13af ,5745112476429716 ,9.078491 ,-2.516632 ,2.7235565 ,0 ,Acc ,9
3dd9e578dace13af ,5745112576555758 ,9.309219 ,-1.7667999 ,2.5272827 ,0 ,Acc ,9
3dd9e578dace13af ,5745112651017268 ,-0.5034027 ,-3.2472687 ,0.32666016 ,0 ,Acc ,10
3dd9e578dace13af ,5745112691591643 ,9.538788 ,-0.7537384 ,2.1479645 ,0 ,Acc ,9
3dd9e578dace13af ,5745112797115133 ,9.612442 ,-0.51664734 ,1.8719635 ,0 ,Acc ,9
3dd9e578dace13af ,5745112917080966 ,9.498611 ,-1.4058533 ,1.9925079 ,0 ,Acc ,9
3dd9e578dace13af ,5745113035084664 ,9.001663 ,-2.485138 ,2.9940338 ,0 ,Acc ,9
3dd9e578dace13af ,5745113153155601 ,7.806885 ,-4.203659 ,4.189499 ,0 ,Acc ,9
3dd9e578dace13af ,5745113256957945 ,7.1161194 ,-4.869156 ,4.6714325 ,0 ,Acc ,9
3dd9e578dace13af ,5745113376216122 ,7.7127075 ,-4.2588806 ,4.306534 ,0 ,Acc ,9
3dd9e578dace13af ,5745113475799820 ,8.733246 ,-2.7312622 ,3.5271606 ,0 ,Acc ,9
3dd9e578dace13af ,5745113594196486 ,9.119431 ,-2.3948364 ,2.6964722 ,0 ,Acc ,9
3dd9e578dace13af ,5745113713217111 ,9.037064 ,-3.215866 ,2.0395813 ,0 ,Acc ,9
3dd9e578dace13af ,5745113817594247 ,8.654861 ,-3.9506378 ,2.3782501 ,0 ,Acc ,9
3dd9e578dace13af ,5745113918154455 ,8.124054 ,-4.607544 ,2.9900513 ,0 ,Acc ,9
3dd9e578dace13af ,5745114035554507 ,7.630249 ,-5.203949 ,3.2967072 ,0 ,Acc ,9
3dd9e578dace13af ,5745114158611538 ,7.1443787 ,-5.4976044 ,3.860611 ,0 ,Acc ,9
3dd9e578dace13af ,5745114278687372 ,7.1232452 ,-4.9839478 ,4.5375824 ,0 ,Acc ,9
3dd9e578dace13af ,5745114398896017 ,6.8993835 ,-5.0729065 ,4.7785034 ,0 ,Acc ,9
3dd9e578dace13af ,5745114515565132 ,9.510773 ,-2.3897552 ,-0.06742859 ,0 ,Acc ,9
3dd9e578dace13af ,5745114618029715 ,9.76062 ,0.24578857 ,-0.9165497 ,0 ,Acc ,9
3dd9e578dace13af ,5745114737782476 ,9.3376465 ,2.737503 ,-1.2185059 ,0 ,Acc ,9
3dd9e578dace13af ,5745114837251538 ,9.401825 ,2.787506 ,0.07498169 ,0 ,Acc ,9
3dd9e578dace13af ,5745114958756225 ,9.438019 ,2.4881744 ,0.95022583 ,0 ,Acc ,9
3dd9e578dace13af ,5745115079607215 ,9.298706 ,3.1012726 ,0.29371643 ,0 ,Acc ,9
3dd9e578dace13af ,5745115199797788 ,9.116592 ,3.503769 ,-0.8839874 ,0 ,Acc ,9
3dd9e578dace13af ,5745115319179715 ,9.271271 ,2.9376984 ,-1.2584534 ,0 ,Acc ,9
3dd9e578dace13af ,5745115440086954 ,9.616074 ,1.6542358 ,-0.9822235 ,0 ,Acc ,9
3dd9e578dace13af ,5745115560104194 ,9.7890625 ,0.5668793 ,0.15167236 ,0 ,Acc ,9
3dd9e578dace13af ,5745115656754871 ,-0.93400574 ,-1.8771515 ,-1.6271667 ,0 ,Acc ,10
3dd9e578dace13af ,5745115676279559 ,9.627136 ,-1.2692261 ,1.3702393 ,0 ,Acc ,9
3dd9e578dace13af ,5745115776916173 ,9.352371 ,-2.5131226 ,1.545166 ,0 ,Acc ,9
3dd9e578dace13af ,5745115880456486 ,9.57605 ,-1.8861237 ,0.95495605 ,0 ,Acc ,9
3dd9e578dace13af ,5745115981552840 ,9.7868805 ,0.5955353 ,-0.1800232 ,0 ,Acc ,9
3dd9e578dace13af ,5745116095789715 ,9.622101 ,1.7649384 ,-0.6858063 ,0 ,Acc ,9
3dd9e578dace13af ,5745116197070600 ,9.642838 ,1.6902618 ,-0.57347107 ,0 ,Acc ,9
3dd9e578dace13af ,5745116300291433 ,9.567764 ,1.846344 ,-1.1041412 ,0 ,Acc ,9
3dd9e578dace13af ,5745116401043517 ,9.573013 ,1.7007599 ,-1.2786407 ,0 ,Acc ,9
3dd9e578dace13af ,5745116500578985 ,9.619995 ,1.36409 ,-1.3286285 ,0 ,Acc ,9
3dd9e578dace13af ,5745116617723933 ,9.697205 ,0.35787964 ,-1.4164886 ,0 ,Acc ,9
3dd9e578dace13af ,5745116717921850 ,9.690765 ,-0.4555664 ,-1.4324036 ,0 ,Acc ,9
3dd9e578dace13af ,5745116817478048 ,9.684021 ,-1.0874176 ,-1.098877 ,0 ,Acc ,9
3dd9e578dace13af ,5745116921571121 ,9.558884 ,-2.0882416 ,-0.6612091 ,0 ,Acc ,9
3dd9e578dace13af ,5745117038478516 ,9.4001465 ,-2.7254028 ,-0.6161041 ,0 ,Acc ,9
3dd9e578dace13af ,5745117141276120 ,9.399216 ,-2.5307617 ,-1.1917114 ,0 ,Acc ,9
3dd9e578dace13af ,5745117257880756 ,9.303864 ,-2.5857239 ,-1.7094727 ,0 ,Acc ,9
3dd9e578dace13af ,5745117380581797 ,8.938507 ,-3.554535 ,-1.9074707 ,0 ,Acc ,9
3dd9e578dace13af ,5745117501579766 ,7.8969727 ,-5.1140747 ,-2.7666473 ,0 ,Acc ,9
3dd9e578dace13af ,5745117619623672 ,6.065201 ,-4.924423 ,-5.927353 ,0 ,Acc ,9
3dd9e578dace13af ,5745117722365183 ,4.3943634 ,-2.9356995 ,-8.260834 ,0 ,Acc ,9
3dd9e578dace13af ,5745117842805912 ,2.4955444 ,-1.9872894 ,-9.273239 ,0 ,Acc ,9
3dd9e578dace13af ,5745117959680703 ,0.84298706 ,-2.9571686 ,-9.312073 ,0 ,Acc ,9
3dd9e578dace13af ,5745118061741485 ,-0.52978516 ,-3.773697 ,-9.035965 ,0 ,Acc ,9
3dd9e578dace13af ,5745118163432683 ,-1.711792 ,-5.132202 ,-8.1792755 ,0 ,Acc ,9
3dd9e578dace13af ,5745118283600755 ,-2.6908417 ,-3.1270142 ,-8.896698 ,0 ,Acc ,9
3dd9e578dace13af ,5745118401098568 ,-3.1218872 ,-1.1363525 ,-9.22673 ,0 ,Acc ,9
3dd9e578dace13af ,5745118523754610 ,-0.6318054 ,-3.889328 ,-8.980209 ,0 ,Acc ,9
3dd9e578dace13af ,5745118643461641 ,-0.47407532 ,-5.0139313 ,-8.414627 ,0 ,Acc ,9
3dd9e578dace13af ,5745118657784453 ,0.60910034 ,-0.858902 ,1.4201355 ,0 ,Acc ,10
3dd9e578dace13af ,5745118762685755 ,-0.4793396 ,-6.7474365 ,-7.100174 ,0 ,Acc ,9
3dd9e578dace13af ,5745118884174453 ,0.010864258 ,-8.848526 ,-4.2277374 ,0 ,Acc ,9
3dd9e578dace13af ,5745118984790599 ,0.21208191 ,-9.319916 ,-3.043747 ,0 ,Acc ,9
3dd9e578dace13af ,5745119084359922 ,-0.66682434 ,-9.657684 ,-1.5667877 ,0 ,Acc ,9
3dd9e578dace13af ,5745119204448151 ,-0.2150116 ,-9.801483 ,-0.23446655 ,0 ,Acc ,9
3dd9e578dace13af ,5745119324552734 ,-0.12944031 ,-9.744812 ,1.0918732 ,0 ,Acc ,9
3dd9e578dace13af ,5745119439953984 ,-0.42895508 ,-9.467468 ,2.520584 ,0 ,Acc ,9
3dd9e578dace13af ,5745119543701640 ,-0.88360596 ,-9.593033 ,1.8338928 ,0 ,Acc ,9
3dd9e578dace13af ,5745119644924713 ,-0.8141632 ,-9.768204 ,0.29945374 ,0 ,Acc ,9
3dd9e578dace13af ,5745119761151484 ,0.22402954 ,-9.588638 ,2.043991 ,0 ,Acc ,9
3dd9e578dace13af ,5745119863228880 ,0.7293396 ,-9.619492 ,1.7617035 ,0 ,Acc ,9
3dd9e578dace13af ,5745119985041796 ,1.0411682 ,-9.567535 ,1.8837433 ,0 ,Acc ,9
3dd9e578dace13af ,5745120104436067 ,1.1690674 ,-9.366653 ,2.6588287 ,0 ,Acc ,9
3dd9e578dace13af ,5745120205078359 ,0.96798706 ,-9.042603 ,3.6694183 ,0 ,Acc ,9
3dd9e578dace13af ,5745120320394192 ,0.60798645 ,-8.968048 ,3.9210358 ,0 ,Acc ,9
3dd9e578dace13af ,5745120424835338 ,0.526886 ,-9.119629 ,3.567215 ,0 ,Acc ,9
3dd9e578dace13af ,5745120525483932 ,0.55426025 ,-9.310211 ,3.0303497 ,0 ,Acc ,9
3dd9e578dace13af ,5745120644632682 ,0.50276184 ,-9.29068 ,3.0984802 ,0 ,Acc ,9
3dd9e578dace13af ,5745120744592890 ,0.5269928 ,-9.159378 ,3.463852 ,0 ,Acc ,9
3dd9e578dace13af ,5745120845507473 ,0.44125366 ,-9.194412 ,3.3820496 ,0 ,Acc ,9
3dd9e578dace13af ,5745120945285859 ,0.8487396 ,-8.867233 ,4.1014557 ,0 ,Acc ,9
3dd9e578dace13af ,5745121045964400 ,0.61608887 ,-8.930069 ,4.005539 ,0 ,Acc ,9
3dd9e578dace13af ,5745121165797213 ,0.57154846 ,-9.096359 ,3.6193542 ,0 ,Acc ,9
3dd9e578dace13af ,5745121285961275 ,0.15130615 ,-9.250183 ,3.252884 ,0 ,Acc ,9
3dd9e578dace13af ,5745121403069035 ,0.31541443 ,-9.073898 ,3.70607 ,0 ,Acc ,9
3dd9e578dace13af ,5745121505465806 ,0.6080475 ,-9.039856 ,3.752533 ,0 ,Acc ,9
3dd9e578dace13af ,5745121606366952 ,1.0160217 ,-9.217575 ,3.1897278 ,0 ,Acc ,9
3dd9e578dace13af ,5745121662448254 ,-0.09832764 ,0.58465576 ,-0.8049927 ,3 ,Acc ,15
3dd9e578dace13af ,5745121661202473 ,-0.17160034 ,-0.19697571 ,-0.39593506 ,0 ,Acc ,10
3dd9e578dace13af ,5745121722963983 ,1.4337158 ,-9.260712 ,2.8902893 ,0 ,Acc ,9
3dd9e578dace13af ,5745121823475442 ,1.1001282 ,-9.15152 ,3.348053 ,0 ,Acc ,9
3dd9e578dace13af ,5745121926482317 ,0.5687103 ,-8.921417 ,4.0317383 ,0 ,Acc ,9
3dd9e578dace13af ,5745122046040494 ,0.4688568 ,-9.091476 ,3.6463013 ,0 ,Acc ,9
3dd9e578dace13af ,5745122165003671 ,0.60040283 ,-9.127533 ,3.5352173 ,0 ,Acc ,9
3dd9e578dace13af ,5745122266865858 ,0.47239685 ,-8.885544 ,4.122406 ,0 ,Acc ,9
3dd9e578dace13af ,5745122367533879 ,0.3443756 ,-8.657654 ,4.593094 ,0 ,Acc ,9
3dd9e578dace13af ,5745122484076223 ,0.2665558 ,-8.227249 ,5.330246 ,0 ,Acc ,9
3dd9e578dace13af ,5745122586004139 ,0.36343384 ,-8.176483 ,5.4021454 ,0 ,Acc ,9
3dd9e578dace13af ,5745122687921118 ,0.45224 ,-8.255081 ,5.274414 ,0 ,Acc ,9
3dd9e578dace13af ,5745122803172837 ,0.4861145 ,-8.26416 ,5.257141 ,0 ,Acc ,9
3dd9e578dace13af ,5745122903705858 ,0.41896057 ,-8.219254 ,5.332779 ,0 ,Acc ,9
3dd9e578dace13af ,5745123004695181 ,0.39886475 ,-8.205688 ,5.3551483 ,0 ,Acc ,9
3dd9e578dace13af ,5745123106882993 ,0.36950684 ,-8.17189 ,5.4086914 ,0 ,Acc ,9
3dd9e578dace13af ,5745123226803879 ,0.325531 ,-8.156769 ,5.434265 ,0 ,Acc ,9
3dd9e578dace13af ,5745123326022056 ,0.29238892 ,-8.214157 ,5.349045 ,0 ,Acc ,9
3dd9e578dace13af ,5745123446895076 ,0.31632996 ,-8.495819 ,4.887863 ,0 ,Acc ,9
3dd9e578dace13af ,5745123546007420 ,0.19831848 ,-8.908447 ,4.095169 ,0 ,Acc ,9
