3dd9e578dace13af ,5753152693975030 ,-0.18652344 ,0.13085938 ,-0.49157715 ,3 ,Acc ,15
3dd9e578dace13af ,5753152804177634 ,-0.2322998 ,0.08258057 ,-0.50756836 ,3 ,Acc ,15
3dd9e578dace13af ,5753153024825030 ,-0.23468018 ,0.12176514 ,-0.59942627 ,3 ,Acc ,15
3dd9e578dace13af ,5753153130281124 ,-0.15496826 ,0.0423584 ,-0.60150146 ,3 ,Acc ,15
3dd9e578dace13af ,5753153246413467 ,-0.0357666 ,-0.061767578 ,-0.5840454 ,3 ,Acc ,15
3dd9e578dace13af ,5753153350293415 ,-0.044128418 ,-0.072387695 ,-0.5726929 ,3 ,Acc ,15
3dd9e578dace13af ,5753153450159249 ,-0.1340332 ,-0.07086182 ,-0.56799316 ,3 ,Acc ,15
3dd9e578dace13af ,5753153569037269 ,-0.22399902 ,-0.037902832 ,-0.5996704 ,3 ,Acc ,15
3dd9e578dace13af ,5753153671309821 ,-0.19360352 ,0.040161133 ,-0.6350708 ,3 ,Acc ,15
3dd9e578dace13af ,5753153791351176 ,-0.14715576 ,0.04473877 ,-0.65618896 ,3 ,Acc ,15
3dd9e578dace13af ,5753153910874821 ,-0.1706543 ,0.037109375 ,-0.65026855 ,3 ,Acc ,15
3dd9e578dace13af ,5753154010220707 ,-0.17102051 ,0.042419434 ,-0.65411377 ,3 ,Acc ,15
3dd9e578dace13af ,5753154111887165 ,0.009277344 ,0.19445801 ,-0.62335205 ,3 ,Acc ,15
3dd9e578dace13af ,5753154211218050 ,9.1552734E-4 ,0.19348145 ,-0.62298584 ,3 ,Acc ,15
3dd9e578dace13af ,5753154329045863 ,-0.0071411133 ,0.1975708 ,-0.6278076 ,3 ,Acc ,15
3dd9e578dace13af ,5753154432165394 ,-0.0020141602 ,0.20019531 ,-0.62805176 ,3 ,Acc ,15
3dd9e578dace13af ,5753154532025029 ,0.0017089844 ,0.20343018 ,-0.6246338 ,3 ,Acc ,15
3dd9e578dace13af ,5753154650923311 ,0.0068359375 ,0.20166016 ,-0.6185303 ,3 ,Acc ,15
3dd9e578dace13af ,5753154751216279 ,0.0030517578 ,0.19799805 ,-0.6138916 ,3 ,Acc ,15
3dd9e578dace13af ,5753154827652217 ,-2.3558946 ,-2.3415294 ,9.481039 ,3 ,Acc ,1
3dd9e578dace13af ,5753154927282894 ,-2.1499932 ,-2.3511062 ,9.006987 ,3 ,Acc ,1
3dd9e578dace13af ,5753155031682529 ,-3.0023289 ,-2.303222 ,8.983045 ,3 ,Acc ,1
3dd9e578dace13af ,5753155133309560 ,-2.8107927 ,-2.585738 ,9.14585 ,3 ,Acc ,1
3dd9e578dace13af ,5753155233934717 ,-2.834735 ,-2.3223755 ,9.083601 ,3 ,Acc ,1
3dd9e578dace13af ,5753155353957685 ,-2.2888567 ,-2.633622 ,9.433155 ,3 ,Acc ,1
3dd9e578dace13af ,5753155470043987 ,-1.8722657 ,-2.2744915 ,9.11712 ,3 ,Acc ,1
3dd9e578dace13af ,5753155570061175 ,-3.1651347 ,-2.360683 ,8.987833 ,3 ,Acc ,1
3dd9e578dace13af ,5753155674022112 ,-3.2992098 ,-2.4660277 ,9.270349 ,3 ,Acc ,1
3dd9e578dace13af ,5753155713907894 ,-0.007434082 ,-0.04885254 ,0.39506838 ,3 ,Acc ,4
3dd9e578dace13af ,5753155792044300 ,-2.4947581 ,-2.1499932 ,9.246407 ,3 ,Acc ,1
3dd9e578dace13af ,5753155910059873 ,-1.5801731 ,-2.0494366 ,8.78672 ,3 ,Acc ,1
3dd9e578dace13af ,5753156028906227 ,-2.6767175 ,-1.934515 ,9.035717 ,3 ,Acc ,1
3dd9e578dace13af ,5753156132256695 ,-2.9640217 ,-2.4181437 ,9.121908 ,3 ,Acc ,1
3dd9e578dace13af ,5753156232978675 ,-2.815581 ,-2.5570073 ,9.126697 ,3 ,Acc ,1
3dd9e578dace13af ,5753156354107164 ,-3.2321723 ,-2.4660277 ,8.935161 ,3 ,Acc ,1
3dd9e578dace13af ,5753156471785654 ,-2.4660277 ,-2.8107927 ,9.155427 ,3 ,Acc ,1
3dd9e578dace13af ,5753156574569977 ,-2.0350714 ,-3.0214825 ,8.959103 ,3 ,Acc ,1
3dd9e578dace13af ,5753156678914404 ,-2.753332 ,-2.6910827 ,8.954314 ,3 ,Acc ,1
3dd9e578dace13af ,5753156793080654 ,-3.371036 ,-2.719813 ,9.078813 ,3 ,Acc ,1
3dd9e578dace13af ,5753156894792789 ,-2.834735 ,-2.6001031 ,8.868123 ,3 ,Acc ,1
3dd9e578dace13af ,5753156999050341 ,-2.3080103 ,-2.7006595 ,9.222465 ,3 ,Acc ,1
3dd9e578dace13af ,5753157113792528 ,-2.0446482 ,-2.9783869 ,9.088389 ,3 ,Acc ,1
3dd9e578dace13af ,5753157212134195 ,-2.5761611 ,-2.930503 ,9.337387 ,3 ,Acc ,1
3dd9e578dace13af ,5753157319211747 ,-2.566584 ,-2.1739352 ,9.299079 ,3 ,Acc ,1
3dd9e578dace13af ,5753157431698882 ,-3.2273839 ,-3.5865142 ,9.361329 ,3 ,Acc ,1
3dd9e578dace13af ,5753157533106330 ,-4.7309427 ,-6.1195793 ,9.907207 ,3 ,Acc ,1
3dd9e578dace13af ,5753157633932320 ,-5.9184666 ,-4.807557 ,6.215348 ,3 ,Acc ,1
3dd9e578dace13af ,5753157751220184 ,0.17645264 ,0.45135498 ,-0.59106445 ,3 ,Acc ,15
3dd9e578dace13af ,5753157751980237 ,-5.3007627 ,-4.2281604 ,5.4300494 ,3 ,Acc ,1
3dd9e578dace13af ,5753157874063986 ,-8.293514 ,-2.825158 ,4.9320555 ,3 ,Acc ,1
3dd9e578dace13af ,5753157993975184 ,-8.75799 ,-0.5746084 ,0.46926352 ,3 ,Acc ,1
3dd9e578dace13af ,5753158113542320 ,-8.207323 ,-0.46447513 ,-0.6560113 ,3 ,Acc ,1
3dd9e578dace13af ,5753158212358674 ,-8.647857 ,-2.9496565 ,0.7757214 ,3 ,Acc ,1
3dd9e578dace13af ,5753158316862736 ,-6.066907 ,-7.6614456 ,-1.4173675 ,3 ,Acc ,1
3dd9e578dace13af ,5753158415509299 ,-6.090849 ,-9.557653 ,-1.163582 ,3 ,Acc ,1
3dd9e578dace13af ,5753158518302163 ,-9.519346 ,-6.3063273 ,0.49799395 ,3 ,Acc ,1
3dd9e578dace13af ,5753158617104403 ,-8.801085 ,-6.0860605 ,1.13964 ,3 ,Acc ,1
3dd9e578dace13af ,5753158713987319 ,-0.75296634 ,-0.33771974 ,0.20496826 ,3 ,Acc ,4
3dd9e578dace13af ,5753158731759715 ,-6.3302693 ,-5.070919 ,1.5705963 ,3 ,Acc ,1
3dd9e578dace13af ,5753158835288101 ,-5.7125654 ,-7.675811 ,1.1827357 ,3 ,Acc ,1
3dd9e578dace13af ,5753158958478830 ,-6.244078 ,-8.341399 ,0.8379706 ,3 ,Acc ,1
3dd9e578dace13af ,5753159078085236 ,-7.2113357 ,-4.9320555 ,3.9312792 ,3 ,Acc ,1
3dd9e578dace13af ,5753159176085809 ,-4.381389 ,-5.837064 ,8.149862 ,3 ,Acc ,1
3dd9e578dace13af ,5753159298347684 ,-0.10534488 ,-7.656657 ,8.992621 ,3 ,Acc ,1
3dd9e578dace13af ,5753159398436955 ,-0.34955344 ,-4.146757 ,8.073248 ,3 ,Acc ,1
3dd9e578dace13af ,5753159514624559 ,-2.183512 ,-4.060566 ,6.531382 ,3 ,Acc ,1
3dd9e578dace13af ,5753159633499767 ,-1.1300632 ,-8.030152 ,7.3071036 ,3 ,Acc ,1
3dd9e578dace13af ,5753159737310600 ,0.7613561 ,-7.8529816 ,4.9655743 ,3 ,Acc ,1
3dd9e578dace13af ,5753159837054194 ,3.739743 ,-9.696517 ,8.063671 ,3 ,Acc ,1
3dd9e578dace13af ,5753159953096173 ,4.7500963 ,-9.212888 ,4.19943 ,3 ,Acc ,1
3dd9e578dace13af ,5753160053842788 ,7.374141 ,-6.9144545 ,3.6391866 ,3 ,Acc ,1
3dd9e578dace13af ,5753160159248621 ,9.299079 ,-9.56723 ,3.2561142 ,3 ,Acc ,1
3dd9e578dace13af ,5753160275861694 ,8.7053175 ,-7.345411 ,2.743755 ,3 ,Acc ,1
3dd9e578dace13af ,5753160378963881 ,6.2584434 ,-4.936844 ,2.1787236 ,3 ,Acc ,1
3dd9e578dace13af ,5753160498507579 ,4.8841715 ,-3.4284968 ,1.4269443 ,3 ,Acc ,1
3dd9e578dace13af ,5753160619052006 ,7.723695 ,-7.0006456 ,1.0486604 ,3 ,Acc ,1
3dd9e578dace13af ,5753160739230548 ,4.793192 ,-6.83784 ,2.5953147 ,3 ,Acc ,1
3dd9e578dace13af ,5753160754345808 ,-0.3735962 ,0.29553223 ,-0.871521 ,3 ,Acc ,15
3dd9e578dace13af ,5753160839014871 ,2.528277 ,-9.294291 ,3.3327289 ,3 ,Acc ,1
3dd9e578dace13af ,5753160955780027 ,2.6862943 ,-8.844181 ,7.043741 ,3 ,Acc ,1
3dd9e578dace13af ,5753161059635131 ,6.220136 ,-7.5225816 ,7.5561004 ,3 ,Acc ,1
3dd9e578dace13af ,5753161176868881 ,8.336611 ,-4.572925 ,2.1452048 ,3 ,Acc ,1
3dd9e578dace13af ,5753161280205912 ,8.422802 ,-4.9655743 ,2.3127987 ,3 ,Acc ,1
3dd9e578dace13af ,5753161400367996 ,6.244078 ,-4.185065 ,4.5777135 ,3 ,Acc ,1
3dd9e578dace13af ,5753161499239714 ,7.513005 ,-5.133168 ,6.6846113 ,3 ,Acc ,1
3dd9e578dace13af ,5753161600465391 ,6.3685765 ,-5.717354 ,5.8801594 ,3 ,Acc ,1
3dd9e578dace13af ,5753161718519141 ,5.439626 ,-7.0006456 ,4.673482 ,3 ,Acc ,1
3dd9e578dace13af ,5753161718519141 ,-0.63614506 ,0.34727785 ,0.4258667 ,3 ,Acc ,4
3dd9e578dace13af ,5753161841242162 ,3.940856 ,-8.250419 ,3.4045548 ,3 ,Acc ,1
3dd9e578dace13af ,5753161939586277 ,1.0390835 ,-8.465898 ,2.542642 ,3 ,Acc ,1
3dd9e578dace13af ,5753162041700704 ,1.9967642 ,-10.184934 ,3.2848446 ,3 ,Acc ,1
3dd9e578dace13af ,5753162161931276 ,3.8642416 ,-6.277597 ,4.060566 ,3 ,Acc ,1
3dd9e578dace13af ,5753162281745495 ,8.762778 ,-3.5098996 ,4.2281604 ,3 ,Acc ,1
3dd9e578dace13af ,5753162380384662 ,11.535264 ,-1.3551182 ,3.3758245 ,3 ,Acc ,1
3dd9e578dace13af ,5753162482362683 ,9.414001 ,-2.4899697 ,7.07726 ,3 ,Acc ,1
3dd9e578dace13af ,5753162598598776 ,8.825027 ,-1.2401965 ,4.7022123 ,3 ,Acc ,1
3dd9e578dace13af ,5753162701213776 ,8.949526 ,-1.4221559 ,4.4580035 ,3 ,Acc ,1
3dd9e578dace13af ,5753162819218464 ,9.332599 ,-2.5570073 ,6.6415157 ,3 ,Acc ,1
3dd9e578dace13af ,5753162919463620 ,9.3661175 ,-2.2361844 ,5.650316 ,3 ,Acc ,1
3dd9e578dace13af ,5753163019105078 ,5.0517654 ,-0.6703765 ,3.3758245 ,3 ,Acc ,1
3dd9e578dace13af ,5753163140628724 ,7.3310456 ,0.38307226 ,5.257667 ,3 ,Acc ,1
3dd9e578dace13af ,5753163260225651 ,8.542512 ,-3.2561142 ,7.0820484 ,3 ,Acc ,1
3dd9e578dace13af ,5753163362774661 ,0.47405192 ,-12.330139 ,9.394848 ,3 ,Acc ,1
3dd9e578dace13af ,5753163479575286 ,-5.3247046 ,-18.55985 ,1.9297266 ,3 ,Acc ,1
3dd9e578dace13af ,5753163596895911 ,4.3957543 ,-8.954314 ,-0.7086837 ,3 ,Acc ,1
3dd9e578dace13af ,5753163701105651 ,5.7125654 ,-6.3781533 ,1.7238252 ,3 ,Acc ,1
3dd9e578dace13af ,5753163760086328 ,-0.0960083 ,0.475708 ,-0.35559082 ,3 ,Acc ,15
3dd9e578dace13af ,5753163801419349 ,-0.6943185 ,-6.2823853 ,7.28795 ,3 ,Acc ,1
3dd9e578dace13af ,5753163917963984 ,-11.358093 ,1.9057846 ,2.456451 ,3 ,Acc ,1
3dd9e578dace13af ,5753164016738099 ,-6.0860605 ,5.746084 ,1.661576 ,3 ,Acc ,1
3dd9e578dace13af ,5753164121646901 ,-7.1347213 ,5.281609 ,4.1515455 ,3 ,Acc ,1
3dd9e578dace13af ,5753164223137786 ,-8.0684595 ,3.5338416 ,5.48751 ,3 ,Acc ,1
3dd9e578dace13af ,5753164337399817 ,-3.4045548 ,4.534618 ,2.9879637 ,3 ,Acc ,1
3dd9e578dace13af ,5753164442067526 ,-3.8019924 ,1.1444284 ,2.9879637 ,3 ,Acc ,1
3dd9e578dace13af ,5753164543468255 ,-4.76925 ,-1.5035586 ,4.3766007 ,3 ,Acc ,1
3dd9e578dace13af ,5753164644018932 ,-9.428367 ,-1.9632454 ,5.8466406 ,3 ,Acc ,1
3dd9e578dace13af ,5753164721016432 ,-0.5543701 ,0.47471926 ,0.6711914 ,3 ,Acc ,4
3dd9e578dace13af ,5753164758725442 ,-13.532028 ,-1.70946 ,7.8290396 ,3 ,Acc ,1
3dd9e578dace13af ,5753164863062525 ,-12.641385 ,-0.36391866 ,5.8562174 ,3 ,Acc ,1
3dd9e578dace13af ,5753164979379973 ,-9.241618 ,0.16280572 ,2.1978772 ,3 ,Acc ,1
3dd9e578dace13af ,5753165101898619 ,-7.091625 ,0.29209262 ,3.0454245 ,3 ,Acc ,1
3dd9e578dace13af ,5753165203786432 ,-5.2049947 ,1.4173675 ,3.1172507 ,3 ,Acc ,1
3dd9e578dace13af ,5753165323839036 ,-7.728483 ,4.414908 ,4.8123455 ,3 ,Acc ,1
3dd9e578dace13af ,5753165424454973 ,-4.7979803 ,3.6008794 ,4.927267 ,3 ,Acc ,1
3dd9e578dace13af ,5753165544460806 ,4.0797195 ,-5.2145715 ,2.9831753 ,3 ,Acc ,1
3dd9e578dace13af ,5753165645027525 ,13.776237 ,-15.078682 ,10.079589 ,3 ,Acc ,1
3dd9e578dace13af ,5753165765194140 ,8.944737 ,-7.7332716 ,2.552219 ,3 ,Acc ,1
3dd9e578dace13af ,5753165864731848 ,12.253524 ,-10.941502 ,4.960786 ,3 ,Acc ,1
3dd9e578dace13af ,5753165965457681 ,10.6158905 ,-7.809886 ,4.673482 ,3 ,Acc ,1
3dd9e578dace13af ,5753166065057421 ,10.979809 ,-1.3311762 ,5.995081 ,3 ,Acc ,1
3dd9e578dace13af ,5753166184668462 ,10.13705 ,-6.9144545 ,4.6351743 ,3 ,Acc ,1
3dd9e578dace13af ,5753166285058098 ,12.583924 ,-4.865018 ,1.4077905 ,3 ,Acc ,1
3dd9e578dace13af ,5753166385454712 ,8.944737 ,-5.2528787 ,1.6424223 ,3 ,Acc ,1
3dd9e578dace13af ,5753166486087889 ,7.005434 ,-2.4708161 ,-3.5290532 ,3 ,Acc ,1
3dd9e578dace13af ,5753166605579869 ,15.308526 ,8.465898 ,0.5267244 ,3 ,Acc ,1
3dd9e578dace13af ,5753166707360962 ,4.2042184 ,-5.779603 ,5.48751 ,3 ,Acc ,1
3dd9e578dace13af ,5753166763055181 ,-0.40551758 ,0.16503906 ,-0.8041992 ,3 ,Acc ,15
3dd9e578dace13af ,5753166821621327 ,12.038046 ,-1.0390835 ,6.0381765 ,3 ,Acc ,1
3dd9e578dace13af ,5753166926599296 ,9.174581 ,-6.50744 ,4.060566 ,3 ,Acc ,1
3dd9e578dace13af ,5753167026191014 ,7.1490865 ,-5.425261 ,3.2848446 ,3 ,Acc ,1
3dd9e578dace13af ,5753167145405806 ,8.010999 ,-5.6551046 ,4.711789 ,3 ,Acc ,1
3dd9e578dace13af ,5753167246892629 ,10.931925 ,-4.534618 ,3.7014358 ,3 ,Acc ,1
3dd9e578dace13af ,5753167364333202 ,11.760319 ,-4.9799395 ,3.6822822 ,3 ,Acc ,1
3dd9e578dace13af ,5753167464124868 ,11.951855 ,-3.9935284 ,2.3463178 ,3 ,Acc ,1
3dd9e578dace13af ,5753167567120754 ,6.885724 ,-3.5194764 ,2.456451 ,3 ,Acc ,1
3dd9e578dace13af ,5753167685811014 ,7.6949644 ,-3.6487634 ,2.5091233 ,3 ,Acc ,1
3dd9e578dace13af ,5753167721767316 ,0.7625244 ,0.81881106 ,-0.040356446 ,3 ,Acc ,4
3dd9e578dace13af ,5753167802645910 ,10.658986 ,-3.4524388 ,2.1739352 ,3 ,Acc ,1
3dd9e578dace13af ,5753167908606847 ,10.251971 ,-3.739743 ,4.0557775 ,3 ,Acc ,1
3dd9e578dace13af ,5753168026736118 ,8.532935 ,-3.5769374 ,3.892972 ,3 ,Acc ,1
3dd9e578dace13af ,5753168141662264 ,7.5465236 ,-3.6774938 ,2.5330653 ,3 ,Acc ,1
3dd9e578dace13af ,5753168243591014 ,8.073248 ,-4.841076 ,3.2609026 ,3 ,Acc ,1
3dd9e578dace13af ,5753168363982264 ,7.7428484 ,-4.5058875 ,3.7684734 ,3 ,Acc ,1
3dd9e578dace13af ,5753168485666587 ,11.525687 ,-3.7301662 ,3.466804 ,3 ,Acc ,1
3dd9e578dace13af ,5753168606133982 ,11.60709 ,-2.3798366 ,4.1180267 ,3 ,Acc ,1
3dd9e578dace13af ,5753168708596170 ,11.343728 ,-0.19632454 ,2.3894134 ,3 ,Acc ,1
3dd9e578dace13af ,5753168808623982 ,6.315904 ,-0.33039984 ,2.006341 ,3 ,Acc ,1
3dd9e578dace13af ,5753168925924347 ,9.524135 ,-2.882619 ,0.33518824 ,3 ,Acc ,1
3dd9e578dace13af ,5753169027976899 ,11.018116 ,-4.084508 ,1.7429788 ,3 ,Acc ,1
3dd9e578dace13af ,5753169128970857 ,13.010092 ,-4.7405195 ,3.7588966 ,3 ,Acc ,1
3dd9e578dace13af ,5753169247324399 ,9.380483 ,-2.1404164 ,5.521029 ,3 ,Acc ,1
3dd9e578dace13af ,5753169369487367 ,7.015011 ,0.29688102 ,3.3758245 ,3 ,Acc ,1
3dd9e578dace13af ,5753169485469190 ,9.41879 ,-2.1212628 ,4.76925 ,3 ,Acc ,1
3dd9e578dace13af ,5753169588932211 ,8.173804 ,-3.9121256 ,4.390966 ,3 ,Acc ,1
3dd9e578dace13af ,5753169704143409 ,12.6222315 ,-7.16824 ,1.2689269 ,3 ,Acc ,1
3dd9e578dace13af ,5753169766215232 ,-0.32574463 ,0.07183838 ,-0.8746338 ,3 ,Acc ,15
3dd9e578dace13af ,5753169829194815 ,13.9198885 ,-7.311892 ,0.44532153 ,3 ,Acc ,1
3dd9e578dace13af ,5753169929489346 ,12.239159 ,-5.1235914 ,0.32561144 ,3 ,Acc ,1
3dd9e578dace13af ,5753170027131534 ,10.572795 ,-4.6686935 ,1.6328455 ,3 ,Acc ,1
3dd9e578dace13af ,5753170129657159 ,9.782708 ,-3.217807 ,3.466804 ,3 ,Acc ,1
3dd9e578dace13af ,5753170250168305 ,9.203311 ,-0.05746084 ,5.717354 ,3 ,Acc ,1
3dd9e578dace13af ,5753170365454346 ,10.16578 ,-2.791639 ,4.0701427 ,3 ,Acc ,1
3dd9e578dace13af ,5753170484608930 ,10.869676 ,-4.462792 ,3.145981 ,3 ,Acc ,1
3dd9e578dace13af ,5753170587476377 ,11.300632 ,-6.1626754 ,4.9703627 ,3 ,Acc ,1
3dd9e578dace13af ,5753170687081950 ,10.371682 ,-5.841852 ,5.8705826 ,3 ,Acc ,1
3dd9e578dace13af ,5753170726499867 ,-0.27718505 ,-0.31966552 ,-0.5161377 ,3 ,Acc ,4
3dd9e578dace13af ,5753170809678148 ,11.544841 ,-7.73806 ,4.927267 ,3 ,Acc ,1
3dd9e578dace13af ,5753170909815179 ,13.263878 ,-5.9902925 ,2.5809495 ,3 ,Acc ,1
3dd9e578dace13af ,5753171030523461 ,11.650186 ,-3.0454245 ,1.9057846 ,3 ,Acc ,1
3dd9e578dace13af ,5753171131130023 ,10.491392 ,-4.0940847 ,0.6560113 ,3 ,Acc ,1
3dd9e578dace13af ,5753171250754815 ,12.5504055 ,-2.3415294 ,1.6232687 ,3 ,Acc ,1
3dd9e578dace13af ,5753171350561377 ,10.342952 ,-1.9776106 ,2.8107927 ,3 ,Acc ,1
3dd9e578dace13af ,5753171470929815 ,8.815451 ,-2.4468741 ,3.5482068 ,3 ,Acc ,1
3dd9e578dace13af ,5753171571642627 ,7.8912888 ,-3.2034419 ,2.8778305 ,3 ,Acc ,1
3dd9e578dace13af ,5753171671174242 ,10.563218 ,-5.1571107 ,3.9217024 ,3 ,Acc ,1
3dd9e578dace13af ,5753171771799919 ,12.105083 ,-6.694188 ,6.9862804 ,3 ,Acc ,1
3dd9e578dace13af ,5753171891081429 ,11.415554 ,-6.4739213 ,5.2720323 ,3 ,Acc ,1
3dd9e578dace13af ,5753171991626794 ,12.038046 ,-5.659893 ,3.8498764 ,3 ,Acc ,1
3dd9e578dace13af ,5753172091928304 ,11.96622 ,-3.8259344 ,2.111686 ,3 ,Acc ,1
3dd9e578dace13af ,5753172210203304 ,9.964667 ,-3.1890767 ,1.910573 ,3 ,Acc ,1
3dd9e578dace13af ,5753172311764189 ,11.626244 ,-3.3854012 ,2.2266076 ,3 ,Acc ,1
3dd9e578dace13af ,5753172426594710 ,10.994174 ,-2.207454 ,3.016694 ,3 ,Acc ,1
3dd9e578dace13af ,5753172768630543 ,-0.27911377 ,-0.25030518 ,-0.79034424 ,3 ,Acc ,15
3dd9e578dace13af ,5753172888328720 ,11.429919 ,-6.4787097 ,6.4787097 ,3 ,Acc ,1
3dd9e578dace13af ,5753172991981897 ,11.089942 ,-6.05733 ,5.3486466 ,3 ,Acc ,1
3dd9e578dace13af ,5753173092018772 ,14.805743 ,-5.094861 ,3.3423057 ,3 ,Acc ,1
3dd9e578dace13af ,5753173211651793 ,10.156203 ,-2.657564 ,1.9967642 ,3 ,Acc ,1
3dd9e578dace13af ,5753173312076533 ,10.424355 ,-3.5242648 ,2.0638018 ,3 ,Acc ,1
3dd9e578dace13af ,5753173413611637 ,12.904747 ,-1.5514427 ,2.1547816 ,3 ,Acc ,1
3dd9e578dace13af ,5753173527714241 ,9.701305 ,-3.0885203 ,2.719813 ,3 ,Acc ,1
3dd9e578dace13af ,5753173631176689 ,8.317456 ,-2.6479871 ,2.5091233 ,3 ,Acc ,1
3dd9e578dace13af ,5753173732053355 ,-1.6163819 ,-1.5462891 ,-3.8423584 ,3 ,Acc ,4
3dd9e578dace13af ,5753173732053355 ,7.383718 ,-2.896984 ,1.9632454 ,3 ,Acc ,1
3dd9e578dace13af ,5753173849357991 ,14.259866 ,-5.875371 ,4.7644615 ,3 ,Acc ,1
3dd9e578dace13af ,5753173952326272 ,11.654974 ,-6.129156 ,7.264008 ,3 ,Acc ,1
3dd9e578dace13af ,5753174070524189 ,9.409213 ,-7.469909 ,4.7309427 ,3 ,Acc ,1
3dd9e578dace13af ,5753174174182209 ,14.4370365 ,-5.410896 ,3.53863 ,3 ,Acc ,1
3dd9e578dace13af ,5753174273951272 ,11.391612 ,-2.135628 ,2.695871 ,3 ,Acc ,1
3dd9e578dace13af ,5753174394031949 ,12.014104 ,-4.5298295 ,2.255338 ,3 ,Acc ,1
3dd9e578dace13af ,5753174493574293 ,10.874464 ,-0.31124622 ,1.8962077 ,3 ,Acc ,1
3dd9e578dace13af ,5753174611114449 ,7.603985 ,-2.1499932 ,1.7860745 ,3 ,Acc ,1
3dd9e578dace13af ,5753174734998615 ,8.485051 ,-3.0502129 ,2.6431987 ,3 ,Acc ,1
3dd9e578dace13af ,5753174835692001 ,10.481815 ,-3.8546648 ,2.96881 ,3 ,Acc ,1
3dd9e578dace13af ,5753174951644761 ,13.8480625 ,-6.205771 ,7.1586633 ,3 ,Acc ,1
3dd9e578dace13af ,5753175055419292 ,10.740389 ,-6.3589997 ,5.8322754 ,3 ,Acc ,1
3dd9e578dace13af ,5753175175253251 ,11.219229 ,-6.8809357 ,3.9360676 ,3 ,Acc ,1
3dd9e578dace13af ,5753175293624501 ,13.057976 ,-3.4380736 ,2.0925324 ,3 ,Acc ,1
3dd9e578dace13af ,5753175413867938 ,10.630256 ,-3.3183637 ,1.532289 ,3 ,Acc ,1
3dd9e578dace13af ,5753175531133615 ,13.038822 ,-2.231396 ,2.336741 ,3 ,Acc ,1
3dd9e578dace13af ,5753175632584761 ,10.793061 ,-1.5945383 ,2.4660277 ,3 ,Acc ,1
3dd9e578dace13af ,5753175736012782 ,9.217676 ,-2.2697031 ,3.122039 ,3 ,Acc ,1
3dd9e578dace13af ,5753175770702990 ,-0.17474365 ,-0.15667725 ,-0.425354 ,3 ,Acc ,15
3dd9e578dace13af ,5753175851257105 ,7.929596 ,-2.834735 ,2.6431987 ,3 ,Acc ,1
3dd9e578dace13af ,5753175951746480 ,13.637373 ,-5.3678 ,4.6016555 ,3 ,Acc ,1
3dd9e578dace13af ,5753176053280021 ,12.401965 ,-6.6654577 ,7.599196 ,3 ,Acc ,1
3dd9e578dace13af ,5753176156071636 ,12.162544 ,-7.8290396 ,4.841076 ,3 ,Acc ,1
3dd9e578dace13af ,5753176271961063 ,14.480132 ,-6.5744777 ,3.4955344 ,3 ,Acc ,1
3dd9e578dace13af ,5753176391917625 ,12.0571995 ,-2.3511062 ,2.0973208 ,3 ,Acc ,1
3dd9e578dace13af ,5753176491075802 ,11.688493 ,-3.9791632 ,1.4987702 ,3 ,Acc ,1
3dd9e578dace13af ,5753176611465854 ,10.994174 ,0.51235914 ,1.3838485 ,3 ,Acc ,1
3dd9e578dace13af ,5753176712954552 ,9.921572 ,-1.7812861 ,2.920926 ,3 ,Acc ,1
3dd9e578dace13af ,5753176750595750 ,-0.44710693 ,-1.4443359 ,-2.5775025 ,3 ,Acc ,4
3dd9e578dace13af ,5753176836691010 ,10.405201 ,-3.1890767 ,3.4332852 ,3 ,Acc ,1
3dd9e578dace13af ,5753176953653510 ,11.501745 ,-3.7780502 ,3.1364043 ,3 ,Acc ,1
3dd9e578dace13af ,5753177057476740 ,13.306973 ,-7.1490865 ,5.291186 ,3 ,Acc ,1
3dd9e578dace13af ,5753177177717052 ,9.825804 ,-7.0102224 ,4.367024 ,3 ,Acc ,1
3dd9e578dace13af ,5753177277287937 ,10.386047 ,-7.445967 ,4.185065 ,3 ,Acc ,1
3dd9e578dace13af ,5753177377830958 ,16.371552 ,-4.817134 ,3.0262709 ,3 ,Acc ,1
3dd9e578dace13af ,5753177498015333 ,12.263102 ,-2.3080103 ,2.72939 ,3 ,Acc ,1
3dd9e578dace13af ,5753177616332781 ,12.990938 ,-3.1172507 ,2.5809495 ,3 ,Acc ,1
3dd9e578dace13af ,5753177716382833 ,9.5385 ,0.58897364 ,2.1068976 ,3 ,Acc ,1
3dd9e578dace13af ,5753177818398093 ,7.465121 ,-1.8722657 ,1.982399 ,3 ,Acc ,1
3dd9e578dace13af ,5753177919345750 ,10.414778 ,-4.697424 ,2.60968 ,3 ,Acc ,1
3dd9e578dace13af ,5753178035344239 ,12.631808 ,-5.78918 ,3.5051112 ,3 ,Acc ,1
3dd9e578dace13af ,5753178133850958 ,12.799402 ,-6.5457473 ,6.3925185 ,3 ,Acc ,1
3dd9e578dace13af ,5753178236681427 ,10.85531 ,-6.943185 ,4.7979803 ,3 ,Acc ,1
3dd9e578dace13af ,5753178335526999 ,11.271901 ,-7.9391727 ,4.9416323 ,3 ,Acc ,1
3dd9e578dace13af ,5753178438905958 ,14.920665 ,-3.2992098 ,2.9496565 ,3 ,Acc ,1
3dd9e578dace13af ,5753178557118979 ,11.008539 ,-3.4380736 ,1.6376339 ,3 ,Acc ,1
3dd9e578dace13af ,5753178673311531 ,14.896723 ,-1.9488802 ,1.3024458 ,3 ,Acc ,1
3dd9e578dace13af ,5753178774337676 ,-0.1494751 ,-0.013244629 ,-0.33880615 ,3 ,Acc ,15
3dd9e578dace13af ,5753178774956895 ,11.334151 ,-0.2681506 ,0.770933 ,3 ,Acc ,1
3dd9e578dace13af ,5753178874614395 ,9.217676 ,-2.6671407 ,2.8538885 ,3 ,Acc ,1
3dd9e578dace13af ,5753178999403353 ,9.753978 ,-3.6104562 ,3.3327289 ,3 ,Acc ,1
3dd9e578dace13af ,5753179120299083 ,13.311762 ,-4.8937483 ,4.9176903 ,3 ,Acc ,1
3dd9e578dace13af ,5753179219799655 ,11.664551 ,-6.4164605 ,6.823475 ,3 ,Acc ,1
3dd9e578dace13af ,5753179320516218 ,11.932701 ,-8.446744 ,5.8466406 ,3 ,Acc ,1
3dd9e578dace13af ,5753179439902312 ,16.52478 ,-4.5058875 ,3.9264908 ,3 ,Acc ,1
3dd9e578dace13af ,5753179540236009 ,12.521675 ,-2.7820623 ,2.8874073 ,3 ,Acc ,1
3dd9e578dace13af ,5753179640102311 ,11.391612 ,-4.1706996 ,0.61291564 ,3 ,Acc ,1
3dd9e578dace13af ,5753179754942155 ,11.60709 ,2.1930888 ,-0.25857377 ,3 ,Acc ,1
3dd9e578dace13af ,5753179754942155 ,-0.904834 ,1.0790039 ,0.8782837 ,3 ,Acc ,4
3dd9e578dace13af ,5753179860441686 ,10.309433 ,-1.3838485 ,3.3518825 ,3 ,Acc ,1
3dd9e578dace13af ,5753179959989343 ,11.678916 ,-3.8019924 ,3.3518825 ,3 ,Acc ,1
3dd9e578dace13af ,5753180077660697 ,10.802638 ,-4.1036615 ,3.0358477 ,3 ,Acc ,1
3dd9e578dace13af ,5753180176186165 ,12.445061 ,-7.302315 ,5.353435 ,3 ,Acc ,1
3dd9e578dace13af ,5753180280329863 ,10.831368 ,-6.531382 ,6.95755 ,3 ,Acc ,1
3dd9e578dace13af ,5753180400658613 ,10.951078 ,-6.7851677 ,5.482722 ,3 ,Acc ,1
3dd9e578dace13af ,5753180518809290 ,20.0682 ,-7.6470804 ,4.927267 ,3 ,Acc ,1
3dd9e578dace13af ,5753180621257988 ,15.294161 ,-11.611878 ,3.040636 ,3 ,Acc ,1
3dd9e578dace13af ,5753180722569499 ,9.959879 ,-12.928689 ,2.8443117 ,3 ,Acc ,1
3dd9e578dace13af ,5753180838031582 ,1.1731589 ,-2.2026656 ,2.9161377 ,3 ,Acc ,1
3dd9e578dace13af ,5753180937312363 ,-1.9776106 ,7.8912888 ,3.2609026 ,3 ,Acc ,1
3dd9e578dace13af ,5753181040913301 ,-5.48751 ,-1.3359646 ,4.8123455 ,3 ,Acc ,1
3dd9e578dace13af ,5753181140369550 ,-6.5984197 ,5.046977 ,2.681506 ,3 ,Acc ,1
3dd9e578dace13af ,5753181260209342 ,-6.3302693 ,3.169923 ,2.0111294 ,3 ,Acc ,1
3dd9e578dace13af ,5753181382130019 ,-10.740389 ,4.9464207 ,2.695871 ,3 ,Acc ,1
3dd9e578dace13af ,5753181497917832 ,-11.865664 ,3.9121256 ,1.8818425 ,3 ,Acc ,1
3dd9e578dace13af ,5753181599597259 ,-7.824251 ,3.9504328 ,2.9879637 ,3 ,Acc ,1
3dd9e578dace13af ,5753181702571634 ,-5.899313 ,-1.982399 ,-6.3063273 ,3 ,Acc ,1
3dd9e578dace13af ,5753181780987779 ,0.027832031 ,0.336792 ,0.5136719 ,3 ,Acc ,15
3dd9e578dace13af ,5753181817936790 ,-3.5434184 ,11.554418 ,3.7541082 ,3 ,Acc ,1
3dd9e578dace13af ,5753181920284394 ,-3.7541082 ,-0.33997664 ,6.38773 ,3 ,Acc ,1
3dd9e578dace13af ,5753182021327727 ,2.6384103 ,-4.3957543 ,7.627927 ,3 ,Acc ,1
3dd9e578dace13af ,5753182124069290 ,4.7979803 ,-6.555324 ,7.6375036 ,3 ,Acc ,1
3dd9e578dace13af ,5753182238391633 ,6.813898 ,-7.843405 ,4.0940847 ,3 ,Acc ,1
3dd9e578dace13af ,5753182343373456 ,10.156203 ,-8.1402855 ,6.4787097 ,3 ,Acc ,1
3dd9e578dace13af ,5753182458716217 ,9.878476 ,-6.766014 ,7.905654 ,3 ,Acc ,1
3dd9e578dace13af ,5753182579366842 ,11.415554 ,-8.212111 ,6.943185 ,3 ,Acc ,1
3dd9e578dace13af ,5753182703708196 ,14.882358 ,-5.1379566 ,5.1379566 ,3 ,Acc ,1
3dd9e578dace13af ,5753182760648821 ,0.61278075 ,1.354065 ,3.6034057 ,3 ,Acc ,4
3dd9e578dace13af ,5753182818110904 ,7.431602 ,-2.6862943 ,3.7588966 ,3 ,Acc ,1
3dd9e578dace13af ,5753182921243039 ,6.129156 ,-2.6048915 ,3.0358477 ,3 ,Acc ,1
3dd9e578dace13af ,5753183022053769 ,8.959103 ,-1.316811 ,2.5378537 ,3 ,Acc ,1
3dd9e578dace13af ,5753183125079966 ,10.903194 ,-3.4237084 ,2.1978772 ,3 ,Acc ,1
3dd9e578dace13af ,5753183241721893 ,11.951855 ,-4.6686935 ,4.3861775 ,3 ,Acc ,1
3dd9e578dace13af ,5753183361974081 ,6.6415157 ,-4.10845 ,2.7389667 ,3 ,Acc ,1
3dd9e578dace13af ,5753183481168820 ,10.970232 ,-6.1626754 ,5.3486466 ,3 ,Acc ,1
3dd9e578dace13af ,5753183582325539 ,10.400413 ,-5.7365074 ,6.421249 ,3 ,Acc ,1
3dd9e578dace13af ,5753183684162414 ,10.721235 ,-6.421249 ,3.9504328 ,3 ,Acc ,1
3dd9e578dace13af ,5753183802903560 ,14.140155 ,-4.9703627 ,0.08619126 ,3 ,Acc ,1
3dd9e578dace13af ,5753183923620435 ,8.599973 ,-2.5617957 ,1.2593501 ,3 ,Acc ,1
3dd9e578dace13af ,5753184025096893 ,7.441179 ,-3.845088 ,2.0733786 ,3 ,Acc ,1
3dd9e578dace13af ,5753184125266060 ,11.57836 ,-2.96881 ,4.0892963 ,3 ,Acc ,1
3dd9e578dace13af ,5753184244801633 ,8.772355 ,-2.8491 ,3.86903 ,3 ,Acc ,1
3dd9e578dace13af ,5753184343937362 ,9.279925 ,-3.016694 ,2.5139117 ,3 ,Acc ,1
3dd9e578dace13af ,5753184461501320 ,7.771579 ,-4.414908 ,2.111686 ,3 ,Acc ,1
3dd9e578dace13af ,5753184565124341 ,11.587936 ,-5.770026 ,3.8067808 ,3 ,Acc ,1
3dd9e578dace13af ,5753184680435747 ,10.79785 ,-7.1395097 ,5.2385135 ,3 ,Acc ,1
3dd9e578dace13af ,5753184780788039 ,-0.3411255 ,-0.07714844 ,-0.84368896 ,3 ,Acc ,15
3dd9e578dace13af ,5753184801628872 ,8.978256 ,-6.6989765 ,3.8259344 ,3 ,Acc ,1
3dd9e578dace13af ,5753184901969757 ,12.224793 ,-3.9600096 ,1.9919758 ,3 ,Acc ,1
3dd9e578dace13af ,5753185026159341 ,9.241618 ,-3.739743 ,1.9776106 ,3 ,Acc ,1
3dd9e578dace13af ,5753185140644861 ,11.03727 ,-4.185065 ,1.8339585 ,3 ,Acc ,1
3dd9e578dace13af ,5753185243930799 ,10.788273 ,-2.6479871 ,3.1986535 ,3 ,Acc ,1
3dd9e578dace13af ,5753185362804393 ,6.7133417 ,-2.3558946 ,3.8067808 ,3 ,Acc ,1
3dd9e578dace13af ,5753185466740486 ,6.6750345 ,-2.6623523 ,3.0550013 ,3 ,Acc ,1
3dd9e578dace13af ,5753185566137674 ,8.623915 ,-3.9217024 ,2.7629087 ,3 ,Acc ,1
3dd9e578dace13af ,5753185682008403 ,12.196063 ,-6.459556 ,6.5696893 ,3 ,Acc ,1
3dd9e578dace13af ,5753185763924601 ,-0.3695801 ,-0.17841797 ,-0.1731079 ,3 ,Acc ,4
3dd9e578dace13af ,5753185800627465 ,12.339716 ,-5.813122 ,4.3287168 ,3 ,Acc ,1
3dd9e578dace13af ,5753185902375070 ,10.903194 ,-6.397307 ,4.6399627 ,3 ,Acc ,1
3dd9e578dace13af ,5753186026741788 ,10.386047 ,-2.6910827 ,2.3127987 ,3 ,Acc ,1
3dd9e578dace13af ,5753186127622778 ,8.676587 ,-3.8307228 ,1.6759412 ,3 ,Acc ,1
3dd9e578dace13af ,5753186246910434 ,10.031705 ,-3.0597897 ,1.6903064 ,3 ,Acc ,1
3dd9e578dace13af ,5753186363980903 ,9.409213 ,-2.504335 ,3.0262709 ,3 ,Acc ,1
3dd9e578dace13af ,5753186464111371 ,8.700529 ,-3.0214825 ,4.5777135 ,3 ,Acc ,1
3dd9e578dace13af ,5753186585512517 ,6.6079965 ,-3.2752678 ,4.050989 ,3 ,Acc ,1
3dd9e578dace13af ,5753186687349184 ,8.576031 ,-4.9655743 ,4.0078936 ,3 ,Acc ,1
3dd9e578dace13af ,5753186788101892 ,10.323798 ,-5.913678 ,6.5265937 ,3 ,Acc ,1
3dd9e578dace13af ,5753186902411580 ,12.181698 ,-5.3821654 ,4.6016555 ,3 ,Acc ,1
3dd9e578dace13af ,5753187022589392 ,11.238382 ,-5.315128 ,3.9025488 ,3 ,Acc ,1
3dd9e578dace13af ,5753187124635538 ,10.893618 ,-2.906561 ,1.8291701 ,3 ,Acc ,1
3dd9e578dace13af ,5753187247930121 ,7.493851 ,-3.7588966 ,1.4556746 ,3 ,Acc ,1
3dd9e578dace13af ,5753187348363663 ,8.1402855 ,-3.821146 ,2.0015526 ,3 ,Acc ,1
3dd9e578dace13af ,5753187468752569 ,8.523358 ,-4.8458643 ,4.9464207 ,3 ,Acc ,1
3dd9e578dace13af ,5753187568341527 ,5.070919 ,-5.7269306 ,7.053318 ,3 ,Acc ,1
3dd9e578dace13af ,5753187688532204 ,4.0701427 ,-6.555324 ,5.6886234 ,3 ,Acc ,1
3dd9e578dace13af ,5753187787310538 ,-0.14141846 ,-0.23699951 ,-0.34283447 ,3 ,Acc ,15
3dd9e578dace13af ,5753187803283871 ,3.3279405 ,-6.71813 ,5.33907 ,3 ,Acc ,1
3dd9e578dace13af ,5753187909314496 ,5.12838 ,-7.129933 ,5.8705826 ,3 ,Acc ,1
3dd9e578dace13af ,5753188028322725 ,6.612785 ,-8.106767 ,4.999093 ,3 ,Acc ,1
3dd9e578dace13af ,5753188126469027 ,5.7125654 ,-9.3182335 ,3.8642416 ,3 ,Acc ,1
3dd9e578dace13af ,5753188229652985 ,5.21936 ,-9.950302 ,2.2266076 ,3 ,Acc ,1
3dd9e578dace13af ,5753188345162725 ,4.4244847 ,-7.5704656 ,3.691859 ,3 ,Acc ,1
3dd9e578dace13af ,5753188446009860 ,5.592855 ,-6.133945 ,4.084508 ,3 ,Acc ,1
3dd9e578dace13af ,5753188547637621 ,6.129156 ,-5.6982 ,4.4436383 ,3 ,Acc ,1
3dd9e578dace13af ,5753188649544339 ,5.386954 ,-6.2105594 ,6.1243677 ,3 ,Acc ,1
3dd9e578dace13af ,5753188749523558 ,5.0900726 ,-6.909666 ,4.9224787 ,3 ,Acc ,1
3dd9e578dace13af ,5753188784510329 ,0.39506838 ,-0.994043 ,-0.19222413 ,3 ,Acc ,4
3dd9e578dace13af ,5753188870435589 ,5.8801594 ,-6.5696893 ,5.2289367 ,3 ,Acc ,1
3dd9e578dace13af ,5753188969855068 ,3.787627 ,-5.482722 ,3.3423057 ,3 ,Acc ,1
3dd9e578dace13af ,5753189070550120 ,6.2871737 ,-5.8801594 ,2.0638018 ,3 ,Acc ,1
3dd9e578dace13af ,5753189170035381 ,9.078813 ,-4.9464207 ,1.8722657 ,3 ,Acc ,1
3dd9e578dace13af ,5753189289827047 ,12.593501 ,-4.501099 ,0.7038953 ,3 ,Acc ,1
3dd9e578dace13af ,5753189389575902 ,10.175357 ,-2.3127987 ,0.7613561 ,3 ,Acc ,1
3dd9e578dace13af ,5753189490335589 ,10.414778 ,-1.5035586 ,0.23463176 ,3 ,Acc ,1
3dd9e578dace13af ,5753189592757256 ,8.595184 ,-2.7820623 ,1.3311762 ,3 ,Acc ,1
3dd9e578dace13af ,5753189705686787 ,8.801085 ,-4.9655743 ,4.1276035 ,3 ,Acc ,1
3dd9e578dace13af ,5753189825476526 ,6.7229185 ,-1.4796166 ,5.2863975 ,3 ,Acc ,1
3dd9e578dace13af ,5753189927768141 ,8.475474 ,-1.7190368 ,5.243302 ,3 ,Acc ,1
3dd9e578dace13af ,5753190029610120 ,8.461109 ,-2.3463178 ,6.1100025 ,3 ,Acc ,1
3dd9e578dace13af ,5753190131019964 ,11.702858 ,-6.50744 ,2.9735985 ,3 ,Acc ,1
3dd9e578dace13af ,5753190231798974 ,11.908759 ,-6.612785 ,3.0550013 ,3 ,Acc ,1
3dd9e578dace13af ,5753190331954755 ,11.784261 ,-5.2049947 ,1.0534488 ,3 ,Acc ,1
3dd9e578dace13af ,5753190450825797 ,7.201759 ,-5.104438 ,3.763685 ,3 ,Acc ,1
3dd9e578dace13af ,5753190552179755 ,9.414001 ,-3.0262709 ,4.1276035 ,3 ,Acc ,1
3dd9e578dace13af ,5753190668020849 ,9.77792 ,-1.13964 ,4.951209 ,3 ,Acc ,1
3dd9e578dace13af ,5753190769314234 ,8.767567 ,-2.0350714 ,3.9217024 ,3 ,Acc ,1
3dd9e578dace13af ,5753190805461422 ,0.1619873 ,-0.53204346 ,0.8079834 ,3 ,Acc ,15
3dd9e578dace13af ,5753190871323922 ,9.92636 ,-3.2369606 ,2.7820623 ,3 ,Acc ,1
3dd9e578dace13af ,5753190972069182 ,11.932701 ,-6.0621185 ,3.4572272 ,3 ,Acc ,1
3dd9e578dace13af ,5753191090049859 ,10.333375 ,-8.925584 ,5.386954 ,3 ,Acc ,1
3dd9e578dace13af ,5753191192746109 ,10.338163 ,-10.726024 ,3.490746 ,3 ,Acc ,1
3dd9e578dace13af ,5753191310342672 ,15.361198 ,-11.324574 ,1.9440918 ,3 ,Acc ,1
3dd9e578dace13af ,5753191431815172 ,12.880805 ,-9.390059 ,-0.02873042 ,3 ,Acc ,1
3dd9e578dace13af ,5753191534188661 ,9.351752 ,-12.53604 ,-1.5466543 ,3 ,Acc ,1
3dd9e578dace13af ,5753191652597984 ,3.2321723 ,-8.7532015 ,-0.8810662 ,3 ,Acc ,1
3dd9e578dace13af ,5753191753399182 ,-3.371036 ,-4.414908 ,2.657564 ,3 ,Acc ,1
3dd9e578dace13af ,5753191789903765 ,-1.7416992 ,-1.0269654 ,0.721106 ,3 ,Acc ,4
3dd9e578dace13af ,5753191871629755 ,-4.5058875 ,-4.477157 ,1.6950948 ,3 ,Acc ,1
3dd9e578dace13af ,5753191970761005 ,-3.98874 ,-2.5761611 ,2.72939 ,3 ,Acc ,1
3dd9e578dace13af ,5753192073866578 ,-6.066907 ,-5.568913 ,3.2800562 ,3 ,Acc ,1
3dd9e578dace13af ,5753192193960171 ,-10.692505 ,-4.256891 ,2.0398598 ,3 ,Acc ,1
3dd9e578dace13af ,5753192312778140 ,-12.449849 ,-6.50744 ,-3.193865 ,3 ,Acc ,1
3dd9e578dace13af ,5753192431950015 ,-3.763685 ,2.231396 ,7.824251 ,3 ,Acc ,1
3dd9e578dace13af ,5753192535271682 ,-3.6822822 ,2.1547816 ,5.827487 ,3 ,Acc ,1
3dd9e578dace13af ,5753192634244807 ,1.532289 ,-0.23463176 ,5.5401826 ,3 ,Acc ,1
3dd9e578dace13af ,5753192752290692 ,15.68681 ,-8.954314 ,8.695741 ,3 ,Acc ,1
3dd9e578dace13af ,5753192853914494 ,14.896723 ,-11.81778 ,3.4237084 ,3 ,Acc ,1
3dd9e578dace13af ,5753192969925119 ,9.706094 ,-6.6271505 ,1.1971009 ,3 ,Acc ,1
3dd9e578dace13af ,5753193089003036 ,10.481815 ,-7.575254 ,3.107674 ,3 ,Acc ,1
3dd9e578dace13af ,5753193190171317 ,9.361329 ,-9.758766 ,6.83784 ,3 ,Acc ,1
3dd9e578dace13af ,5753193291401213 ,10.831368 ,-10.419566 ,4.486734 ,3 ,Acc ,1
3dd9e578dace13af ,5753193395193817 ,15.121778 ,-8.892065 ,2.7724855 ,3 ,Acc ,1
3dd9e578dace13af ,5753193509464285 ,13.661315 ,-4.0174704 ,1.5658079 ,3 ,Acc ,1
3dd9e578dace13af ,5753193613643192 ,11.57836 ,-4.390966 ,1.6280571 ,3 ,Acc ,1
3dd9e578dace13af ,5753193731439858 ,12.516887 ,-2.030283 ,2.8538885 ,3 ,Acc ,1
3dd9e578dace13af ,5753193814319077 ,-0.16418457 ,-0.48181152 ,0.83654785 ,3 ,Acc ,15
3dd9e578dace13af ,5753193852613452 ,7.762002 ,-2.1260512 ,2.5761611 ,3 ,Acc ,1
3dd9e578dace13af ,5753193955758035 ,6.4547677 ,-2.6719291 ,2.552219 ,3 ,Acc ,1
3dd9e578dace13af ,5753194076369493 ,11.477803 ,-4.8506527 ,2.5234885 ,3 ,Acc ,1
3dd9e578dace13af ,5753194196435327 ,14.33648 ,-7.9104424 ,7.656657 ,3 ,Acc ,1
3dd9e578dace13af ,5753194313223348 ,9.581595 ,-8.1642275 ,4.9224787 ,3 ,Acc ,1
3dd9e578dace13af ,5753194436871681 ,12.229582 ,-7.7667904 ,3.6535518 ,3 ,Acc ,1
3dd9e578dace13af ,5753194536784025 ,15.294161 ,-4.7788267 ,1.9776106 ,3 ,Acc ,1
3dd9e578dace13af ,5753194656041160 ,12.220005 ,-4.4005427 ,0.8571242 ,3 ,Acc ,1
3dd9e578dace13af ,5753194753853556 ,13.709199 ,-4.036624 ,1.7764976 ,3 ,Acc ,1
3dd9e578dace13af ,5753194791201160 ,0.45666504 ,1.1448487 ,2.2206666 ,3 ,Acc ,4
3dd9e578dace13af ,5753194871483295 ,9.993398 ,-1.388637 ,2.906561 ,3 ,Acc ,1
3dd9e578dace13af ,5753194973035379 ,6.8761473 ,-1.5897499 ,3.0550013 ,3 ,Acc ,1
3dd9e578dace13af ,5753195078788816 ,8.7532015 ,-3.5625722 ,3.1028855 ,3 ,Acc ,1
3dd9e578dace13af ,5753195191768660 ,16.347609 ,-6.6415157 ,4.309563 ,3 ,Acc ,1
3dd9e578dace13af ,5753195832803972 ,12.363658 ,2.3080103 ,1.958457 ,3 ,Acc ,1
3dd9e578dace13af ,5753196051792357 ,11.032481 ,-3.7780502 ,2.9735985 ,3 ,Acc ,1
3dd9e578dace13af ,5753196157038295 ,10.994174 ,-4.6351743 ,2.6479871 ,3 ,Acc ,1
3dd9e578dace13af ,5753196277263243 ,14.06354 ,-7.728483 ,4.6686935 ,3 ,Acc ,1
3dd9e578dace13af ,5753196398516055 ,9.481039 ,-8.7532015 ,5.1810527 ,3 ,Acc ,1
3dd9e578dace13af ,5753196498048086 ,9.624691 ,-9.361329 ,3.3901896 ,3 ,Acc ,1
3dd9e578dace13af ,5753196598625586 ,17.774553 ,-7.2592196 ,2.6671407 ,3 ,Acc ,1
3dd9e578dace13af ,5753196718621836 ,13.153744 ,-3.3614593 ,2.183512 ,3 ,Acc ,1
3dd9e578dace13af ,5753196817432826 ,-0.03918457 ,-0.5574951 ,0.81152344 ,3 ,Acc ,15
3dd9e578dace13af ,5753196834227982 ,12.277467 ,-4.0462008 ,2.8107927 ,3 ,Acc ,1
3dd9e578dace13af ,5753196940031992 ,8.973468 ,-0.38307226 ,3.3135753 ,3 ,Acc ,1
3dd9e578dace13af ,5753197057273086 ,6.555324 ,-1.5179238 ,1.7621324 ,3 ,Acc ,1
3dd9e578dace13af ,5753197159328711 ,8.623915 ,-5.626374 ,2.882619 ,3 ,Acc ,1
3dd9e578dace13af ,5753197275074961 ,12.765883 ,-6.5696893 ,2.9496565 ,3 ,Acc ,1
3dd9e578dace13af ,5753197376261576 ,14.676456 ,-8.714894 ,5.9184666 ,3 ,Acc ,1
3dd9e578dace13af ,5753197477214857 ,10.093954 ,-9.423578 ,5.6982 ,3 ,Acc ,1
3dd9e578dace13af ,5753197579128242 ,8.853758 ,-7.8050976 ,3.763685 ,3 ,Acc ,1
3dd9e578dace13af ,5753197695038919 ,15.71554 ,-5.233725 ,2.0494366 ,3 ,Acc ,1
3dd9e578dace13af ,5753197794718763 ,11.439496 ,-3.9264908 ,1.4796166 ,3 ,Acc ,1
3dd9e578dace13af ,5753197794718763 ,1.3030884 ,0.7805786 ,4.591077 ,3 ,Acc ,4
3dd9e578dace13af ,5753197899285117 ,13.460202 ,-4.2664676 ,1.7669208 ,3 ,Acc ,1
3dd9e578dace13af ,5753198014840377 ,11.099519 ,-0.5746084 ,2.4037786 ,3 ,Acc ,1
3dd9e578dace13af ,5753198115860950 ,6.8043213 ,-1.9680338 ,2.834735 ,3 ,Acc ,1
3dd9e578dace13af ,5753198217134856 ,7.6853876 ,-3.0358477 ,2.7581203 ,3 ,Acc ,1
3dd9e578dace13af ,5753198320482929 ,11.420342 ,-4.5920787 ,2.954445 ,3 ,Acc ,1
3dd9e578dace13af ,5753198434851731 ,13.713987 ,-7.9391727 ,6.445191 ,3 ,Acc ,1
3dd9e578dace13af ,5753198537568190 ,10.951078 ,-8.389283 ,3.8307228 ,3 ,Acc ,1
3dd9e578dace13af ,5753198640750898 ,8.954314 ,-7.9152308 ,3.3375173 ,3 ,Acc ,1
3dd9e578dace13af ,5753198741760481 ,16.587029 ,-5.592855 ,2.2744915 ,3 ,Acc ,1
3dd9e578dace13af ,5753198841053346 ,12.11466 ,-3.6248214 ,1.8435353 ,3 ,Acc ,1
3dd9e578dace13af ,5753198960542356 ,12.109872 ,-4.2521024 ,1.5227122 ,3 ,Acc ,1
3dd9e578dace13af ,5753199060731523 ,10.529699 ,-0.2777274 ,2.255338 ,3 ,Acc ,1
3dd9e578dace13af ,5753199160851679 ,9.409213 ,-2.5234885 ,3.4763808 ,3 ,Acc ,1
3dd9e578dace13af ,5753199260979283 ,9.160215 ,-2.753332 ,3.3039982 ,3 ,Acc ,1
3dd9e578dace13af ,5753199381239908 ,10.85531 ,-4.247314 ,2.8443117 ,3 ,Acc ,1
3dd9e578dace13af ,5753199481905637 ,13.570335 ,-7.201759 ,5.4204726 ,3 ,Acc ,1
3dd9e578dace13af ,5753199597364700 ,9.208099 ,-7.7332716 ,4.3239284 ,3 ,Acc ,1
3dd9e578dace13af ,5753199698056471 ,9.749189 ,-8.7532015 ,3.596091 ,3 ,Acc ,1
3dd9e578dace13af ,5753199799586158 ,16.572664 ,-5.961562 ,2.8443117 ,3 ,Acc ,1
3dd9e578dace13af ,5753199835627252 ,0.31237793 ,-0.6029663 ,0.5927124 ,3 ,Acc ,15
3dd9e578dace13af ,5753199900362773 ,12.191275 ,-3.5865142 ,2.2361844 ,3 ,Acc ,1
3dd9e578dace13af ,5753200001473606 ,12.344504 ,-4.0940847 ,1.5753847 ,3 ,Acc ,1
3dd9e578dace13af ,5753200101973606 ,11.832145 ,0.5506664 ,1.6807296 ,3 ,Acc ,1
3dd9e578dace13af ,5753200202554387 ,10.093954 ,-3.074155 ,2.930503 ,3 ,Acc ,1
3dd9e578dace13af ,5753200321816522 ,9.701305 ,-3.1890767 ,2.7629087 ,3 ,Acc ,1
3dd9e578dace13af ,5753200422353866 ,11.434708 ,-4.414908 ,3.1794999 ,3 ,Acc ,1
3dd9e578dace13af ,5753200522985689 ,13.651738 ,-6.5744777 ,5.046977 ,3 ,Acc ,1
3dd9e578dace13af ,5753200638363033 ,9.203311 ,-6.655881 ,4.7500963 ,3 ,Acc ,1
3dd9e578dace13af ,5753200744127512 ,9.892841 ,-9.763555 ,2.9400797 ,3 ,Acc ,1
3dd9e578dace13af ,5753200802658033 ,2.075171 ,-0.43967286 ,2.4596193 ,3 ,Acc ,4
3dd9e578dace13af ,5753200856908710 ,14.733917 ,-7.3885064 ,2.8538885 ,3 ,Acc ,1
3dd9e578dace13af ,5753200960144439 ,13.31655 ,-3.9552212 ,2.27928 ,3 ,Acc ,1
3dd9e578dace13af ,5753201062977876 ,12.5982895 ,-4.414908 ,1.9680338 ,3 ,Acc ,1
3dd9e578dace13af ,5753201163630897 ,13.278243 ,-0.60333884 ,2.695871 ,3 ,Acc ,1
3dd9e578dace13af ,5753201263100741 ,11.63582 ,-1.2593501 ,3.5913026 ,3 ,Acc ,1
3dd9e578dace13af ,5753201381999334 ,10.611102 ,-3.1555579 ,3.6008794 ,3 ,Acc ,1
3dd9e578dace13af ,5753201484042511 ,10.682928 ,-4.2425256 ,3.016694 ,3 ,Acc ,1
3dd9e578dace13af ,5753201602557772 ,12.53604 ,-7.07726 ,4.3143516 ,3 ,Acc ,1
3dd9e578dace13af ,5753201724220272 ,9.816227 ,-9.02614 ,4.2281604 ,3 ,Acc ,1
3dd9e578dace13af ,5753201843930532 ,9.864111 ,-7.4986396 ,4.5633483 ,3 ,Acc ,1
3dd9e578dace13af ,5753201960952563 ,16.19917 ,-3.7062242 ,3.3087866 ,3 ,Acc ,1
3dd9e578dace13af ,5753202064029334 ,10.314221 ,-3.5865142 ,2.2984335 ,3 ,Acc ,1
3dd9e578dace13af ,5753202165341938 ,12.186486 ,-4.012682 ,1.5562311 ,3 ,Acc ,1
3dd9e578dace13af ,5753202284509803 ,10.237606 ,-0.4213795 ,1.8195933 ,3 ,Acc ,1
3dd9e578dace13af ,5753202402249751 ,7.177817 ,-2.5761611 ,2.2170308 ,3 ,Acc ,1
3dd9e578dace13af ,5753202501659282 ,10.093954 ,-4.1659107 ,3.3039982 ,3 ,Acc ,1
3dd9e578dace13af ,5753202605352303 ,12.65575 ,-5.1379566 ,3.41892 ,3 ,Acc ,1
3dd9e578dace13af ,5753202723963292 ,11.21444 ,-5.8466406 ,6.694188 ,3 ,Acc ,1
3dd9e578dace13af ,5753202844771938 ,0.39154053 ,-0.58825684 ,0.30584717 ,3 ,Acc ,15
3dd9e578dace13af ,5753202845488605 ,11.688493 ,-8.39886 ,3.7205894 ,3 ,Acc ,1
3dd9e578dace13af ,5753202964967094 ,13.019669 ,-7.0820484 ,4.175488 ,3 ,Acc ,1
3dd9e578dace13af ,5753203065159230 ,15.500062 ,-4.074931 ,2.2218192 ,3 ,Acc ,1
3dd9e578dace13af ,5753203165791521 ,12.215217 ,-3.6008794 ,1.9488802 ,3 ,Acc ,1
3dd9e578dace13af ,5753203282963917 ,12.382812 ,-2.1404164 ,2.1739352 ,3 ,Acc ,1
3dd9e578dace13af ,5753203385475323 ,9.931149 ,-1.934515 ,2.8107927 ,3 ,Acc ,1
3dd9e578dace13af ,5753203502692875 ,8.791509 ,-3.4715924 ,3.241749 ,3 ,Acc ,1
3dd9e578dace13af ,5753203625787927 ,8.78672 ,-3.6248214 ,2.1021092 ,3 ,Acc ,1
3dd9e578dace13af ,5753203747406625 ,13.790602 ,-7.5800424 ,4.343082 ,3 ,Acc ,1
3dd9e578dace13af ,5753203804519802 ,-0.7126099 ,-0.4694092 ,-1.4592041 ,3 ,Acc ,4
3dd9e578dace13af ,5753203860307146 ,9.672575 ,-6.6750345 ,6.445191 ,3 ,Acc ,1
3dd9e578dace13af ,5753203961651104 ,9.270349 ,-8.317456 ,3.9552212 ,3 ,Acc ,1
3dd9e578dace13af ,5753204063950740 ,16.620548 ,-6.4020953 ,3.5673606 ,3 ,Acc ,1
3dd9e578dace13af ,5753204166895219 ,12.406754 ,-3.5434184 ,2.4708161 ,3 ,Acc ,1
3dd9e578dace13af ,5753204266452979 ,11.602302 ,-3.9360676 ,1.3934253 ,3 ,Acc ,1
3dd9e578dace13af ,5753204382253917 ,11.549629 ,1.1109096 ,1.6711528 ,3 ,Acc ,1
3dd9e578dace13af ,5753204487239333 ,10.275913 ,-2.6479871 ,3.5098996 ,3 ,Acc ,1
3dd9e578dace13af ,5753204606318239 ,10.28549 ,-3.2704794 ,3.2800562 ,3 ,Acc ,1
3dd9e578dace13af ,5753204724745479 ,11.597513 ,-4.5537715 ,2.2361844 ,3 ,Acc ,1
3dd9e578dace13af ,5753204843976416 ,11.947066 ,-7.5082164 ,4.429273 ,3 ,Acc ,1
3dd9e578dace13af ,5753204948032146 ,9.069236 ,-7.8912888 ,5.554548 ,3 ,Acc ,1
3dd9e578dace13af ,5753205066852146 ,10.13705 ,-6.7708025 ,4.510676 ,3 ,Acc ,1
3dd9e578dace13af ,5753205168023812 ,16.577452 ,-5.094861 ,3.4572272 ,3 ,Acc ,1
3dd9e578dace13af ,5753205286051677 ,11.81778 ,-3.691859 ,1.70946 ,3 ,Acc ,1
3dd9e578dace13af ,5753205386562354 ,10.860099 ,-3.6343982 ,1.7908629 ,3 ,Acc ,1
3dd9e578dace13af ,5753205486243239 ,10.481815 ,-1.2354081 ,2.6192567 ,3 ,Acc ,1
3dd9e578dace13af ,5753205587765010 ,7.6470804 ,-2.0638018 ,2.930503 ,3 ,Acc ,1
3dd9e578dace13af ,5753205705274437 ,8.992621 ,-6.766014 ,5.0038815 ,3 ,Acc ,1
3dd9e578dace13af ,5753205823251833 ,9.203311 ,-5.171476 ,2.5570073 ,3 ,Acc ,1
3dd9e578dace13af ,5753205861698604 ,0.31884766 ,-0.63342285 ,0.5286865 ,3 ,Acc ,15
3dd9e578dace13af ,5753205928808239 ,11.712435 ,-7.4746976 ,5.104438 ,3 ,Acc ,1
3dd9e578dace13af ,5753206048450947 ,9.758766 ,-6.9767036 ,6.445191 ,3 ,Acc ,1
3dd9e578dace13af ,5753206151485583 ,10.606314 ,-6.7133417 ,4.6351743 ,3 ,Acc ,1
3dd9e578dace13af ,5753206266546468 ,17.472883 ,-4.343082 ,5.511452 ,3 ,Acc ,1
3dd9e578dace13af ,5753206369448760 ,10.860099 ,-2.9352913 ,3.787627 ,3 ,Acc ,1
3dd9e578dace13af ,5753206485539957 ,7.469909 ,-2.3750482 ,2.6240451 ,3 ,Acc ,1
3dd9e578dace13af ,5753206588808187 ,8.12592 ,-1.5131354 ,2.4133554 ,3 ,Acc ,1
3dd9e578dace13af ,5753206688991520 ,9.299079 ,-2.4372973 ,2.1930888 ,3 ,Acc ,1
3dd9e578dace13af ,5753206789434020 ,10.601525 ,-6.4068837 ,3.3901896 ,3 ,Acc ,1
3dd9e578dace13af ,5753206823569905 ,-1.5038086 ,-1.0174073 ,-4.776929 ,3 ,Acc ,4
3dd9e578dace13af ,5753206910801155 ,9.011775 ,-6.3542113 ,3.5865142 ,3 ,Acc ,1
3dd9e578dace13af ,5753207009950530 ,8.341399 ,-7.9726915 ,3.9600096 ,3 ,Acc ,1
3dd9e578dace13af ,5753207127475270 ,10.778696 ,-7.4986396 ,5.195418 ,3 ,Acc ,1
3dd9e578dace13af ,5753207229686416 ,12.0332575 ,-6.4164605 ,4.548983 ,3 ,Acc ,1
3dd9e578dace13af ,5753207344817457 ,13.785813 ,-4.132392 ,4.5777135 ,3 ,Acc ,1
3dd9e578dace13af ,5753207450436884 ,13.110648 ,-2.6288335 ,3.916914 ,3 ,Acc ,1
3dd9e578dace13af ,5753207564709957 ,6.5122285 ,-2.3511062 ,3.6870706 ,3 ,Acc ,1
3dd9e578dace13af ,5753207688649697 ,6.531382 ,-1.5658079 ,2.7341783 ,3 ,Acc ,1
3dd9e578dace13af ,5753207810744540 ,10.429143 ,-3.41892 ,2.6144683 ,3 ,Acc ,1
3dd9e578dace13af ,5753207928068551 ,10.55843 ,-6.019023 ,3.490746 ,3 ,Acc ,1
3dd9e578dace13af ,5753208030576311 ,7.704541 ,-5.770026 ,2.9592333 ,3 ,Acc ,1
3dd9e578dace13af ,5753208131089071 ,6.9144545 ,-5.5880666 ,1.70946 ,3 ,Acc ,1
3dd9e578dace13af ,5753208249499280 ,10.773908 ,-6.5361705 ,4.817134 ,3 ,Acc ,1
3dd9e578dace13af ,5753208348576519 ,12.239159 ,-5.3582234 ,6.1004257 ,3 ,Acc ,1
3dd9e578dace13af ,5753208451255061 ,10.228029 ,-5.305551 ,4.525041 ,3 ,Acc ,1
3dd9e578dace13af ,5753208552610321 ,14.714764 ,-3.916914 ,4.1036615 ,3 ,Acc ,1
3dd9e578dace13af ,5753208668310530 ,8.101978 ,-3.1507695 ,2.0829554 ,3 ,Acc ,1
3dd9e578dace13af ,5753208787773602 ,9.165004 ,-3.2082303 ,1.4652514 ,3 ,Acc ,1
3dd9e578dace13af ,5753208870128238 ,-0.17401123 ,-0.5602417 ,0.45092773 ,3 ,Acc ,15
3dd9e578dace13af ,5753208906997144 ,8.949526 ,-2.4468741 ,1.8770541 ,3 ,Acc ,1
3dd9e578dace13af ,5753209031411102 ,7.5082164 ,-6.469133 ,3.643975 ,3 ,Acc ,1
3dd9e578dace13af ,5753209132279175 ,8.240842 ,-7.7428484 ,5.2528787 ,3 ,Acc ,1
3dd9e578dace13af ,5753209252405842 ,3.7445314 ,-5.813122 ,3.916914 ,3 ,Acc ,1
3dd9e578dace13af ,5753209353510738 ,7.3645644 ,-6.9862804 ,4.429273 ,3 ,Acc ,1
3dd9e578dace13af ,5753209471161415 ,9.56723 ,-8.00621 ,3.8498764 ,3 ,Acc ,1
3dd9e578dace13af ,5753209571133706 ,11.87524 ,-10.31901 ,3.0358477 ,3 ,Acc ,1
3dd9e578dace13af ,5753209690399592 ,12.344504 ,-10.141838 ,-0.4357447 ,3 ,Acc ,1
3dd9e578dace13af ,5753209812898862 ,7.249643 ,-8.643068 ,-3.2369606 ,3 ,Acc ,1
3dd9e578dace13af ,5753209826415842 ,-3.0426636 ,-2.265271 ,3.6480103 ,3 ,Acc ,4
3dd9e578dace13af ,5753209928106206 ,1.3599066 ,-5.363012 ,-5.2385135 ,3 ,Acc ,1
3dd9e578dace13af ,5753210032616727 ,1.0055647 ,-6.4739213 ,-4.8027687 ,3 ,Acc ,1
3dd9e578dace13af ,5753210133362873 ,1.4460979 ,-6.847417 ,-3.53863 ,3 ,Acc ,1
3dd9e578dace13af ,5753210248956623 ,-0.7422025 ,-7.5800424 ,-3.7205894 ,3 ,Acc ,1
3dd9e578dace13af ,5753210349958081 ,-2.135628 ,-2.1021092 ,-0.033518825 ,3 ,Acc ,1
3dd9e578dace13af ,5753210471752143 ,0.8619126 ,-3.8307228 ,3.6248214 ,3 ,Acc ,1
3dd9e578dace13af ,5753210573765477 ,5.482722 ,-20.283676 ,2.585738 ,3 ,Acc ,1
3dd9e578dace13af ,5753210688806570 ,3.2800562 ,-14.743494 ,0.30166942 ,3 ,Acc ,1
3dd9e578dace13af ,5753210787865893 ,5.267244 ,-9.667787 ,0.11492168 ,3 ,Acc ,1
3dd9e578dace13af ,5753210891950477 ,6.6893997 ,-8.662222 ,-3.466804 ,3 ,Acc ,1
3dd9e578dace13af ,5753210991937039 ,2.1452048 ,-4.31914 ,0.4213795 ,3 ,Acc ,1
3dd9e578dace13af ,5753211094279279 ,2.9496565 ,-6.694188 ,-1.1492168 ,3 ,Acc ,1
3dd9e578dace13af ,5753211212008966 ,8.082825 ,-9.040505 ,-0.7517793 ,3 ,Acc ,1
3dd9e578dace13af ,5753211312140268 ,8.480263 ,-13.809755 ,-3.7445314 ,3 ,Acc ,1
3dd9e578dace13af ,5753211414690945 ,1.4173675 ,-8.303091 ,-0.35434186 ,3 ,Acc ,1
3dd9e578dace13af ,5753211534160841 ,2.6623523 ,-6.655881 ,-0.6464345 ,3 ,Acc ,1
3dd9e578dace13af ,5753211652931310 ,3.7205894 ,-6.459556 ,-1.163582 ,3 ,Acc ,1
3dd9e578dace13af ,5753211772370216 ,4.936844 ,-10.232818 ,-2.0398598 ,3 ,Acc ,1
3dd9e578dace13af ,5753211873957924 ,-0.0546875 ,-0.8383789 ,0.40490723 ,3 ,Acc ,15
3dd9e578dace13af ,5753211874679435 ,7.666234 ,-14.12579 ,-4.3047748 ,3 ,Acc ,1
3dd9e578dace13af ,5753211994780372 ,7.5225816 ,-12.488156 ,-5.9280434 ,3 ,Acc ,1
3dd9e578dace13af ,5753212095510216 ,2.7485435 ,-5.6120086 ,-2.0446482 ,3 ,Acc ,1
3dd9e578dace13af ,5753212195059955 ,2.336741 ,-5.046977 ,-0.22984336 ,3 ,Acc ,1
3dd9e578dace13af ,5753212313527612 ,4.4101195 ,-10.323798 ,-1.4508862 ,3 ,Acc ,1
3dd9e578dace13af ,5753212429610424 ,3.5194764 ,-10.979809 ,1.3215994 ,3 ,Acc ,1
3dd9e578dace13af ,5753212535916466 ,2.2409728 ,-10.898406 ,-0.18674773 ,3 ,Acc ,1
3dd9e578dace13af ,5753212654301361 ,-2.4708161 ,-8.537724 ,0.22026655 ,3 ,Acc ,1
3dd9e578dace13af ,5753212775192820 ,0.20590134 ,-8.614338 ,0.9959879 ,3 ,Acc ,1
3dd9e578dace13af ,5753212830299799 ,-0.96218264 ,-0.9759888 ,0.10089111 ,3 ,Acc ,4
3dd9e578dace13af ,5753212890494278 ,2.054225 ,-10.989386 ,-0.11971009 ,3 ,Acc ,1
3dd9e578dace13af ,5753212995864226 ,-0.7134721 ,-13.034034 ,2.60968 ,3 ,Acc ,1
3dd9e578dace13af ,5753213096511570 ,-3.2992098 ,-12.53604 ,2.303222 ,3 ,Acc ,1
3dd9e578dace13af ,5753213216670007 ,2.882619 ,-13.038822 ,-4.927267 ,3 ,Acc ,1
3dd9e578dace13af ,5753213333869851 ,2.0446482 ,-7.28795 ,-4.2185836 ,3 ,Acc ,1
3dd9e578dace13af ,5753213436104434 ,0.842759 ,-6.042965 ,1.4700398 ,3 ,Acc ,1
3dd9e578dace13af ,5753213537009590 ,-3.098097 ,-10.620679 ,4.9799395 ,3 ,Acc ,1
3dd9e578dace13af ,5753213655193861 ,-3.1794999 ,-8.350976 ,7.747637 ,3 ,Acc ,1
3dd9e578dace13af ,5753213757214798 ,1.541866 ,-8.868123 ,4.879383 ,3 ,Acc ,1
3dd9e578dace13af ,5753213857417976 ,4.3047748 ,-9.533711 ,4.644751 ,3 ,Acc ,1
3dd9e578dace13af ,5753213958460892 ,0.5650316 ,-10.055647 ,3.9839516 ,3 ,Acc ,1
3dd9e578dace13af ,5753214074366673 ,-1.7908629 ,-8.863335 ,5.602432 ,3 ,Acc ,1
3dd9e578dace13af ,5753214177610371 ,0.50278234 ,-4.7070007 ,6.8809357 ,3 ,Acc ,1
3dd9e578dace13af ,5753214277227350 ,-1.1252748 ,-11.640609 ,3.3901896 ,3 ,Acc ,1
3dd9e578dace13af ,5753214378048027 ,-1.5562311 ,-4.2999864 ,6.196194 ,3 ,Acc ,1
3dd9e578dace13af ,5753214493936413 ,2.695871 ,-7.192182 ,6.129156 ,3 ,Acc ,1
3dd9e578dace13af ,5753214597651777 ,-2.1212628 ,-8.274361 ,6.435614 ,3 ,Acc ,1
3dd9e578dace13af ,5753214712660527 ,1.0869676 ,-2.4660277 ,6.5744777 ,3 ,Acc ,1
3dd9e578dace13af ,5753214814256881 ,0.9911995 ,-13.239936 ,3.2609026 ,3 ,Acc ,1
3dd9e578dace13af ,5753214875567611 ,-0.004699707 ,-0.5211792 ,0.83721924 ,3 ,Acc ,15
3dd9e578dace13af ,5753214932730111 ,0.076614454 ,-7.6853876 ,3.691859 ,3 ,Acc ,1
3dd9e578dace13af ,5753215032337767 ,3.1986535 ,-8.0684595 ,5.659893 ,3 ,Acc ,1
3dd9e578dace13af ,5753215138831777 ,4.213795 ,-9.442732 ,5.209783 ,3 ,Acc ,1
3dd9e578dace13af ,5753215255578444 ,2.111686 ,-8.010999 ,3.2944214 ,3 ,Acc ,1
3dd9e578dace13af ,5753215379428496 ,3.3039982 ,-10.582372 ,4.1276035 ,3 ,Acc ,1
3dd9e578dace13af ,5753215493113756 ,3.5434184 ,-8.221688 ,2.9496565 ,3 ,Acc ,1
3dd9e578dace13af ,5753215598571673 ,6.6654577 ,-8.418014 ,4.405331 ,3 ,Acc ,1
3dd9e578dace13af ,5753215699384277 ,11.798626 ,-3.1842883 ,6.172252 ,3 ,Acc ,1
3dd9e578dace13af ,5753215815108444 ,-8.054094 ,-14.72434 ,-1.1492168 ,3 ,Acc ,1
3dd9e578dace13af ,5753215833900735 ,-3.1212525 ,4.427527 ,-0.73703617 ,3 ,Acc ,4
3dd9e578dace13af ,5753215918232193 ,14.5088625 ,-14.824897 ,-15.701175 ,3 ,Acc ,1
3dd9e578dace13af ,5753216037131881 ,3.9935284 ,-4.6926355 ,-4.0653543 ,3 ,Acc ,1
3dd9e578dace13af ,5753216160821673 ,-0.9672575 ,-3.4811692 ,2.207454 ,3 ,Acc ,1
3dd9e578dace13af ,5753216275245839 ,11.741165 ,-2.7246015 ,5.6359506 ,3 ,Acc ,1
3dd9e578dace13af ,5753216380139433 ,15.873557 ,8.614338 ,5.497087 ,3 ,Acc ,1
3dd9e578dace13af ,5753216496276412 ,11.147403 ,0.9576807 ,-0.79008657 ,3 ,Acc ,1
3dd9e578dace13af ,5753216617345839 ,9.792285 ,-1.5945383 ,2.4516625 ,3 ,Acc ,1
3dd9e578dace13af ,5753216740448235 ,8.829816 ,-5.0613422 ,1.1300632 ,3 ,Acc ,1
3dd9e578dace13af ,5753216841615006 ,9.021352 ,-3.1028855 ,5.12838 ,3 ,Acc ,1
3dd9e578dace13af ,5753216959311881 ,11.066 ,-4.295198 ,-0.02873042 ,3 ,Acc ,1
3dd9e578dace13af ,5753217060855266 ,7.489063 ,-5.8801594 ,4.1276035 ,3 ,Acc ,1
3dd9e578dace13af ,5753217161979485 ,6.2105594 ,-8.355764 ,0.62728083 ,3 ,Acc ,1
3dd9e578dace13af ,5753217277803026 ,5.243302 ,-7.800309 ,2.0254946 ,3 ,Acc ,1
3dd9e578dace13af ,5753217380371724 ,4.189853 ,-10.620679 ,5.391742 ,3 ,Acc ,1
3dd9e578dace13af ,5753217480560578 ,3.0119057 ,-10.965444 ,5.793968 ,3 ,Acc ,1
3dd9e578dace13af ,5753217580978078 ,1.1923125 ,-10.831368 ,4.721366 ,3 ,Acc ,1
3dd9e578dace13af ,5753217701065995 ,-1.7908629 ,-10.323798 ,4.596867 ,3 ,Acc ,1
3dd9e578dace13af ,5753217801916151 ,-3.0023289 ,-5.631162 ,4.7500963 ,3 ,Acc ,1
3dd9e578dace13af ,5753217877415057 ,0.009460449 ,-0.34387207 ,0.66101074 ,3 ,Acc ,15
3dd9e578dace13af ,5753217921136568 ,-0.6799533 ,-3.8786068 ,4.5633483 ,3 ,Acc ,1
3dd9e578dace13af ,5753218021966724 ,2.2409728 ,-5.1906295 ,7.0724716 ,3 ,Acc ,1
3dd9e578dace13af ,5753218138795318 ,5.267244 ,-3.2513258 ,9.212888 ,3 ,Acc ,1
3dd9e578dace13af ,5753218260803651 ,3.9695864 ,-2.0590134 ,10.04607 ,3 ,Acc ,1
3dd9e578dace13af ,5753218381503963 ,2.6431987 ,-0.7374141 ,11.956643 ,3 ,Acc ,1
3dd9e578dace13af ,5753218481700734 ,6.009446 ,-2.6384103 ,9.069236 ,3 ,Acc ,1
3dd9e578dace13af ,5753218598794224 ,3.289633 ,-1.7669208 ,9.279925 ,3 ,Acc ,1
3dd9e578dace13af ,5753218701362245 ,-2.4612393 ,-5.5737014 ,3.7924154 ,3 ,Acc ,1
3dd9e578dace13af ,5753218801006984 ,-7.005434 ,-9.476251 ,-5.2480903 ,3 ,Acc ,1
3dd9e578dace13af ,5753218836439067 ,2.1834962 ,-3.263562 ,-1.0651978 ,3 ,Acc ,4
3dd9e578dace13af ,5753218922103078 ,-7.0820484 ,-11.410766 ,3.4955344 ,3 ,Acc ,1
