3dd9e578dace13af ,5751283838571131 ,3.8431244 ,-3.2941132 ,8.399368 ,0 ,Acc ,9
3dd9e578dace13af ,5751283958761443 ,-7.086151 ,-4.697098 ,-13.524216 ,0 ,Acc ,10
3dd9e578dace13af ,5751284058458110 ,0.039489746 ,0.035720825 ,-0.12365723 ,0 ,Acc ,10
3dd9e578dace13af ,5751284159004568 ,0.12324524 ,0.18832397 ,-0.111968994 ,0 ,Acc ,10
3dd9e578dace13af ,5751284259977224 ,0.067474365 ,0.073532104 ,-0.31533813 ,0 ,Acc ,10
3dd9e578dace13af ,5751284362342276 ,-0.09106445 ,0.2627716 ,-0.20643616 ,0 ,Acc ,10
3dd9e578dace13af ,5751284482967901 ,-0.14694214 ,0.24794006 ,-0.13204956 ,0 ,Acc ,10
3dd9e578dace13af ,5751284600521703 ,-0.049438477 ,0.09138489 ,-0.15715027 ,0 ,Acc ,10
3dd9e578dace13af ,5751284702809464 ,0.010559082 ,0.047409058 ,-0.0718689 ,0 ,Acc ,10
3dd9e578dace13af ,5751284803469307 ,0.012420654 ,0.12802124 ,-0.1662445 ,0 ,Acc ,10
3dd9e578dace13af ,5751284902942068 ,0.049209595 ,0.0059051514 ,-0.22639465 ,0 ,Acc ,10
3dd9e578dace13af ,5751285003744203 ,0.061325073 ,0.15332031 ,-0.18612671 ,0 ,Acc ,10
3dd9e578dace13af ,5751285123853630 ,0.009780884 ,0.033996582 ,-0.14181519 ,0 ,Acc ,10
3dd9e578dace13af ,5751285241499516 ,-0.10568237 ,-0.26034546 ,-1.9267273 ,0 ,Acc ,10
3dd9e578dace13af ,5751285361493266 ,-0.07475281 ,-0.15145874 ,-0.64393616 ,0 ,Acc ,10
3dd9e578dace13af ,5751285481313526 ,0.93252563 ,0.6747589 ,1.0356445 ,0 ,Acc ,10
3dd9e578dace13af ,5751285583679099 ,0.06614685 ,0.4019165 ,-0.011291504 ,0 ,Acc ,10
3dd9e578dace13af ,5751285703727953 ,-0.106674194 ,-0.98231506 ,-0.73098755 ,0 ,Acc ,10
3dd9e578dace13af ,5751285804423734 ,0.96591187 ,0.9778595 ,0.85762024 ,0 ,Acc ,10
3dd9e578dace13af ,5751285924001547 ,0.94685364 ,0.17126465 ,-0.29315186 ,0 ,Acc ,10
3dd9e578dace13af ,5751286023968474 ,-0.5328064 ,-0.41799927 ,0.05949402 ,0 ,Acc ,10
3dd9e578dace13af ,5751286144267588 ,-0.7998657 ,0.93315125 ,-0.5955963 ,0 ,Acc ,10
3dd9e578dace13af ,5751286245369047 ,-0.15168762 ,0.47801208 ,-0.49061584 ,0 ,Acc ,10
3dd9e578dace13af ,5751286363203682 ,1.6189423 ,-0.77093506 ,-0.08276367 ,0 ,Acc ,10
3dd9e578dace13af ,5751286464635713 ,0.92749023 ,-1.3291931 ,-1.4202118 ,0 ,Acc ,10
3dd9e578dace13af ,5751286565282067 ,3.7750854 ,-1.8297272 ,0.7013855 ,0 ,Acc ,10
3dd9e578dace13af ,5751286681668265 ,0.98654175 ,0.9168854 ,-0.4116211 ,0 ,Acc ,10
3dd9e578dace13af ,5751286781448317 ,-3.5841675 ,1.5910797 ,-2.5541534 ,0 ,Acc ,10
3dd9e578dace13af ,5751286843465765 ,4.3099365 ,-8.808105 ,0.109069824 ,0 ,Acc ,9
3dd9e578dace13af ,5751286883041130 ,-2.7087555 ,-2.1824036 ,-1.6112213 ,0 ,Acc ,10
3dd9e578dace13af ,5751287002049671 ,-0.7862396 ,-0.78500366 ,-0.2758484 ,0 ,Acc ,10
3dd9e578dace13af ,5751287104087275 ,1.78302 ,-1.8023834 ,1.5849457 ,0 ,Acc ,10
3dd9e578dace13af ,5751287206043317 ,1.1758118 ,0.14086914 ,1.0914917 ,0 ,Acc ,10
3dd9e578dace13af ,5751287326078942 ,-1.9599762 ,1.004425 ,0.29081726 ,0 ,Acc ,10
3dd9e578dace13af ,5751287446299359 ,0.24899292 ,1.1130676 ,-3.8070068 ,0 ,Acc ,10
3dd9e578dace13af ,5751287563728525 ,-2.2809753 ,-0.3486328 ,-1.727951 ,0 ,Acc ,10
3dd9e578dace13af ,5751287667684515 ,1.0594635 ,3.7835846 ,1.2595825 ,0 ,Acc ,10
3dd9e578dace13af ,5751287782599463 ,5.727768 ,5.786133 ,5.0134277 ,0 ,Acc ,10
3dd9e578dace13af ,5751287886918421 ,-2.640625 ,1.9335938 ,-3.4991608 ,0 ,Acc ,10
3dd9e578dace13af ,5751287987415035 ,-3.5301056 ,-0.37374878 ,0.04484558 ,0 ,Acc ,10
3dd9e578dace13af ,5751288086922483 ,3.8987732 ,0.73765564 ,0.84780884 ,0 ,Acc ,10
3dd9e578dace13af ,5751288206769306 ,-0.42686462 ,-2.6154785 ,-1.8678436 ,0 ,Acc ,10
3dd9e578dace13af ,5751288307141702 ,5.9060364 ,2.0201416 ,3.8232422 ,0 ,Acc ,10
3dd9e578dace13af ,5751288423923108 ,0.52101135 ,-0.6669769 ,6.665329 ,0 ,Acc ,10
3dd9e578dace13af ,5751288523668473 ,1.7558289 ,0.03605652 ,0.60617065 ,0 ,Acc ,10
3dd9e578dace13af ,5751288646896962 ,0.19216919 ,-0.35011292 ,-2.9444122 ,0 ,Acc ,10
3dd9e578dace13af ,5751288767693212 ,0.35656738 ,-0.26522827 ,-1.7784576 ,0 ,Acc ,10
3dd9e578dace13af ,5751288887046285 ,3.0026245 ,0.89016724 ,0.65834045 ,0 ,Acc ,10
3dd9e578dace13af ,5751288987035973 ,2.3764038 ,-0.24404907 ,1.4043427 ,0 ,Acc ,10
3dd9e578dace13af ,5751289088054827 ,3.0947876 ,-1.0211945 ,0.06744385 ,0 ,Acc ,10
3dd9e578dace13af ,5751289207718993 ,1.6726685 ,1.1727905 ,0.6605377 ,0 ,Acc ,10
3dd9e578dace13af ,5751289326919514 ,1.6370087 ,-0.899292 ,0.5126648 ,0 ,Acc ,10
3dd9e578dace13af ,5751289427638212 ,2.320465 ,-2.2348022 ,-0.36741638 ,0 ,Acc ,10
3dd9e578dace13af ,5751289528302639 ,2.4659271 ,-1.9287567 ,0.864563 ,0 ,Acc ,10
3dd9e578dace13af ,5751289645949462 ,1.0160828 ,0.38119507 ,-0.1920166 ,0 ,Acc ,10
3dd9e578dace13af ,5751289745645451 ,0.5527191 ,0.6656952 ,-0.33937073 ,0 ,Acc ,10
3dd9e578dace13af ,5751289848331441 ,1.091217 ,1.1188965 ,0.84020996 ,0 ,Acc ,10
3dd9e578dace13af ,5751289849966701 ,-5.298645 ,-3.1516724 ,7.6263733 ,0 ,Acc ,9
3dd9e578dace13af ,5751289966538264 ,2.217331 ,1.6476746 ,2.4097137 ,0 ,Acc ,10
3dd9e578dace13af ,5751290068498420 ,2.0266418 ,1.8357697 ,0.50213623 ,0 ,Acc ,10
3dd9e578dace13af ,5751290169049305 ,1.1789398 ,0.92141724 ,-0.23716736 ,0 ,Acc ,10
3dd9e578dace13af ,5751290288939097 ,0.31471252 ,-0.7362213 ,0.3156433 ,0 ,Acc ,10
3dd9e578dace13af ,5751290408929357 ,0.11643982 ,0.16532898 ,-0.82354736 ,0 ,Acc ,10
3dd9e578dace13af ,5751290508602847 ,1.0243683 ,-0.71313477 ,0.0061798096 ,0 ,Acc ,10
3dd9e578dace13af ,5751290627084045 ,0.56796265 ,-0.55311584 ,0.47129822 ,0 ,Acc ,10
3dd9e578dace13af ,5751290729282430 ,1.2454071 ,1.4860077 ,0.36082458 ,0 ,Acc ,10
3dd9e578dace13af ,5751290849743107 ,0.37017822 ,-0.37742615 ,-0.70448303 ,0 ,Acc ,10
3dd9e578dace13af ,5751291090087638 ,1.2696533 ,-0.52272034 ,0.80607605 ,0 ,Acc ,10
3dd9e578dace13af ,5751291206423107 ,0.557724 ,0.011047363 ,0.15997314 ,0 ,Acc ,10
3dd9e578dace13af ,5751291307091388 ,-0.04928589 ,0.13154602 ,0.3746338 ,0 ,Acc ,10
3dd9e578dace13af ,5751291410451753 ,0.5532837 ,0.06109619 ,0.22155762 ,0 ,Acc ,10
3dd9e578dace13af ,5751291528587899 ,0.84503174 ,0.48809814 ,0.06958008 ,0 ,Acc ,10
3dd9e578dace13af ,5751291630384982 ,0.29966736 ,0.27720642 ,0.7585602 ,0 ,Acc ,10
3dd9e578dace13af ,5751291730787690 ,0.26760864 ,0.35958862 ,0.27236938 ,0 ,Acc ,10
3dd9e578dace13af ,5751291849700711 ,0.61509705 ,-0.57266235 ,-0.06515503 ,0 ,Acc ,10
3dd9e578dace13af ,5751291947947534 ,2.027832 ,0.044189453 ,-0.5044098 ,0 ,Acc ,10
3dd9e578dace13af ,5751292051258107 ,1.7613068 ,1.4033966 ,-0.76475525 ,0 ,Acc ,10
3dd9e578dace13af ,5751292171371492 ,2.6986694 ,-1.1021576 ,-2.5158844 ,0 ,Acc ,10
3dd9e578dace13af ,5751292290023732 ,2.773285 ,-2.7096252 ,-0.6713257 ,0 ,Acc ,10
3dd9e578dace13af ,5751292390299565 ,-0.2963562 ,-0.8439026 ,-1.4951935 ,0 ,Acc ,10
3dd9e578dace13af ,5751292490508888 ,0.43667603 ,-2.297638 ,0.23548889 ,0 ,Acc ,10
3dd9e578dace13af ,5751292609676127 ,1.4968262 ,-2.4343872 ,4.495056 ,0 ,Acc ,10
3dd9e578dace13af ,5751292731959409 ,-1.0604858 ,0.634552 ,-2.3030396 ,0 ,Acc ,10
3dd9e578dace13af ,5751292853762065 ,9.217682 ,1.7103729 ,2.8773193 ,0 ,Acc ,9
3dd9e578dace13af ,5751292852107534 ,-1.0471039 ,0.08277893 ,-2.7760773 ,0 ,Acc ,10
3dd9e578dace13af ,5751292971287429 ,-0.5046234 ,0.0010681152 ,1.4084167 ,0 ,Acc ,10
3dd9e578dace13af ,5751293071655346 ,-0.16712952 ,-1.951416 ,-0.29829407 ,0 ,Acc ,10
3dd9e578dace13af ,5751293189624877 ,0.6940918 ,-1.8526917 ,2.5939636 ,0 ,Acc ,10
3dd9e578dace13af ,5751293288811596 ,-0.9212799 ,-1.9164124 ,3.0709229 ,0 ,Acc ,10
3dd9e578dace13af ,5751293391714669 ,0.6546173 ,0.19322205 ,-2.1485138 ,0 ,Acc ,10
3dd9e578dace13af ,5751293492837950 ,-0.2002716 ,-0.044448853 ,1.6397095 ,0 ,Acc ,10
3dd9e578dace13af ,5751293611650710 ,-0.25836182 ,0.9263458 ,0.82806396 ,0 ,Acc ,10
3dd9e578dace13af ,5751293712127481 ,0.08364868 ,-0.47717285 ,0.8567047 ,0 ,Acc ,10
3dd9e578dace13af ,5751293813180762 ,-0.15977478 ,-1.256485 ,1.6916046 ,0 ,Acc ,10
3dd9e578dace13af ,5751293930826700 ,-0.59158325 ,1.3396149 ,-3.8343048 ,0 ,Acc ,10
3dd9e578dace13af ,5751294031605502 ,-0.6777344 ,0.8319855 ,5.4190826 ,0 ,Acc ,10
3dd9e578dace13af ,5751294133243627 ,-0.18667603 ,-1.0248108 ,-1.0179901 ,0 ,Acc ,10
3dd9e578dace13af ,5751294252772064 ,-0.22990417 ,-0.18000793 ,0.39405823 ,0 ,Acc ,10
3dd9e578dace13af ,5751294371648054 ,-0.1207428 ,0.58522034 ,-0.7042999 ,0 ,Acc ,10
3dd9e578dace13af ,5751294473324304 ,-0.5274048 ,0.52838135 ,0.48835754 ,0 ,Acc ,10
3dd9e578dace13af ,5751294590746335 ,-0.9210205 ,0.7276764 ,0.8746643 ,0 ,Acc ,10
3dd9e578dace13af ,5751294690313522 ,-0.7385254 ,0.80693054 ,-0.0017089844 ,0 ,Acc ,10
3dd9e578dace13af ,5751294811454981 ,0.6875305 ,1.1098633 ,2.1365662 ,0 ,Acc ,10
3dd9e578dace13af ,5751294931224147 ,-1.2207336 ,0.05583191 ,-0.09638977 ,0 ,Acc ,10
3dd9e578dace13af ,5751295051721335 ,-1.1729279 ,0.63197327 ,2.4979095 ,0 ,Acc ,10
3dd9e578dace13af ,5751295153596126 ,0.65382385 ,0.28648376 ,0.1375122 ,0 ,Acc ,10
3dd9e578dace13af ,5751295274142272 ,0.01890564 ,0.35949707 ,0.2529297 ,0 ,Acc ,10
3dd9e578dace13af ,5751295390384772 ,1.4499207 ,1.0010986 ,1.1364288 ,0 ,Acc ,10
3dd9e578dace13af ,5751295494270137 ,0.9731903 ,0.66137695 ,-0.695755 ,0 ,Acc ,10
3dd9e578dace13af ,5751295614781230 ,-0.22753906 ,-1.625473 ,-0.9203644 ,0 ,Acc ,10
3dd9e578dace13af ,5751295734365397 ,0.64515686 ,-1.1550903 ,-2.7035675 ,0 ,Acc ,10
3dd9e578dace13af ,5751295854912689 ,8.481796 ,0.20930481 ,4.917877 ,0 ,Acc ,9
3dd9e578dace13af ,5751295854416178 ,-0.34472656 ,-0.13996887 ,-0.48791504 ,0 ,Acc ,10
3dd9e578dace13af ,5751295975368730 ,0.8535309 ,-0.2743683 ,-2.7297516 ,0 ,Acc ,10
3dd9e578dace13af ,5751296091833105 ,1.894043 ,-2.0387726 ,-2.9995728 ,0 ,Acc ,10
3dd9e578dace13af ,5751296191280605 ,3.054596 ,-0.19390869 ,-3.2039795 ,0 ,Acc ,10
3dd9e578dace13af ,5751296295604511 ,3.413742 ,2.3029327 ,-1.2110748 ,0 ,Acc ,10
3dd9e578dace13af ,5751296395451386 ,2.0102997 ,6.345337 ,-0.49147034 ,0 ,Acc ,10
3dd9e578dace13af ,5751296496079043 ,1.7170715 ,5.981079 ,-0.58125305 ,0 ,Acc ,10
3dd9e578dace13af ,5751296616216282 ,1.464798 ,0.6417084 ,0.93244934 ,0 ,Acc ,10
3dd9e578dace13af ,5751296733140761 ,-0.8753052 ,0.82444763 ,1.4095154 ,0 ,Acc ,10
3dd9e578dace13af ,5751296833025136 ,-1.0811005 ,-2.14328 ,0.6085968 ,0 ,Acc ,10
3dd9e578dace13af ,5751296936205970 ,-2.089981 ,-2.368515 ,1.137146 ,0 ,Acc ,10
3dd9e578dace13af ,5751297036211594 ,-1.0718079 ,-1.1142273 ,1.6914673 ,0 ,Acc ,10
3dd9e578dace13af ,5751297154179615 ,1.3539886 ,0.020645142 ,0.049240112 ,0 ,Acc ,10
3dd9e578dace13af ,5751297256603521 ,-0.97766113 ,1.2754974 ,-0.11383057 ,0 ,Acc ,10
3dd9e578dace13af ,5751297377013886 ,-1.6929169 ,-0.8562317 ,-1.457489 ,0 ,Acc ,10
3dd9e578dace13af ,5751297497138990 ,-0.4410553 ,-1.5466003 ,0.71943665 ,0 ,Acc ,10
3dd9e578dace13af ,5751297613463417 ,-0.46907043 ,0.15364075 ,0.4611206 ,0 ,Acc ,10
3dd9e578dace13af ,5751297734519928 ,4.0285797 ,0.7197571 ,-0.49223328 ,0 ,Acc ,10
3dd9e578dace13af ,5751297857523417 ,0.7662964 ,-0.30540466 ,-1.6233673 ,0 ,Acc ,10
3dd9e578dace13af ,5751297977028157 ,0.37205505 ,1.5609283 ,-1.0594177 ,0 ,Acc ,10
3dd9e578dace13af ,5751298097759979 ,-3.4709473 ,0.54248047 ,-0.5449829 ,0 ,Acc ,10
3dd9e578dace13af ,5751298215395761 ,-1.3916321 ,0.113464355 ,0.90034485 ,0 ,Acc ,10
3dd9e578dace13af ,5751298315068521 ,4.0451355 ,-0.9818573 ,0.6997528 ,0 ,Acc ,10
3dd9e578dace13af ,5751298418021802 ,3.7404785 ,-2.4436493 ,1.4194489 ,0 ,Acc ,10
3dd9e578dace13af ,5751298538195917 ,1.5222626 ,-1.6901398 ,-1.0500641 ,0 ,Acc ,10
3dd9e578dace13af ,5751298657388886 ,-3.1954498 ,-0.6611786 ,-0.6192322 ,0 ,Acc ,10
3dd9e578dace13af ,5751298778523104 ,-1.9503021 ,0.3878479 ,-2.1754456 ,0 ,Acc ,10
3dd9e578dace13af ,5751298856578885 ,9.189163 ,-2.4729614 ,2.369339 ,0 ,Acc ,9
3dd9e578dace13af ,5751298894870292 ,4.378067 ,0.19934082 ,-4.0423126 ,0 ,Acc ,10
3dd9e578dace13af ,5751298994328312 ,1.2118683 ,0.63464355 ,-1.164566 ,0 ,Acc ,10
3dd9e578dace13af ,5751299097252375 ,-0.45417786 ,1.4980469 ,-1.3495636 ,0 ,Acc ,10
3dd9e578dace13af ,5751299198105448 ,-1.470581 ,0.6977844 ,-0.055419922 ,0 ,Acc ,10
3dd9e578dace13af ,5751299298175656 ,-2.0391235 ,0.16703796 ,0.0026855469 ,0 ,Acc ,10
3dd9e578dace13af ,5751299398505135 ,-0.9893799 ,-0.9363861 ,0.9411011 ,0 ,Acc ,10
3dd9e578dace13af ,5751299499295396 ,3.6492615 ,-1.8702698 ,1.0270233 ,0 ,Acc ,10
3dd9e578dace13af ,5751299619038364 ,1.1402588 ,-3.528839 ,1.4768982 ,0 ,Acc ,10
3dd9e578dace13af ,5751299718852010 ,0.8934479 ,-1.6745453 ,-0.8251343 ,0 ,Acc ,10
3dd9e578dace13af ,5751299839087635 ,-3.4132996 ,-0.050750732 ,-1.0739441 ,0 ,Acc ,10
3dd9e578dace13af ,5751299939772739 ,-1.1337891 ,0.9116821 ,-1.8328094 ,0 ,Acc ,10
3dd9e578dace13af ,5751300059222270 ,3.5438385 ,0.7005768 ,-2.845749 ,0 ,Acc ,10
3dd9e578dace13af ,5751300179413208 ,-0.3513794 ,1.2335663 ,-0.94070435 ,0 ,Acc ,10
3dd9e578dace13af ,5751300299834302 ,-0.38961792 ,0.67193604 ,-0.68136597 ,0 ,Acc ,10
3dd9e578dace13af ,5751300399708260 ,-2.9782867 ,-0.17584229 ,-0.9754181 ,0 ,Acc ,10
3dd9e578dace13af ,5751300500414770 ,-2.761383 ,-0.58909607 ,0.9972229 ,0 ,Acc ,10
3dd9e578dace13af ,5751300620215395 ,4.18956 ,-1.9605713 ,1.6782227 ,0 ,Acc ,10
3dd9e578dace13af ,5751300719683833 ,3.4404602 ,-2.8343506 ,2.2254486 ,0 ,Acc ,10
3dd9e578dace13af ,5751300820705656 ,3.2033844 ,-2.4125977 ,-1.3391876 ,0 ,Acc ,10
3dd9e578dace13af ,5751300940875499 ,-2.2597504 ,-1.3274536 ,-0.444458 ,0 ,Acc ,10
3dd9e578dace13af ,5751301040391853 ,-2.525406 ,0.31726074 ,-2.4181976 ,0 ,Acc ,10
3dd9e578dace13af ,5751301157880239 ,2.2928467 ,0.15240479 ,-4.6226196 ,0 ,Acc ,10
3dd9e578dace13af ,5751301478274145 ,-2.0818024 ,1.1558075 ,-0.60775757 ,0 ,Acc ,10
3dd9e578dace13af ,5751301578649926 ,-2.2213287 ,-0.8955536 ,-0.024490356 ,0 ,Acc ,10
3dd9e578dace13af ,5751301680144041 ,-0.47146606 ,-1.6665497 ,0.5049286 ,0 ,Acc ,10
3dd9e578dace13af ,5751301780604145 ,3.6458435 ,-2.741394 ,1.7470703 ,0 ,Acc ,10
3dd9e578dace13af ,5751301860890551 ,9.805466 ,0.12358093 ,-0.08811951 ,0 ,Acc ,9
3dd9e578dace13af ,5751301898104509 ,2.1756897 ,-2.5500793 ,0.8677521 ,0 ,Acc ,10
3dd9e578dace13af ,5751302001461332 ,0.7723694 ,-1.9433899 ,-0.74565125 ,0 ,Acc ,10
3dd9e578dace13af ,5751302102140655 ,-2.6144257 ,-0.6558533 ,-1.3892059 ,0 ,Acc ,10
3dd9e578dace13af ,5751302220728103 ,-1.954773 ,-0.049804688 ,-2.6584015 ,0 ,Acc ,10
3dd9e578dace13af ,5751302339614457 ,2.7870026 ,0.4598999 ,-4.087906 ,0 ,Acc ,10
3dd9e578dace13af ,5751302440640447 ,1.2891693 ,0.80114746 ,-2.2444763 ,0 ,Acc ,10
3dd9e578dace13af ,5751302542621176 ,1.1786652 ,0.27981567 ,-0.82844543 ,0 ,Acc ,10
3dd9e578dace13af ,5751302660640134 ,-2.6970215 ,0.19596863 ,0.5657501 ,0 ,Acc ,10
3dd9e578dace13af ,5751302782841905 ,-1.8484497 ,-1.6773071 ,1.4095001 ,0 ,Acc ,10
3dd9e578dace13af ,5751302901301905 ,3.77948 ,-1.5597534 ,1.2152252 ,0 ,Acc ,10
3dd9e578dace13af ,5751303002419301 ,3.0467377 ,-1.7515259 ,0.87202454 ,0 ,Acc ,10
3dd9e578dace13af ,5751303103215811 ,1.2546997 ,-1.8575745 ,-0.3129425 ,0 ,Acc ,10
3dd9e578dace13af ,5751303202752946 ,-0.25358582 ,-1.2882996 ,-0.14360046 ,0 ,Acc ,10
3dd9e578dace13af ,5751303320335342 ,-3.3219147 ,0.34173584 ,-1.0292358 ,0 ,Acc ,10
3dd9e578dace13af ,5751303420977894 ,-0.23350525 ,0.9117584 ,-2.396347 ,0 ,Acc ,10
3dd9e578dace13af ,5751303523102425 ,2.6771088 ,0.8018036 ,-2.818573 ,0 ,Acc ,10
3dd9e578dace13af ,5751303623784925 ,0.17045593 ,0.15950012 ,-0.22932434 ,0 ,Acc ,10
3dd9e578dace13af ,5751303743893832 ,-0.46846008 ,0.3149414 ,-0.6682892 ,0 ,Acc ,10
3dd9e578dace13af ,5751303843436279 ,-3.5730896 ,-0.7375641 ,-0.35702515 ,0 ,Acc ,10
3dd9e578dace13af ,5751303944074925 ,-1.8748474 ,-1.2674866 ,0.707077 ,0 ,Acc ,10
3dd9e578dace13af ,5751304060987946 ,3.7926788 ,-2.091339 ,1.3193512 ,0 ,Acc ,10
3dd9e578dace13af ,5751304161044248 ,2.199356 ,-2.7845306 ,2.3647766 ,0 ,Acc ,10
3dd9e578dace13af ,5751304264421435 ,2.7342072 ,-2.5885925 ,-0.43540955 ,0 ,Acc ,10
3dd9e578dace13af ,5751304363927477 ,-1.1850433 ,-1.5014496 ,0.3227234 ,0 ,Acc ,10
3dd9e578dace13af ,5751304481390654 ,-2.031067 ,1.3092499 ,-2.6033173 ,0 ,Acc ,10
3dd9e578dace13af ,5751304583263258 ,0.69018555 ,2.0532684 ,-3.427948 ,0 ,Acc ,10
3dd9e578dace13af ,5751304704932737 ,1.7615967 ,1.7147675 ,-1.903305 ,0 ,Acc ,10
3dd9e578dace13af ,5751304821311435 ,1.9156342 ,0.49502563 ,-0.42053223 ,0 ,Acc ,10
3dd9e578dace13af ,5751304867185966 ,9.646698 ,-1.5823517 ,0.77948 ,0 ,Acc ,9
3dd9e578dace13af ,5751304941371852 ,-2.0662537 ,-0.647583 ,-0.18035889 ,0 ,Acc ,10
3dd9e578dace13af ,5751305045838050 ,-3.2736206 ,-1.9423676 ,0.71017456 ,0 ,Acc ,10
3dd9e578dace13af ,5751305163245341 ,2.9340668 ,-2.6192627 ,0.42399597 ,0 ,Acc ,10
3dd9e578dace13af ,5751305285472737 ,4.561737 ,-6.7469635 ,1.6412659 ,0 ,Acc ,10
3dd9e578dace13af ,5751305384932998 ,2.2321014 ,-5.367996 ,0.408432 ,0 ,Acc ,10
3dd9e578dace13af ,5751305485138727 ,-1.1612396 ,-4.3949127 ,1.607727 ,0 ,Acc ,10
3dd9e578dace13af ,5751305585548935 ,-2.8745422 ,-1.8291626 ,-0.32580566 ,0 ,Acc ,10
3dd9e578dace13af ,5751305685598310 ,0.047164917 ,1.0280762 ,-1.2919769 ,0 ,Acc ,10
3dd9e578dace13af ,5751305805526539 ,1.6631622 ,0.67355347 ,-1.0842743 ,0 ,Acc ,10
3dd9e578dace13af ,5751305906653674 ,-0.17982483 ,-0.3796234 ,1.7374573 ,0 ,Acc ,10
3dd9e578dace13af ,5751306005813570 ,0.05934143 ,-0.28320313 ,1.2370605 ,0 ,Acc ,10
3dd9e578dace13af ,5751306125802164 ,-3.110794 ,-3.0964203 ,2.3834534 ,0 ,Acc ,10
3dd9e578dace13af ,5751306226579403 ,-0.37638855 ,-3.8398132 ,3.3204193 ,0 ,Acc ,10
3dd9e578dace13af ,5751306345446018 ,4.0895386 ,-4.7344666 ,3.0365143 ,0 ,Acc ,10
3dd9e578dace13af ,5751306446241539 ,2.984375 ,-5.492386 ,3.7120972 ,0 ,Acc ,10
3dd9e578dace13af ,5751306546923310 ,2.1160583 ,-2.918747 ,1.1853638 ,0 ,Acc ,10
3dd9e578dace13af ,5751306649342632 ,-2.931366 ,-0.9352875 ,1.1083374 ,0 ,Acc ,10
3dd9e578dace13af ,5751306765498257 ,-1.7359924 ,1.7977142 ,-0.81681824 ,0 ,Acc ,10
3dd9e578dace13af ,5751306867000445 ,2.956665 ,1.6900177 ,-2.72937 ,0 ,Acc ,10
3dd9e578dace13af ,5751306966853830 ,1.0079346 ,1.5085297 ,-0.31802368 ,0 ,Acc ,10
3dd9e578dace13af ,5751307067525445 ,2.4764557 ,-0.76216125 ,2.2949066 ,0 ,Acc ,10
3dd9e578dace13af ,5751307166968153 ,-2.3729095 ,-0.9565582 ,2.1251068 ,0 ,Acc ,10
3dd9e578dace13af ,5751307286536643 ,-2.6352386 ,-4.058502 ,2.6306763 ,0 ,Acc ,10
3dd9e578dace13af ,5751307387832632 ,3.835968 ,-4.687317 ,2.4365082 ,0 ,Acc ,10
3dd9e578dace13af ,5751307504669507 ,4.163742 ,-5.2487793 ,3.4583282 ,0 ,Acc ,10
3dd9e578dace13af ,5751307607488934 ,3.309555 ,-4.9375305 ,2.2546234 ,0 ,Acc ,10
3dd9e578dace13af ,5751307708216070 ,0.17274475 ,-1.618454 ,1.9516144 ,0 ,Acc ,10
3dd9e578dace13af ,5751307815215861 ,-2.336914 ,1.1942596 ,-0.19656372 ,0 ,Acc ,10
3dd9e578dace13af ,5751307867334351 ,9.09433 ,-3.639618 ,0.46540833 ,0 ,Acc ,9
3dd9e578dace13af ,5751307924082788 ,0.04194641 ,2.8379974 ,-2.5988007 ,0 ,Acc ,10
3dd9e578dace13af ,5751308028549507 ,1.6193848 ,1.8483276 ,-1.835434 ,0 ,Acc ,10
3dd9e578dace13af ,5751308128046486 ,0.78001404 ,0.22161865 ,0.5306244 ,0 ,Acc ,10
3dd9e578dace13af ,5751308228774038 ,2.536316 ,-1.0374451 ,1.3409576 ,0 ,Acc ,10
3dd9e578dace13af ,5751308348880705 ,-1.7141418 ,-3.42688 ,3.101242 ,0 ,Acc ,10
3dd9e578dace13af ,5751308468857059 ,0.06777954 ,-4.909836 ,4.016983 ,0 ,Acc ,10
3dd9e578dace13af ,5751308568591121 ,5.467148 ,-6.2331696 ,4.204132 ,0 ,Acc ,10
3dd9e578dace13af ,5751308669161903 ,4.3152313 ,-6.646652 ,5.571472 ,0 ,Acc ,10
3dd9e578dace13af ,5751308789402059 ,3.1094513 ,-1.1483002 ,0.8464813 ,0 ,Acc ,10
3dd9e578dace13af ,5751308909479246 ,-2.0060883 ,1.0207977 ,-0.31575012 ,0 ,Acc ,10
3dd9e578dace13af ,5751309029247632 ,-0.49108887 ,3.5799408 ,-3.1655273 ,0 ,Acc ,10
3dd9e578dace13af ,5751309129186642 ,0.7570801 ,1.958374 ,-1.7664948 ,0 ,Acc ,10
3dd9e578dace13af ,5751309229852319 ,1.5374451 ,0.9410858 ,-0.32598877 ,0 ,Acc ,10
3dd9e578dace13af ,5751309349936225 ,2.1305237 ,-1.833725 ,3.6638184 ,0 ,Acc ,10
3dd9e578dace13af ,5751309470102371 ,-1.6229706 ,-3.298584 ,2.5913544 ,0 ,Acc ,10
3dd9e578dace13af ,5751309586530756 ,0.5822754 ,-5.829834 ,3.9683228 ,0 ,Acc ,10
3dd9e578dace13af ,5751309685913569 ,3.7095642 ,-5.8971405 ,3.9396362 ,0 ,Acc ,10
3dd9e578dace13af ,5751309808502996 ,3.6123505 ,-5.3925476 ,3.5605621 ,0 ,Acc ,10
3dd9e578dace13af ,5751309909355912 ,2.5548248 ,-2.3171844 ,1.4481659 ,0 ,Acc ,10
3dd9e578dace13af ,5751310008031225 ,-1.9137115 ,-0.3271637 ,-0.33854675 ,0 ,Acc ,10
3dd9e578dace13af ,5751310110505652 ,-1.8200531 ,2.739212 ,-2.2020416 ,0 ,Acc ,10
3dd9e578dace13af ,5751310230530131 ,1.3765411 ,2.1616516 ,-2.132248 ,0 ,Acc ,10
3dd9e578dace13af ,5751310351046902 ,1.6147156 ,1.7595673 ,1.2033691 ,0 ,Acc ,10
3dd9e578dace13af ,5751310450555235 ,2.5723114 ,-0.25845337 ,1.8335724 ,0 ,Acc ,10
3dd9e578dace13af ,5751310551198621 ,-2.2256927 ,-2.2929382 ,1.7746124 ,0 ,Acc ,10
3dd9e578dace13af ,5751310671344871 ,-1.0787506 ,-4.715378 ,2.356308 ,0 ,Acc ,10
3dd9e578dace13af ,5751310788606173 ,2.9914093 ,-5.6743774 ,2.7473602 ,0 ,Acc ,10
3dd9e578dace13af ,5751310873262631 ,9.156906 ,2.7158813 ,-2.2237701 ,0 ,Acc ,9
3dd9e578dace13af ,5751310888605183 ,3.1483154 ,-6.2572784 ,3.7662048 ,0 ,Acc ,10
3dd9e578dace13af ,5751310990802735 ,2.6878052 ,-3.389679 ,1.2185669 ,0 ,Acc ,10
3dd9e578dace13af ,5751311091228516 ,-2.7090607 ,-1.2189331 ,1.6559448 ,0 ,Acc ,10
3dd9e578dace13af ,5751311207640443 ,-2.5979462 ,1.6957092 ,0.21356201 ,0 ,Acc ,10
3dd9e578dace13af ,5751311328913516 ,2.6224365 ,1.7129822 ,-2.0808105 ,0 ,Acc ,10
3dd9e578dace13af ,5751311428417631 ,0.43388367 ,-0.51161194 ,0.84246826 ,0 ,Acc ,10
3dd9e578dace13af ,5751311530635026 ,1.98526 ,-0.26501465 ,1.3315582 ,0 ,Acc ,10
3dd9e578dace13af ,5751311632380599 ,-3.2643127 ,-1.390213 ,2.1373749 ,0 ,Acc ,10
3dd9e578dace13af ,5751311748792214 ,-1.7067108 ,-3.7518768 ,2.604309 ,0 ,Acc ,10
3dd9e578dace13af ,5751311849576224 ,4.5280304 ,-5.223877 ,3.1397247 ,0 ,Acc ,10
3dd9e578dace13af ,5751311950652058 ,4.239151 ,-4.491913 ,3.4297333 ,0 ,Acc ,10
3dd9e578dace13af ,5751312052329974 ,3.1489258 ,-4.016861 ,0.87939453 ,0 ,Acc ,10
3dd9e578dace13af ,5751312171587266 ,-2.2482758 ,-2.0267944 ,2.2738953 ,0 ,Acc ,10
3dd9e578dace13af ,5751312291108620 ,-2.7147827 ,1.3563232 ,-0.32633972 ,0 ,Acc ,10
3dd9e578dace13af ,5751312412687422 ,2.9492188 ,1.6542206 ,-3.2466278 ,0 ,Acc ,10
3dd9e578dace13af ,5751312532781797 ,-0.10606384 ,0.7737274 ,1.0078278 ,0 ,Acc ,10
3dd9e578dace13af ,5751312633523151 ,2.4652252 ,-0.007095337 ,0.85453796 ,0 ,Acc ,10
3dd9e578dace13af ,5751312733067161 ,-2.2708282 ,-1.9945526 ,3.0122528 ,0 ,Acc ,10
3dd9e578dace13af ,5751312853207786 ,-1.5814056 ,-4.2914124 ,2.6514282 ,0 ,Acc ,10
3dd9e578dace13af ,5751312953855234 ,4.7105865 ,-5.3729553 ,1.7182617 ,0 ,Acc ,10
3dd9e578dace13af ,5751313070414713 ,4.026367 ,-6.5293427 ,3.5625 ,0 ,Acc ,10
3dd9e578dace13af ,5751313171419349 ,3.15654 ,-4.1490784 ,0.6355896 ,0 ,Acc ,10
3dd9e578dace13af ,5751313274223984 ,-0.9468231 ,-1.941864 ,2.4790802 ,0 ,Acc ,10
3dd9e578dace13af ,5751313390555130 ,-1.7799988 ,0.918808 ,-0.84980774 ,0 ,Acc ,10
3dd9e578dace13af ,5751313493796797 ,2.4537811 ,2.8858032 ,-3.526001 ,0 ,Acc ,10
3dd9e578dace13af ,5751313594526015 ,1.190155 ,2.6042633 ,-1.7319641 ,0 ,Acc ,10
3dd9e578dace13af ,5751313713524036 ,0.8058777 ,-0.50260925 ,1.6359558 ,0 ,Acc ,10
3dd9e578dace13af ,5751313813528619 ,0.53848267 ,0.23887634 ,1.942337 ,0 ,Acc ,10
3dd9e578dace13af ,5751313894670703 ,9.622864 ,0.37017822 ,-1.8530426 ,0 ,Acc ,9
3dd9e578dace13af ,5751313930601223 ,-1.063385 ,-4.4341125 ,2.3676147 ,0 ,Acc ,10
3dd9e578dace13af ,5751314031328671 ,0.057174683 ,-5.133789 ,3.387619 ,0 ,Acc ,10
3dd9e578dace13af ,5751314132769817 ,4.008011 ,-6.0625305 ,3.1322632 ,0 ,Acc ,10
3dd9e578dace13af ,5751314234934244 ,2.8592834 ,-6.130905 ,3.5150146 ,0 ,Acc ,10
3dd9e578dace13af ,5751314354697838 ,3.0128937 ,-3.8073578 ,1.0138245 ,0 ,Acc ,10
3dd9e578dace13af ,5751314472544140 ,-1.5561371 ,-0.48744202 ,0.8050842 ,0 ,Acc ,10
3dd9e578dace13af ,5751314575362942 ,-1.1469879 ,2.4474335 ,-0.5155945 ,0 ,Acc ,10
3dd9e578dace13af ,5751314695057786 ,2.4905548 ,3.195282 ,-2.0748901 ,0 ,Acc ,10
3dd9e578dace13af ,5751314795867786 ,1.6795807 ,1.8578033 ,-0.008163452 ,0 ,Acc ,10
3dd9e578dace13af ,5751314916040077 ,2.559204 ,0.86901855 ,0.72029114 ,0 ,Acc ,10
3dd9e578dace13af ,5751315033028775 ,-1.5027313 ,-2.483841 ,2.1181183 ,0 ,Acc ,10
3dd9e578dace13af ,5751315155518150 ,-1.2243652 ,-5.396454 ,2.0083466 ,0 ,Acc ,10
3dd9e578dace13af ,5751315255766900 ,4.741638 ,-7.4625854 ,0.81918335 ,0 ,Acc ,10
3dd9e578dace13af ,5751315375967421 ,3.4335785 ,-5.243637 ,5.2814636 ,0 ,Acc ,10
3dd9e578dace13af ,5751315476694244 ,4.0215607 ,-5.3416595 ,4.336426 ,0 ,Acc ,10
3dd9e578dace13af ,5751315593010494 ,0.16375732 ,-1.2188721 ,3.2725983 ,0 ,Acc ,10
3dd9e578dace13af ,5751315695526535 ,-1.4345245 ,0.26361084 ,-0.51297 ,0 ,Acc ,10
3dd9e578dace13af ,5751315796923879 ,1.5051727 ,1.3044128 ,-2.9831238 ,0 ,Acc ,10
3dd9e578dace13af ,5751315917055181 ,1.5456543 ,3.3547363 ,-1.4419098 ,0 ,Acc ,10
3dd9e578dace13af ,5751316036474087 ,2.5587616 ,0.57814026 ,0.8126526 ,0 ,Acc ,10
3dd9e578dace13af ,5751316136683098 ,-1.3999329 ,0.38131714 ,2.043991 ,0 ,Acc ,10
3dd9e578dace13af ,5751316237371431 ,-2.1451874 ,-3.520996 ,2.2592926 ,0 ,Acc ,10
3dd9e578dace13af ,5751316337025337 ,1.0566254 ,-4.8941956 ,2.0072784 ,0 ,Acc ,10
3dd9e578dace13af ,5751316456787108 ,4.0868683 ,-6.1050873 ,2.1660461 ,0 ,Acc ,10
3dd9e578dace13af ,5751316557702160 ,2.1686401 ,-5.425171 ,2.3645782 ,0 ,Acc ,10
3dd9e578dace13af ,5751316674564347 ,0.29666138 ,-2.1631012 ,2.6042175 ,0 ,Acc ,10
3dd9e578dace13af ,5751316775398514 ,-2.110733 ,1.0462799 ,0.4801941 ,0 ,Acc ,10
3dd9e578dace13af ,5751316878064764 ,-0.9855652 ,3.062378 ,-1.4893494 ,0 ,Acc ,10
3dd9e578dace13af ,5751316916475129 ,8.78804 ,-4.3290253 ,0.44729614 ,0 ,Acc ,9
3dd9e578dace13af ,5751316994646795 ,0.9049988 ,1.3379974 ,-0.93707275 ,0 ,Acc ,10
3dd9e578dace13af ,5751317097690806 ,0.76264954 ,0.09289551 ,0.3100891 ,0 ,Acc ,10
3dd9e578dace13af ,5751317198502524 ,2.1149292 ,-0.73591614 ,1.2427216 ,0 ,Acc ,10
3dd9e578dace13af ,5751317318434816 ,-2.0870514 ,-2.4030457 ,1.8752136 ,0 ,Acc ,10
3dd9e578dace13af ,5751317438410962 ,-1.7886505 ,-4.3314514 ,2.4707794 ,0 ,Acc ,10
3dd9e578dace13af ,5751317538223514 ,3.943451 ,-5.094345 ,2.7164154 ,0 ,Acc ,10
3dd9e578dace13af ,5751317658265076 ,4.007065 ,-4.528366 ,4.014862 ,0 ,Acc ,10
3dd9e578dace13af ,5751317758707368 ,2.671463 ,-2.185257 ,0.90512085 ,0 ,Acc ,10
3dd9e578dace13af ,5751317879188253 ,-2.4788666 ,0.08061218 ,1.107727 ,0 ,Acc ,10
3dd9e578dace13af ,5751317978139607 ,-3.2654724 ,1.7109375 ,-0.17022705 ,0 ,Acc ,10
3dd9e578dace13af ,5751318079416482 ,1.0267639 ,1.8470306 ,-1.3159485 ,0 ,Acc ,10
3dd9e578dace13af ,5751318199510128 ,3.5636902 ,1.121994 ,-0.7477722 ,0 ,Acc ,10
3dd9e578dace13af ,5751318315913982 ,0.8202667 ,0.3444519 ,1.9531403 ,0 ,Acc ,10
3dd9e578dace13af ,5751318416226013 ,-1.2179108 ,-0.8613281 ,1.8383484 ,0 ,Acc ,10
3dd9e578dace13af ,5751318516087263 ,-2.075241 ,-3.5179596 ,1.8932343 ,0 ,Acc ,10
3dd9e578dace13af ,5751318619012940 ,-1.4868164 ,-3.3920135 ,2.234253 ,0 ,Acc ,10
3dd9e578dace13af ,5751318735765909 ,3.607895 ,-4.853943 ,2.5953674 ,0 ,Acc ,10
3dd9e578dace13af ,5751318836376482 ,2.7247467 ,-5.2027283 ,3.891861 ,0 ,Acc ,10
3dd9e578dace13af ,5751318957648097 ,2.202774 ,-2.445984 ,1.3653107 ,0 ,Acc ,10
3dd9e578dace13af ,5751319059880024 ,-1.9346771 ,-0.5529938 ,0.87867737 ,0 ,Acc ,10
3dd9e578dace13af ,5751319160566534 ,-2.1997528 ,0.8376312 ,-0.15682983 ,0 ,Acc ,10
3dd9e578dace13af ,5751319278599867 ,1.8668671 ,1.9784088 ,-1.9065094 ,0 ,Acc ,10
3dd9e578dace13af ,5751319378651378 ,1.4373169 ,1.2786102 ,-0.46418762 ,0 ,Acc ,10
3dd9e578dace13af ,5751319480071690 ,0.40083313 ,-0.74586487 ,1.0263672 ,0 ,Acc ,10
3dd9e578dace13af ,5751319580410336 ,0.9152832 ,-0.73599243 ,1.9962921 ,0 ,Acc ,10
3dd9e578dace13af ,5751319697824763 ,-2.5123138 ,-2.7071533 ,2.3442535 ,0 ,Acc ,10
3dd9e578dace13af ,5751319801132575 ,-1.493927 ,-3.1457825 ,2.6489105 ,0 ,Acc ,10
3dd9e578dace13af ,5751319920699867 ,9.631699 ,1.091629 ,-1.4862213 ,0 ,Acc ,9
3dd9e578dace13af ,5751319920203982 ,3.0974274 ,-3.378189 ,2.3488312 ,0 ,Acc ,10
3dd9e578dace13af ,5751320019159086 ,2.009201 ,-4.0549316 ,3.8473663 ,0 ,Acc ,10
3dd9e578dace13af ,5751320119353357 ,1.5736389 ,-2.5434113 ,1.132782 ,0 ,Acc ,10
3dd9e578dace13af ,5751320221067159 ,-0.48284912 ,-1.0110016 ,0.84762573 ,0 ,Acc ,10
3dd9e578dace13af ,5751320340993409 ,-2.254654 ,1.4928436 ,-0.36239624 ,0 ,Acc ,10
3dd9e578dace13af ,5751320440589971 ,-0.22436523 ,2.1858826 ,-0.051849365 ,0 ,Acc ,10
3dd9e578dace13af ,5751320541005908 ,1.9927216 ,1.2538757 ,0.0093688965 ,0 ,Acc ,10
3dd9e578dace13af ,5751320642396325 ,0.0013580322 ,0.04826355 ,1.2516937 ,0 ,Acc ,10
3dd9e578dace13af ,5751320759047106 ,2.272873 ,-0.9834595 ,0.70622253 ,0 ,Acc ,10
3dd9e578dace13af ,5751320858857315 ,-1.4744415 ,-1.8324738 ,1.9653168 ,0 ,Acc ,10
3dd9e578dace13af ,5751320960703148 ,-2.1829681 ,-2.1026611 ,2.652069 ,0 ,Acc ,10
3dd9e578dace13af ,5751321061779658 ,0.44429016 ,-2.3235931 ,2.3873596 ,0 ,Acc ,10
3dd9e578dace13af ,5751321161635179 ,1.2854156 ,-2.826477 ,2.428833 ,0 ,Acc ,10
3dd9e578dace13af ,5751321280523773 ,1.2096863 ,-2.641327 ,2.494339 ,0 ,Acc ,10
3dd9e578dace13af ,5751321382138616 ,0.87023926 ,-1.640213 ,0.27468872 ,0 ,Acc ,10
3dd9e578dace13af ,5751321483253304 ,-1.2450562 ,-1.1366272 ,0.876709 ,0 ,Acc ,10
3dd9e578dace13af ,5751321600792783 ,-1.8391724 ,-0.1260376 ,0.5170288 ,0 ,Acc ,10
3dd9e578dace13af ,5751321702937991 ,-1.6132965 ,-0.17913818 ,1.1483307 ,0 ,Acc ,10
3dd9e578dace13af ,5751321803460387 ,2.037384 ,-0.69755554 ,0.87953186 ,0 ,Acc ,10
3dd9e578dace13af ,5751321922071950 ,3.734726 ,0.032974243 ,2.0848541 ,0 ,Acc ,10
3dd9e578dace13af ,5751322021910179 ,-1.1767731 ,-0.43014526 ,0.4290924 ,0 ,Acc ,10
3dd9e578dace13af ,5751322123492366 ,-1.3730011 ,0.9953613 ,0.27644348 ,0 ,Acc ,10
3dd9e578dace13af ,5751322241080439 ,-1.4625854 ,0.6053314 ,1.3924255 ,0 ,Acc ,10
3dd9e578dace13af ,5751322341494970 ,-0.1847229 ,-2.617508 ,1.5544891 ,0 ,Acc ,10
3dd9e578dace13af ,5751322443832262 ,-1.3131256 ,-2.8619232 ,1.6439514 ,0 ,Acc ,10
3dd9e578dace13af ,5751322563601689 ,-1.2473297 ,-1.7370911 ,0.15461731 ,0 ,Acc ,10
3dd9e578dace13af ,5751322682944189 ,-1.1088715 ,-1.2428436 ,-0.5326538 ,0 ,Acc ,10
3dd9e578dace13af ,5751322804573980 ,1.256958 ,-0.04914856 ,-1.2984467 ,0 ,Acc ,10
3dd9e578dace13af ,5751322904073512 ,0.84033203 ,1.0101318 ,-2.305481 ,0 ,Acc ,10
3dd9e578dace13af ,5751322921348980 ,8.6875 ,-4.041397 ,-2.0891724 ,0 ,Acc ,9
3dd9e578dace13af ,5751323020333512 ,0.47077942 ,0.8046112 ,-1.9000854 ,0 ,Acc ,10
3dd9e578dace13af ,5751323124916480 ,-0.16877747 ,1.1364594 ,-2.5564117 ,0 ,Acc ,10
3dd9e578dace13af ,5751323242211897 ,0.58439636 ,1.0857391 ,-2.8924103 ,0 ,Acc ,10
3dd9e578dace13af ,5751323365125334 ,1.2221832 ,0.7951813 ,-1.0537872 ,0 ,Acc ,10
3dd9e578dace13af ,5751323481639345 ,0.7011566 ,1.5208893 ,-1.0469971 ,0 ,Acc ,10
3dd9e578dace13af ,5751323584673147 ,-0.26138306 ,1.4007568 ,-0.7865143 ,0 ,Acc ,10
3dd9e578dace13af ,5751323685495491 ,-0.55274963 ,2.36792 ,-1.8596954 ,0 ,Acc ,10
3dd9e578dace13af ,5751323785521272 ,-1.5135193 ,-0.1411438 ,-0.9192505 ,0 ,Acc ,10
3dd9e578dace13af ,5751323905422678 ,-0.40576172 ,-0.2632599 ,-0.684494 ,0 ,Acc ,10
3dd9e578dace13af ,5751324005758980 ,4.3585815 ,-0.45089722 ,-1.5265045 ,0 ,Acc ,10
3dd9e578dace13af ,5751324105576480 ,1.2207489 ,-2.2773895 ,0.75761414 ,0 ,Acc ,10
3dd9e578dace13af ,5751324205971845 ,1.616745 ,-0.67936707 ,-1.8144379 ,0 ,Acc ,10
3dd9e578dace13af ,5751324326106584 ,-2.2796783 ,0.24784851 ,-0.88490295 ,0 ,Acc ,10
3dd9e578dace13af ,5751324443274292 ,-0.82073975 ,1.5945129 ,-1.9711914 ,0 ,Acc ,10
3dd9e578dace13af ,5751324545650021 ,6.3767853 ,3.1956024 ,-5.129242 ,0 ,Acc ,10
3dd9e578dace13af ,5751324646455959 ,1.2432098 ,4.9214325 ,-2.6455078 ,0 ,Acc ,10
3dd9e578dace13af ,5751324746059240 ,1.8881531 ,2.1324615 ,-3.95195 ,0 ,Acc ,10
3dd9e578dace13af ,5751324865569501 ,-2.2687225 ,0.7281647 ,-1.3270721 ,0 ,Acc ,10
3dd9e578dace13af ,5751324966361532 ,-2.6884155 ,-1.482254 ,0.08242798 ,0 ,Acc ,10
3dd9e578dace13af ,5751325069271428 ,1.7559967 ,-2.7780914 ,-0.09916687 ,0 ,Acc ,10
3dd9e578dace13af ,5751325185807209 ,2.322815 ,-1.0086823 ,1.6239319 ,0 ,Acc ,10
3dd9e578dace13af ,5751325286940073 ,4.424637 ,-2.7362823 ,0.32159424 ,0 ,Acc ,10
3dd9e578dace13af ,5751325386682105 ,0.2931671 ,1.6691895 ,-0.46984863 ,0 ,Acc ,10
3dd9e578dace13af ,5751325487517834 ,-2.4492035 ,2.214096 ,-0.9786072 ,0 ,Acc ,10
3dd9e578dace13af ,5751325586986584 ,1.5400848 ,4.576294 ,-4.0906677 ,0 ,Acc ,10
3dd9e578dace13af ,5751325706454761 ,0.91308594 ,3.1770325 ,-2.8114166 ,0 ,Acc ,10
3dd9e578dace13af ,5751325807780334 ,3.2347107 ,1.0508728 ,-2.2861023 ,0 ,Acc ,10
3dd9e578dace13af ,5751325929559136 ,8.987289 ,-3.764923 ,1.1063995 ,0 ,Acc ,9
3dd9e578dace13af ,5751325927906688 ,-0.09844971 ,2.7281494 ,-0.7561493 ,0 ,Acc ,10
3dd9e578dace13af ,5751326046714448 ,-3.7420654 ,0.3778534 ,-0.39004517 ,0 ,Acc ,10
3dd9e578dace13af ,5751326147534500 ,0.52386475 ,-0.6129761 ,0.34126282 ,0 ,Acc ,10
3dd9e578dace13af ,5751326248168823 ,3.9753113 ,-1.7254181 ,-0.17956543 ,0 ,Acc ,10
3dd9e578dace13af ,5751326347729552 ,3.2898865 ,-2.8121948 ,1.3821411 ,0 ,Acc ,10
3dd9e578dace13af ,5751326467697521 ,0.8842163 ,0.6950226 ,-0.8175049 ,0 ,Acc ,10
3dd9e578dace13af ,5751326568584239 ,-2.6636353 ,2.0429535 ,-1.2784271 ,0 ,Acc ,10
3dd9e578dace13af ,5751326668115802 ,-1.854126 ,3.4659119 ,-3.6115265 ,0 ,Acc ,10
3dd9e578dace13af ,5751326768415958 ,4.8220215 ,3.3225708 ,-5.4468384 ,0 ,Acc ,10
3dd9e578dace13af ,5751326868341479 ,2.7922363 ,2.9050598 ,-2.9835663 ,0 ,Acc ,10
3dd9e578dace13af ,5751326984751948 ,3.3044586 ,2.6875458 ,-2.0871582 ,0 ,Acc ,10
3dd9e578dace13af ,5751327088467000 ,-3.3236847 ,1.5588989 ,-0.27626038 ,0 ,Acc ,10
3dd9e578dace13af ,5751327526814864 ,2.7878723 ,-0.6999359 ,-1.8870697 ,0 ,Acc ,10
3dd9e578dace13af ,5751327927510489 ,4.341446 ,1.6938934 ,-4.633377 ,0 ,Acc ,10
3dd9e578dace13af ,5751328046418718 ,3.7027283 ,2.7228546 ,-2.1289825 ,0 ,Acc ,10
3dd9e578dace13af ,5751328149614291 ,-2.4028625 ,2.1495667 ,-1.3723755 ,0 ,Acc ,10
3dd9e578dace13af ,5751328250069708 ,-3.0881805 ,0.4468689 ,-0.7887573 ,0 ,Acc ,10
3dd9e578dace13af ,5751328349919083 ,1.4045258 ,-0.732605 ,-0.0320282 ,0 ,Acc ,10
3dd9e578dace13af ,5751328450633614 ,2.6955261 ,-1.5940857 ,0.22973633 ,0 ,Acc ,10
3dd9e578dace13af ,5751328550067468 ,3.9335632 ,-2.8861237 ,0.9032898 ,0 ,Acc ,10
3dd9e578dace13af ,5751328670281895 ,-1.0161896 ,-0.3015442 ,-0.04296875 ,0 ,Acc ,10
3dd9e578dace13af ,5751328790071947 ,-1.6884613 ,2.4166565 ,-2.5174255 ,0 ,Acc ,10
3dd9e578dace13af ,5751328891082259 ,1.4398041 ,3.2796478 ,-4.912964 ,0 ,Acc ,10
3dd9e578dace13af ,5751328932285436 ,7.6489105 ,-4.820465 ,3.798355 ,0 ,Acc ,9
3dd9e578dace13af ,5751329007437311 ,3.6322937 ,2.4475708 ,-5.3311768 ,0 ,Acc ,10
3dd9e578dace13af ,5751329110676009 ,1.7256927 ,0.7643585 ,-2.5690155 ,0 ,Acc ,10
3dd9e578dace13af ,5751329211467988 ,-0.3140869 ,3.156845 ,-1.7683411 ,0 ,Acc ,10
3dd9e578dace13af ,5751329327749291 ,-3.207428 ,-0.06814575 ,-1.0108948 ,0 ,Acc ,10
3dd9e578dace13af ,5751329428525697 ,0.4797058 ,-1.0549011 ,0.57759094 ,0 ,Acc ,10
3dd9e578dace13af ,5751329531801322 ,4.5453033 ,-2.3633118 ,2.0210571 ,0 ,Acc ,10
3dd9e578dace13af ,5751329648563249 ,1.3091736 ,-3.0081024 ,1.6861877 ,0 ,Acc ,10
3dd9e578dace13af ,5751329772061478 ,1.1478271 ,-1.2701111 ,-1.6363068 ,0 ,Acc ,10
3dd9e578dace13af ,5751329888498613 ,-2.5689545 ,1.5435333 ,-3.5848389 ,0 ,Acc ,10
3dd9e578dace13af ,5751329991640957 ,1.7160492 ,3.024002 ,-5.6338806 ,0 ,Acc ,10
3dd9e578dace13af ,5751330092343769 ,3.908493 ,3.6126099 ,-6.8940887 ,0 ,Acc ,10
3dd9e578dace13af ,5751330191990228 ,1.6036987 ,1.6565399 ,-2.1306152 ,0 ,Acc ,10
3dd9e578dace13af ,5751330312021790 ,0.13526917 ,3.2219696 ,-1.1781464 ,0 ,Acc ,10
3dd9e578dace13af ,5751330431912103 ,-3.151413 ,-0.51065063 ,-0.65068054 ,0 ,Acc ,10
3dd9e578dace13af ,5751330550455957 ,3.1737518 ,-1.5539246 ,-0.71281433 ,0 ,Acc ,10
3dd9e578dace13af ,5751330649978457 ,3.1271057 ,-3.2381744 ,0.1405487 ,0 ,Acc ,10
3dd9e578dace13af ,5751330751126738 ,1.9368591 ,-3.1962585 ,0.8099518 ,0 ,Acc ,10
3dd9e578dace13af ,5751330853256061 ,1.0162354 ,-1.6589813 ,-0.32841492 ,0 ,Acc ,10
3dd9e578dace13af ,5751330971944238 ,-1.9675293 ,1.6363678 ,-1.9405365 ,0 ,Acc ,10
3dd9e578dace13af ,5751331093439394 ,3.71138 ,3.206604 ,-4.806305 ,0 ,Acc ,10
3dd9e578dace13af ,5751331213482519 ,4.452881 ,2.733078 ,-5.4211426 ,0 ,Acc ,10
3dd9e578dace13af ,5751331330625019 ,3.400177 ,2.5961914 ,-2.5058746 ,0 ,Acc ,10
3dd9e578dace13af ,5751331430904654 ,-2.6803284 ,0.6408539 ,-1.3165283 ,0 ,Acc ,10
3dd9e578dace13af ,5751331531202467 ,-3.1167755 ,-0.015319824 ,-1.2623291 ,0 ,Acc ,10
3dd9e578dace13af ,5751331650293196 ,4.18927 ,-1.9683075 ,0.07321167 ,0 ,Acc ,10
3dd9e578dace13af ,5751331749935956 ,4.1688995 ,-2.871338 ,1.5492859 ,0 ,Acc ,10
3dd9e578dace13af ,5751331870906581 ,1.9054871 ,-2.1016846 ,0.7213898 ,0 ,Acc ,10
3dd9e578dace13af ,5751331935199185 ,9.709412 ,-1.26091 ,0.5546112 ,0 ,Acc ,9
3dd9e578dace13af ,5751331990488144 ,-1.0913544 ,-0.13237 ,-1.0090942 ,0 ,Acc ,10
3dd9e578dace13af ,5751332090847675 ,-1.3848877 ,2.2765198 ,-3.1624908 ,0 ,Acc ,10
3dd9e578dace13af ,5751332192951946 ,4.6977386 ,4.100998 ,-6.9749603 ,0 ,Acc ,10
3dd9e578dace13af ,5751332314199289 ,4.182724 ,3.825821 ,-6.3460236 ,0 ,Acc ,10
3dd9e578dace13af ,5751332415533039 ,4.503998 ,3.778473 ,-2.2805176 ,0 ,Acc ,10
3dd9e578dace13af ,5751332535052414 ,-2.1573792 ,0.8740387 ,-0.086135864 ,0 ,Acc ,10
3dd9e578dace13af ,5751332655179914 ,-1.1200714 ,-1.5892944 ,0.5892639 ,0 ,Acc ,10
3dd9e578dace13af ,5751332772990956 ,4.871521 ,-3.6876068 ,0.3273468 ,0 ,Acc ,10
3dd9e578dace13af ,5751332872814602 ,4.0915833 ,-5.2469177 ,2.508606 ,0 ,Acc ,10
3dd9e578dace13af ,5751332975530487 ,3.1900482 ,-1.0207672 ,-0.66282654 ,0 ,Acc ,10
3dd9e578dace13af ,5751333075220070 ,-1.319809 ,1.0315094 ,-1.4012146 ,0 ,Acc ,10
3dd9e578dace13af ,5751333192527102 ,-0.4554596 ,3.5072937 ,-4.3150024 ,0 ,Acc ,10
3dd9e578dace13af ,5751333295023612 ,5.9814453 ,3.936737 ,-6.783493 ,0 ,Acc ,10
3dd9e578dace13af ,5751333395429654 ,3.7405396 ,3.9787445 ,-5.4768524 ,0 ,Acc ,10
3dd9e578dace13af ,5751333496170122 ,4.153549 ,1.3709412 ,-2.491806 ,0 ,Acc ,10
3dd9e578dace13af ,5751333613921945 ,-2.7313843 ,1.7135773 ,-0.18070984 ,0 ,Acc ,10
3dd9e578dace13af ,5751333714813872 ,-2.333786 ,-1.0190582 ,-0.6573639 ,0 ,Acc ,10
3dd9e578dace13af ,5751333832532310 ,5.2341156 ,-2.2418823 ,-0.36941528 ,0 ,Acc ,10
3dd9e578dace13af ,5751333935712674 ,3.5892334 ,-3.9160156 ,0.8678589 ,0 ,Acc ,10
3dd9e578dace13af ,5751334034922622 ,2.2809448 ,-2.9787598 ,0.35131836 ,0 ,Acc ,10
3dd9e578dace13af ,5751334135435487 ,0.11500549 ,-0.57762146 ,-0.9683075 ,0 ,Acc ,10
3dd9e578dace13af ,5751334236009601 ,-1.8053589 ,1.7055054 ,-2.993393 ,0 ,Acc ,10
3dd9e578dace13af ,5751334336569966 ,2.7967072 ,3.2315826 ,-5.2739563 ,0 ,Acc ,10
3dd9e578dace13af ,5751334436513091 ,4.6971436 ,5.414505 ,-6.4574738 ,0 ,Acc ,10
3dd9e578dace13af ,5751334537227570 ,1.2023163 ,1.6286469 ,-2.0834656 ,0 ,Acc ,10
3dd9e578dace13af ,5751334655827049 ,0.46516418 ,3.1820679 ,-1.5085144 ,0 ,Acc ,10
3dd9e578dace13af ,5751334756544132 ,-2.3275757 ,-0.71858215 ,-0.24362183 ,0 ,Acc ,10
3dd9e578dace13af ,5751334857572465 ,-0.95129395 ,-1.8196564 ,1.0351257 ,0 ,Acc ,10
3dd9e578dace13af ,5751334937990018 ,9.78743 ,-0.043273926 ,-0.6121216 ,0 ,Acc ,9
3dd9e578dace13af ,5751334973912413 ,4.627899 ,-3.9026184 ,0.57925415 ,0 ,Acc ,10
3dd9e578dace13af ,5751335078462830 ,3.6615143 ,-4.1015778 ,3.8693085 ,0 ,Acc ,10
3dd9e578dace13af ,5751335177920330 ,3.1899872 ,-1.166626 ,-0.94337463 ,0 ,Acc ,10
3dd9e578dace13af ,5751335297795955 ,-0.88768005 ,1.5536346 ,-3.4214172 ,0 ,Acc ,10
3dd9e578dace13af ,5751335396920017 ,3.5968475 ,4.817093 ,-5.3730164 ,0 ,Acc ,10
3dd9e578dace13af ,5751335497971944 ,4.974518 ,4.898697 ,-6.7200165 ,0 ,Acc ,10
3dd9e578dace13af ,5751335597714288 ,3.0078735 ,4.7674713 ,-4.6828003 ,0 ,Acc ,10
3dd9e578dace13af ,5751335717651371 ,2.832489 ,2.8804474 ,-1.4788666 ,0 ,Acc ,10
3dd9e578dace13af ,5751335818602882 ,-1.441803 ,-0.3585968 ,0.73161316 ,0 ,Acc ,10
3dd9e578dace13af ,5751335918059600 ,0.54125977 ,-4.518463 ,1.9592438 ,0 ,Acc ,10
3dd9e578dace13af ,5751336038145382 ,4.8488464 ,-6.148514 ,2.3950348 ,0 ,Acc ,10
3dd9e578dace13af ,5751336138904809 ,4.128525 ,-4.625473 ,2.5739136 ,0 ,Acc ,10
3dd9e578dace13af ,5751336255338298 ,3.947525 ,1.0609589 ,-2.9009247 ,0 ,Acc ,10
3dd9e578dace13af ,5751336358395173 ,-0.08695984 ,2.8109589 ,-2.871109 ,0 ,Acc ,10
3dd9e578dace13af ,5751336459297152 ,1.4761658 ,5.071808 ,-6.0625763 ,0 ,Acc ,10
3dd9e578dace13af ,5751336579271527 ,4.223694 ,6.372406 ,-6.9686737 ,0 ,Acc ,10
3dd9e578dace13af ,5751336678672777 ,4.0049896 ,2.581543 ,-1.0096588 ,0 ,Acc ,10
3dd9e578dace13af ,5751336779634392 ,5.4706573 ,5.260559 ,-4.6830597 ,0 ,Acc ,10
3dd9e578dace13af ,5751336898553194 ,0.031539917 ,-3.224411 ,-0.91685486 ,0 ,Acc ,10
3dd9e578dace13af ,5751336999199808 ,-0.42512512 ,-4.080536 ,-0.6654358 ,0 ,Acc ,10
3dd9e578dace13af ,5751337099930069 ,3.6173859 ,-7.2241974 ,-0.67793274 ,0 ,Acc ,10
3dd9e578dace13af ,5751337217635798 ,3.3511047 ,-8.896179 ,-1.6473694 ,0 ,Acc ,10
3dd9e578dace13af ,5751337340218350 ,4.2398224 ,0.82266235 ,-2.460785 ,0 ,Acc ,10
3dd9e578dace13af ,5751337457945850 ,2.6974945 ,4.9119873 ,-4.130539 ,0 ,Acc ,10
3dd9e578dace13af ,5751337576684496 ,5.008835 ,5.706085 ,-8.704605 ,0 ,Acc ,10
3dd9e578dace13af ,5751337679737308 ,4.050522 ,5.2313538 ,-5.5168457 ,0 ,Acc ,10
3dd9e578dace13af ,5751337780718662 ,4.6176453 ,3.4670715 ,-4.7719727 ,0 ,Acc ,10
3dd9e578dace13af ,5751337880260016 ,3.7662964 ,1.4176941 ,-4.27919 ,0 ,Acc ,10
3dd9e578dace13af ,5751337939935798 ,9.400757 ,-2.214157 ,1.7009735 ,0 ,Acc ,9
3dd9e578dace13af ,5751337996558766 ,0.14328003 ,-3.0131073 ,-1.0987091 ,0 ,Acc ,10
3dd9e578dace13af ,5751338101086891 ,2.5169983 ,-5.4888916 ,0.0909729 ,0 ,Acc ,10
3dd9e578dace13af ,5751338217812412 ,2.9464874 ,-5.9489746 ,1.7523041 ,0 ,Acc ,10
3dd9e578dace13af ,5751338341807412 ,5.2148895 ,-3.7266998 ,-0.48483276 ,0 ,Acc ,10
3dd9e578dace13af ,5751338461950693 ,2.6974487 ,3.2006226 ,-1.2407532 ,0 ,Acc ,10
3dd9e578dace13af ,5751338582084339 ,1.6369476 ,5.745331 ,-4.1137238 ,0 ,Acc ,10
3dd9e578dace13af ,5751338699112672 ,5.4767303 ,7.4983063 ,-6.860504 ,0 ,Acc ,10
3dd9e578dace13af ,5751338798658141 ,4.4257355 ,4.6902924 ,-3.3955536 ,0 ,Acc ,10
3dd9e578dace13af ,5751338900934391 ,6.3916016 ,1.3613434 ,-2.7289276 ,0 ,Acc ,10
3dd9e578dace13af ,5751339001588037 ,-0.67944336 ,1.6083832 ,0.009780884 ,0 ,Acc ,10
3dd9e578dace13af ,5751339102489131 ,-0.94636536 ,-2.4802551 ,0.15058899 ,0 ,Acc ,10
3dd9e578dace13af ,5751339206884808 ,2.394455 ,-4.0694427 ,0.45291138 ,0 ,Acc ,10
3dd9e578dace13af ,5751339321811214 ,3.4651031 ,-2.810257 ,2.145279 ,0 ,Acc ,10
3dd9e578dace13af ,5751339422446526 ,2.0872345 ,-2.0065308 ,0.8851929 ,0 ,Acc ,10
3dd9e578dace13af ,5751339521919078 ,2.2462616 ,1.6763 ,-1.4164734 ,0 ,Acc ,10
3dd9e578dace13af ,5751339638854599 ,-0.21821594 ,3.8232422 ,-2.1244202 ,0 ,Acc ,10
3dd9e578dace13af ,5751339742850328 ,2.7387085 ,6.3950653 ,-3.8429565 ,0 ,Acc ,10
3dd9e578dace13af ,5751339859180432 ,3.5378265 ,4.7950745 ,-3.4973145 ,0 ,Acc ,10
3dd9e578dace13af ,5751339961949130 ,3.6651 ,2.6727448 ,-2.3869476 ,0 ,Acc ,10
3dd9e578dace13af ,5751340080545068 ,0.67056274 ,1.2798767 ,-0.7124481 ,0 ,Acc ,10
3dd9e578dace13af ,5751340180787463 ,-2.652954 ,0.11213684 ,-1.5589905 ,0 ,Acc ,10
3dd9e578dace13af ,5751340300057984 ,0.27560425 ,-2.0078278 ,-0.19638062 ,0 ,Acc ,10
3dd9e578dace13af ,5751340402881213 ,2.2180786 ,-3.2916718 ,2.391388 ,0 ,Acc ,10
3dd9e578dace13af ,5751340523177463 ,3.619217 ,-2.5525665 ,0.9796448 ,0 ,Acc ,10
3dd9e578dace13af ,5751340643200432 ,1.6206055 ,2.3609467 ,-0.3874054 ,0 ,Acc ,10
3dd9e578dace13af ,5751340743951057 ,-0.18287659 ,4.2951202 ,-1.8028564 ,0 ,Acc ,10
3dd9e578dace13af ,5751340860228713 ,2.3622131 ,6.0955505 ,-3.9298553 ,0 ,Acc ,10
3dd9e578dace13af ,5751340940997307 ,5.7115936 ,-7.4319916 ,2.883255 ,0 ,Acc ,9
3dd9e578dace13af ,5751340980449338 ,3.8304749 ,3.594162 ,-2.502182 ,0 ,Acc ,10
3dd9e578dace13af ,5751341083408036 ,3.646103 ,-2.7080383 ,0.4786682 ,0 ,Acc ,10
3dd9e578dace13af ,5751341181982098 ,2.134613 ,0.35279846 ,0.40498352 ,0 ,Acc ,10
3dd9e578dace13af ,5751341303189911 ,-1.6360779 ,3.096878 ,2.0155334 ,0 ,Acc ,10
3dd9e578dace13af ,5751341422137359 ,-0.9627533 ,2.6792297 ,1.5450897 ,0 ,Acc ,10
3dd9e578dace13af ,5751341524103505 ,3.9469604 ,-0.57650757 ,0.56321716 ,0 ,Acc ,10
3dd9e578dace13af ,5751341624869702 ,4.230301 ,-1.1881256 ,2.035141 ,0 ,Acc ,10
3dd9e578dace13af ,5751341742812307 ,3.486847 ,1.5157623 ,-0.33268738 ,0 ,Acc ,10
3dd9e578dace13af ,5751341844514234 ,-1.0194702 ,1.5352936 ,0.41067505 ,0 ,Acc ,10
3dd9e578dace13af ,5751341945227932 ,-1.2006683 ,3.1763458 ,0.95054626 ,0 ,Acc ,10
3dd9e578dace13af ,5751342062503765 ,3.2754211 ,2.2014008 ,-0.3499298 ,0 ,Acc ,10
3dd9e578dace13af ,5751342163218661 ,5.083847 ,0.87080383 ,0.5226288 ,0 ,Acc ,10
3dd9e578dace13af ,5751342265512306 ,3.3035583 ,1.6104584 ,1.1222382 ,0 ,Acc ,10
3dd9e578dace13af ,5751342365461056 ,1.3932495 ,3.4077454 ,0.82321167 ,0 ,Acc ,10
3dd9e578dace13af ,5751342482503452 ,-1.7181702 ,3.5519714 ,2.0819702 ,0 ,Acc ,10
3dd9e578dace13af ,5751342585867358 ,-0.8960724 ,0.85887146 ,1.4471436 ,0 ,Acc ,10
3dd9e578dace13af ,5751342704787306 ,3.3258514 ,-2.8680115 ,1.0128174 ,0 ,Acc ,10
3dd9e578dace13af ,5751342823248608 ,1.5395966 ,-2.444275 ,1.9924622 ,0 ,Acc ,10
3dd9e578dace13af ,5751342945522775 ,0.27394104 ,-0.17066956 ,0.16226196 ,0 ,Acc ,10
3dd9e578dace13af ,5751343045784546 ,-1.9386902 ,2.9339447 ,0.38957214 ,0 ,Acc ,10
3dd9e578dace13af ,5751343165989337 ,0.4098816 ,2.697647 ,-0.22834778 ,0 ,Acc ,10
3dd9e578dace13af ,5751343266699806 ,5.635849 ,1.4843903 ,-1.5984955 ,0 ,Acc ,10
3dd9e578dace13af ,5751343386853400 ,2.3099365 ,2.356842 ,0.63690186 ,0 ,Acc ,10
3dd9e578dace13af ,5751343489293816 ,2.3874817 ,2.097931 ,0.95106506 ,0 ,Acc ,10
3dd9e578dace13af ,5751343606342827 ,-1.6232147 ,2.0693665 ,1.7520599 ,0 ,Acc ,10
3dd9e578dace13af ,5751343723218868 ,-0.69255066 ,-0.55630493 ,2.0999146 ,0 ,Acc ,10
3dd9e578dace13af ,5751343826419702 ,1.7020111 ,0.21162415 ,1.7785187 ,0 ,Acc ,10
3dd9e578dace13af ,5751343926758920 ,3.60083 ,-1.931778 ,0.5539551 ,0 ,Acc ,10
3dd9e578dace13af ,5751343945126056 ,5.6343384 ,-7.9358215 ,1.2029572 ,0 ,Acc ,9
3dd9e578dace13af ,5751344043169545 ,1.1936035 ,1.6026001 ,-0.12701416 ,0 ,Acc ,10
3dd9e578dace13af ,5751344147587462 ,-0.8465576 ,3.5646515 ,0.38423157 ,0 ,Acc ,10
3dd9e578dace13af ,5751344247079337 ,1.576355 ,1.729187 ,-0.1235199 ,0 ,Acc ,10
3dd9e578dace13af ,5751344347844337 ,-0.3336029 ,0.23097229 ,0.062576294 ,0 ,Acc ,10
3dd9e578dace13af ,5751344466545118 ,1.7872467 ,-2.187088 ,1.2227631 ,0 ,Acc ,10
3dd9e578dace13af ,5751344566468920 ,-0.06556702 ,-0.942276 ,0.6914673 ,0 ,Acc ,10
3dd9e578dace13af ,5751344668075430 ,-0.046569824 ,-0.05517578 ,0.27711487 ,0 ,Acc ,10
3dd9e578dace13af ,5751344767780587 ,-2.8813324 ,1.7953186 ,0.12132263 ,0 ,Acc ,10
3dd9e578dace13af ,5751344884644128 ,-2.7219543 ,-0.5919037 ,0.555542 ,0 ,Acc ,10
3dd9e578dace13af ,5751344988476264 ,-1.5598297 ,-2.369995 ,0.5375366 ,0 ,Acc ,10
3dd9e578dace13af ,5751345088072045 ,0.0074768066 ,-3.7621918 ,0.15605164 ,0 ,Acc ,10
3dd9e578dace13af ,5751345188382305 ,-1.8466492 ,-1.907196 ,-0.45048523 ,0 ,Acc ,10
3dd9e578dace13af ,5751345288031316 ,-2.3573914 ,-1.2783508 ,-1.2159576 ,0 ,Acc ,10
3dd9e578dace13af ,5751345388625430 ,-2.9826813 ,0.368042 ,-0.9202881 ,0 ,Acc ,10
3dd9e578dace13af ,5751345509168034 ,-1.5474548 ,-1.0748749 ,-0.8902893 ,0 ,Acc ,10
3dd9e578dace13af ,5751345625428816 ,1.9594116 ,-1.9640503 ,-0.6291199 ,0 ,Acc ,10
3dd9e578dace13af ,5751345725931420 ,-0.25054932 ,-1.162796 ,0.037872314 ,0 ,Acc ,10
3dd9e578dace13af ,5751345829374753 ,-0.5172272 ,-1.2454376 ,-0.41830444 ,0 ,Acc ,10
3dd9e578dace13af ,5751345928923972 ,-2.4878082 ,1.3057709 ,-0.12246704 ,0 ,Acc ,10
3dd9e578dace13af ,5751346029585013 ,-2.5933533 ,-1.2579498 ,1.1808319 ,0 ,Acc ,10
3dd9e578dace13af ,5751346129167670 ,-1.740509 ,-0.7281952 ,-0.15693665 ,0 ,Acc ,10
3dd9e578dace13af ,5751346249228451 ,-0.087753296 ,-0.6115875 ,0.7593689 ,0 ,Acc ,10
3dd9e578dace13af ,5751346349959388 ,-0.3968811 ,-2.6110535 ,0.2185669 ,0 ,Acc ,10
3dd9e578dace13af ,5751346469772721 ,-0.7835541 ,-2.3496857 ,0.0041046143 ,0 ,Acc ,10
3dd9e578dace13af ,5751346569589284 ,-0.91064453 ,-0.49119568 ,0.023925781 ,0 ,Acc ,10
3dd9e578dace13af ,5751346670368919 ,-1.2120819 ,0.20414734 ,0.48220825 ,0 ,Acc ,10
3dd9e578dace13af ,5751346769888815 ,-0.93258667 ,0.46910095 ,1.0870972 ,0 ,Acc ,10
3dd9e578dace13af ,5751346870664700 ,-1.041275 ,0.3849182 ,1.0614471 ,0 ,Acc ,10
3dd9e578dace13af ,5751346952348034 ,6.903549 ,-6.1276855 ,3.3110046 ,0 ,Acc ,9
3dd9e578dace13af ,5751346986958919 ,1.2586823 ,-0.91615295 ,1.4556732 ,0 ,Acc ,10
3dd9e578dace13af ,5751347090231836 ,0.8220825 ,-1.1365662 ,1.5366669 ,0 ,Acc ,10
3dd9e578dace13af ,5751347190548138 ,-1.1697845 ,0.45481873 ,0.5360565 ,0 ,Acc ,10
3dd9e578dace13af ,5751347311028398 ,-0.53982544 ,0.22860718 ,-0.03845215 ,0 ,Acc ,10
3dd9e578dace13af ,5751347427589127 ,-1.3509064 ,1.3927155 ,-0.19081116 ,0 ,Acc ,10
3dd9e578dace13af ,5751347551267461 ,-0.5583191 ,0.57173157 ,0.75827026 ,0 ,Acc ,10
3dd9e578dace13af ,5751347669529961 ,0.27650452 ,0.41104126 ,1.1363983 ,0 ,Acc ,10
3dd9e578dace13af ,5751347791564075 ,0.55441284 ,-0.41275024 ,0.40768433 ,0 ,Acc ,10
3dd9e578dace13af ,5751347908366627 ,0.20999146 ,1.1342316 ,0.07887268 ,0 ,Acc ,10
3dd9e578dace13af ,5751348009699023 ,0.6092987 ,0.43556213 ,-0.24276733 ,0 ,Acc ,10
3dd9e578dace13af ,5751348112020273 ,0.26654053 ,-0.096969604 ,-0.25019836 ,0 ,Acc ,10
3dd9e578dace13af ,5751348230911054 ,0.05055237 ,-0.036224365 ,0.25213623 ,0 ,Acc ,10
3dd9e578dace13af ,5751348328887356 ,0.2700348 ,0.24382019 ,0.25691223 ,0 ,Acc ,10
3dd9e578dace13af ,5751348432075377 ,-0.5201416 ,-0.23835754 ,0.7853241 ,0 ,Acc ,10
3dd9e578dace13af ,5751348531802721 ,-0.86039734 ,-1.9048462 ,0.9769592 ,0 ,Acc ,10
3dd9e578dace13af ,5751348650039231 ,-0.96131897 ,0.24752808 ,-0.06915283 ,0 ,Acc ,10
3dd9e578dace13af ,5751348748792825 ,-0.9016876 ,-0.017364502 ,0.51512146 ,0 ,Acc ,10
3dd9e578dace13af ,5751348851916835 ,0.2927704 ,0.7651367 ,0.019546509 ,0 ,Acc ,10
3dd9e578dace13af ,5751349091221314 ,2.359558 ,-0.44818115 ,1.2180939 ,0 ,Acc ,10
3dd9e578dace13af ,5751349310678241 ,-0.018722534 ,0.052581787 ,0.5676575 ,0 ,Acc ,10
3dd9e578dace13af ,5751349431025845 ,0.10862732 ,0.0736084 ,-0.050613403 ,0 ,Acc ,10
3dd9e578dace13af ,5751349530670897 ,-0.5614166 ,0.9898529 ,-0.9776001 ,0 ,Acc ,10
3dd9e578dace13af ,5751349633526835 ,-0.5423889 ,0.35450745 ,-0.054779053 ,0 ,Acc ,10
3dd9e578dace13af ,5751349733131626 ,0.014984131 ,-1.2132568 ,0.7758179 ,0 ,Acc ,10
3dd9e578dace13af ,5751349850104283 ,0.5802765 ,0.39448547 ,4.4615936 ,0 ,Acc ,10
3dd9e578dace13af ,5751349951118970 ,0.5666046 ,-2.7991333 ,1.9696045 ,0 ,Acc ,10
3dd9e578dace13af ,5751349951638449 ,2.1499634 ,-9.452072 ,-1.4852905 ,0 ,Acc ,9
3dd9e578dace13af ,5751350050972876 ,-0.7093506 ,2.211258 ,2.4003296 ,0 ,Acc ,10
3dd9e578dace13af ,5751350154117668 ,0.12583923 ,-0.48617554 ,3.2612915 ,0 ,Acc ,10
3dd9e578dace13af ,5751350271023241 ,-0.029373169 ,-2.86409 ,0.5904541 ,0 ,Acc ,10
3dd9e578dace13af ,5751350371066835 ,-0.095336914 ,1.0837402 ,1.1791382 ,0 ,Acc ,10
3dd9e578dace13af ,5751350474395689 ,0.1781311 ,-1.4637756 ,1.1983795 ,0 ,Acc ,10
