3dd9e578dace13af ,5748313773860368 ,1.4728241 ,0.4242859 ,0.18821716 ,0 ,Acc ,10
3dd9e578dace13af ,5748315088297816 ,0.094680786 ,0.07852173 ,-0.19543457 ,0 ,Acc ,10
3dd9e578dace13af ,5748315191911826 ,-0.30937195 ,0.08433533 ,-0.030685425 ,0 ,Acc ,10
3dd9e578dace13af ,5748315311329326 ,0.023483276 ,-0.017745972 ,-0.15815735 ,0 ,Acc ,10
3dd9e578dace13af ,5748315410686253 ,0.21907043 ,0.057632446 ,0.046524048 ,0 ,Acc ,10
3dd9e578dace13af ,5748315512227920 ,-0.42166138 ,0.13162231 ,0.024032593 ,0 ,Acc ,10
3dd9e578dace13af ,5748315611790264 ,-2.231396 ,-9.514558 ,-0.81881696 ,3 ,Acc ,1
3dd9e578dace13af ,5748315716848961 ,-2.834735 ,-9.380483 ,-0.61770403 ,3 ,Acc ,1
3dd9e578dace13af ,5748315816331513 ,-2.4756045 ,-9.442732 ,-0.5602432 ,3 ,Acc ,1
3dd9e578dace13af ,5748315916152607 ,-2.6862943 ,-9.399636 ,-0.7182605 ,3 ,Acc ,1
3dd9e578dace13af ,5748316036492555 ,-2.6192567 ,-9.41879 ,-0.7661445 ,3 ,Acc ,1
3dd9e578dace13af ,5748316153808961 ,-2.6192567 ,-9.433155 ,-0.6512229 ,3 ,Acc ,1
3dd9e578dace13af ,5748316275465576 ,-2.6527755 ,-9.3421755 ,-0.6751649 ,3 ,Acc ,1
3dd9e578dace13af ,5748316376920055 ,-2.5713725 ,-9.212888 ,-0.6703765 ,3 ,Acc ,1
3dd9e578dace13af ,5748316495164638 ,-2.5953147 ,-9.490616 ,-1.0151415 ,3 ,Acc ,1
3dd9e578dace13af ,5748316595616149 ,-2.8107927 ,-9.361329 ,-0.80924016 ,3 ,Acc ,1
3dd9e578dace13af ,5748316714957399 ,-2.5187001 ,-9.370906 ,-0.9576807 ,3 ,Acc ,1
3dd9e578dace13af ,5748316795659690 ,-2.666214 ,-9.405701 ,-0.77090454 ,0 ,Acc ,9
3dd9e578dace13af ,5748316832281305 ,-2.6910827 ,-9.433155 ,-0.8810662 ,3 ,Acc ,1
3dd9e578dace13af ,5748316937406513 ,-2.6527755 ,-9.461885 ,-0.7086837 ,3 ,Acc ,1
3dd9e578dace13af ,5748317038200523 ,-3.0550013 ,-9.720459 ,-0.34955344 ,3 ,Acc ,1
3dd9e578dace13af ,5748317157451409 ,-2.7341783 ,-9.509769 ,-0.7134721 ,3 ,Acc ,1
3dd9e578dace13af ,5748317278541461 ,-1.7669208 ,-8.571242 ,-1.3359646 ,3 ,Acc ,1
3dd9e578dace13af ,5748317377737086 ,-1.6663644 ,-9.691729 ,-0.81402856 ,3 ,Acc ,1
3dd9e578dace13af ,5748317498066565 ,-2.5809495 ,-10.036493 ,-0.272939 ,3 ,Acc ,1
3dd9e578dace13af ,5748317595840002 ,-1.1731589 ,-9.945514 ,0.29209262 ,3 ,Acc ,1
3dd9e578dace13af ,5748317698385054 ,-1.733402 ,-9.773131 ,0.02873042 ,3 ,Acc ,1
3dd9e578dace13af ,5748317796012138 ,-1.6136919 ,-9.648633 ,0.090979666 ,3 ,Acc ,1
3dd9e578dace13af ,5748317917379846 ,-1.5514427 ,-9.639056 ,0.7326257 ,3 ,Acc ,1
3dd9e578dace13af ,5748318018773023 ,-1.5849615 ,-9.619903 ,1.3263878 ,3 ,Acc ,1
3dd9e578dace13af ,5748318133532450 ,-1.8914193 ,-9.624691 ,0.18195933 ,3 ,Acc ,1
3dd9e578dace13af ,5748318241079898 ,-1.532289 ,-9.701305 ,1.0151415 ,3 ,Acc ,1
3dd9e578dace13af ,5748318339112971 ,-1.3311762 ,-9.600749 ,1.0247183 ,3 ,Acc ,1
3dd9e578dace13af ,5748318455850106 ,-2.1308396 ,-9.648633 ,0.45489833 ,3 ,Acc ,1
3dd9e578dace13af ,5748318514355940 ,-0.14764404 ,0.34199524 ,-0.066207886 ,0 ,Acc ,10
3dd9e578dace13af ,5748318557336617 ,-1.685518 ,-9.859323 ,0.1388637 ,3 ,Acc ,1
3dd9e578dace13af ,5748318674625314 ,-1.3551182 ,-9.782708 ,1.4077905 ,3 ,Acc ,1
3dd9e578dace13af ,5748318781075783 ,-1.7286136 ,-8.767567 ,-0.3878607 ,3 ,Acc ,1
3dd9e578dace13af ,5748318880139794 ,-2.4851813 ,-9.500193 ,0.521936 ,3 ,Acc ,1
3dd9e578dace13af ,5748318996022554 ,-1.7908629 ,-9.394848 ,0.37828386 ,3 ,Acc ,1
3dd9e578dace13af ,5748319099799273 ,-1.7621324 ,-9.543288 ,2.1164744 ,3 ,Acc ,1
3dd9e578dace13af ,5748319215751616 ,-1.3551182 ,-9.68694 ,-0.31603462 ,3 ,Acc ,1
3dd9e578dace13af ,5748319337259168 ,-1.3742718 ,-9.26556 ,1.661576 ,3 ,Acc ,1
3dd9e578dace13af ,5748319436977866 ,-1.7669208 ,-9.308656 ,-0.641646 ,3 ,Acc ,1
3dd9e578dace13af ,5748319557387293 ,-1.7142484 ,-9.074024 ,1.2066777 ,3 ,Acc ,1
3dd9e578dace13af ,5748319680047970 ,-1.7669208 ,-10.548853 ,0.46447513 ,3 ,Acc ,1
3dd9e578dace13af ,5748319798737710 ,-1.8478546 ,-9.626053 ,0.30807495 ,0 ,Acc ,9
3dd9e578dace13af ,5748319800646304 ,-2.255338 ,-9.232041 ,0.1340753 ,3 ,Acc ,1
3dd9e578dace13af ,5748319920344793 ,-2.087744 ,-9.524135 ,0.062249243 ,3 ,Acc ,1
3dd9e578dace13af ,5748320020361460 ,-1.7046716 ,-9.610326 ,0.23463176 ,3 ,Acc ,1
3dd9e578dace13af ,5748320121511512 ,-1.5993267 ,-9.394848 ,1.2785037 ,3 ,Acc ,1
3dd9e578dace13af ,5748320240051147 ,-1.8195933 ,-9.615114 ,1.0247183 ,3 ,Acc ,1
3dd9e578dace13af ,5748320359281720 ,-1.4891934 ,-9.576807 ,1.2018893 ,3 ,Acc ,1
3dd9e578dace13af ,5748320458959324 ,-1.7142484 ,-9.509769 ,0.6751649 ,3 ,Acc ,1
3dd9e578dace13af ,5748320560041043 ,-1.5945383 ,-9.572019 ,1.2066777 ,3 ,Acc ,1
3dd9e578dace13af ,5748320677197137 ,-1.8770541 ,-9.653421 ,1.2880806 ,3 ,Acc ,1
3dd9e578dace13af ,5748320802187085 ,-1.7190368 ,-9.375694 ,-0.110133275 ,3 ,Acc ,1
3dd9e578dace13af ,5748320917936147 ,-1.7621324 ,-9.825804 ,1.0726024 ,3 ,Acc ,1
3dd9e578dace13af ,5748321042411303 ,-1.7812861 ,-9.605537 ,0.79966336 ,3 ,Acc ,1
3dd9e578dace13af ,5748321160194324 ,-1.8100165 ,-9.720459 ,0.78529817 ,3 ,Acc ,1
3dd9e578dace13af ,5748321260627189 ,-1.9153614 ,-9.639056 ,0.33997664 ,3 ,Acc ,1
3dd9e578dace13af ,5748321363005991 ,-1.7860745 ,-9.797073 ,1.091756 ,3 ,Acc ,1
3dd9e578dace13af ,5748321481878803 ,-1.8962077 ,-9.605537 ,0.9864111 ,3 ,Acc ,1
3dd9e578dace13af ,5748321516744688 ,-0.120513916 ,0.1211853 ,-0.17533875 ,0 ,Acc ,10
3dd9e578dace13af ,5748321601417761 ,-1.8435353 ,-9.653421 ,0.36391866 ,3 ,Acc ,1
3dd9e578dace13af ,5748321703070574 ,-2.1404164 ,-9.476251 ,0.33518824 ,3 ,Acc ,1
3dd9e578dace13af ,5748321819953699 ,-2.1068976 ,-9.552865 ,0.90021986 ,3 ,Acc ,1
3dd9e578dace13af ,5748321942884792 ,-1.8100165 ,-9.768343 ,0.7278373 ,3 ,Acc ,1
3dd9e578dace13af ,5748322058392188 ,-1.7812861 ,-9.610326 ,0.9624691 ,3 ,Acc ,1
3dd9e578dace13af ,5748322164252084 ,-1.9009962 ,-9.476251 ,0.20111294 ,3 ,Acc ,1
3dd9e578dace13af ,5748322281376928 ,-1.9440918 ,-9.80665 ,0.842759 ,3 ,Acc ,1
3dd9e578dace13af ,5748322403984323 ,-1.7525556 ,-9.528923 ,0.16759412 ,3 ,Acc ,1
3dd9e578dace13af ,5748322522978542 ,-1.8291701 ,-10.04607 ,1.2737153 ,3 ,Acc ,1
3dd9e578dace13af ,5748322641995365 ,-2.1308396 ,-9.284714 ,1.0582372 ,3 ,Acc ,1
3dd9e578dace13af ,5748322743784115 ,-2.0638018 ,-9.275137 ,-1.0199299 ,3 ,Acc ,1
3dd9e578dace13af ,5748322800379844 ,-2.0977783 ,-9.544617 ,0.81851196 ,0 ,Acc ,9
3dd9e578dace13af ,5748322858173542 ,-3.442862 ,-10.366894 ,-2.4181437 ,3 ,Acc ,1
3dd9e578dace13af ,5748322965119532 ,-2.7724855 ,-9.390059 ,-0.41180268 ,3 ,Acc ,1
3dd9e578dace13af ,5748323084367240 ,-2.408567 ,-9.246407 ,0.90021986 ,3 ,Acc ,1
3dd9e578dace13af ,5748323199516511 ,-1.5466543 ,-9.619903 ,-0.8379706 ,3 ,Acc ,1
3dd9e578dace13af ,5748323303564948 ,-2.6048915 ,-9.514558 ,0.20111294 ,3 ,Acc ,1
3dd9e578dace13af ,5748323405534479 ,-2.1308396 ,-9.634268 ,-0.023942016 ,3 ,Acc ,1
3dd9e578dace13af ,5748323522993958 ,-1.8195933 ,-9.452309 ,0.49799395 ,3 ,Acc ,1
3dd9e578dace13af ,5748323625440052 ,-2.1164744 ,-8.6574335 ,-0.20590134 ,3 ,Acc ,1
3dd9e578dace13af ,5748323744419896 ,-2.882619 ,-8.767567 ,-0.6703765 ,3 ,Acc ,1
3dd9e578dace13af ,5748323864082135 ,-1.8770541 ,-9.595961 ,-2.5617957 ,3 ,Acc ,1
3dd9e578dace13af ,5748323966158281 ,-3.0550013 ,-9.528923 ,-1.4413095 ,3 ,Acc ,1
3dd9e578dace13af ,5748324084275885 ,-3.064578 ,-9.136273 ,-0.78529817 ,3 ,Acc ,1
3dd9e578dace13af ,5748324183923542 ,-3.0023289 ,-9.495404 ,0.11492168 ,3 ,Acc ,1
3dd9e578dace13af ,5748324284950625 ,-3.4380736 ,-9.074024 ,0.51714754 ,3 ,Acc ,1
3dd9e578dace13af ,5748324405121458 ,-3.9695864 ,-9.284714 ,0.3878607 ,3 ,Acc ,1
3dd9e578dace13af ,5748324505802864 ,-3.9456444 ,-8.456321 ,0.37349546 ,3 ,Acc ,1
3dd9e578dace13af ,5748324518503281 ,-0.4753723 ,0.6636963 ,-1.0208435 ,0 ,Acc ,10
3dd9e578dace13af ,5748324621697343 ,-2.078167 ,-10.103531 ,0.06703765 ,3 ,Acc ,1
3dd9e578dace13af ,5748324721797448 ,-2.5187001 ,-10.0508585 ,-0.33039984 ,3 ,Acc ,1
3dd9e578dace13af ,5748324842246666 ,-2.992752 ,-9.078813 ,0.40701428 ,3 ,Acc ,1
3dd9e578dace13af ,5748324966807552 ,-2.3175871 ,-9.174581 ,0.33997664 ,3 ,Acc ,1
3dd9e578dace13af ,5748325084187031 ,-1.6280571 ,-9.682152 ,-0.8475474 ,3 ,Acc ,1
3dd9e578dace13af ,5748325185128177 ,-2.4708161 ,-9.739613 ,-0.33039984 ,3 ,Acc ,1
3dd9e578dace13af ,5748325304798593 ,-2.360683 ,-10.0029745 ,-0.45968673 ,3 ,Acc ,1
3dd9e578dace13af ,5748325405787708 ,-2.4660277 ,-8.250419 ,-1.1540052 ,3 ,Acc ,1
3dd9e578dace13af ,5748325505750937 ,-2.6288335 ,-8.508993 ,-2.882619 ,3 ,Acc ,1
3dd9e578dace13af ,5748325621201770 ,-3.763685 ,-8.930372 ,-2.542642 ,3 ,Acc ,1
3dd9e578dace13af ,5748325723959062 ,-3.7253778 ,-7.7428484 ,-3.6727054 ,3 ,Acc ,1
3dd9e578dace13af ,5748325804704270 ,-3.416687 ,-7.7947693 ,-4.8721466 ,0 ,Acc ,9
3dd9e578dace13af ,5748325841924166 ,-3.3039982 ,-8.336611 ,-4.7884035 ,3 ,Acc ,1
3dd9e578dace13af ,5748325941706666 ,-3.7493198 ,-7.7907324 ,-4.76925 ,3 ,Acc ,1
3dd9e578dace13af ,5748326045716510 ,-3.2848446 ,-7.967903 ,-4.8985367 ,3 ,Acc ,1
3dd9e578dace13af ,5748326147385937 ,-2.327164 ,-8.494628 ,-4.271256 ,3 ,Acc ,1
3dd9e578dace13af ,5748326267405520 ,-0.91937345 ,-8.978256 ,-4.88896 ,3 ,Acc ,1
3dd9e578dace13af ,5748326382371666 ,-0.18674773 ,-7.9104424 ,-5.7365074 ,3 ,Acc ,1
3dd9e578dace13af ,5748326483558645 ,0.1340753 ,-8.178593 ,-5.961562 ,3 ,Acc ,1
3dd9e578dace13af ,5748326586425520 ,0.34476504 ,-9.040505 ,-5.4539914 ,3 ,Acc ,1
3dd9e578dace13af ,5748326687688072 ,0.038307227 ,-9.437943 ,-5.21936 ,3 ,Acc ,1
3dd9e578dace13af ,5748326787721613 ,-0.4165911 ,-8.7292595 ,-4.7165775 ,3 ,Acc ,1
3dd9e578dace13af ,5748326888917447 ,-0.4309563 ,-8.801085 ,-5.9663506 ,3 ,Acc ,1
3dd9e578dace13af ,5748327008707238 ,-0.90500826 ,-8.37013 ,-5.1810527 ,3 ,Acc ,1
3dd9e578dace13af ,5748327107205624 ,-0.60333884 ,-8.619126 ,-4.6591167 ,3 ,Acc ,1
3dd9e578dace13af ,5748327226183749 ,-0.45010993 ,-8.350976 ,-3.940856 ,3 ,Acc ,1
3dd9e578dace13af ,5748327327390572 ,-0.320823 ,-8.868123 ,-4.189853 ,3 ,Acc ,1
3dd9e578dace13af ,5748327428967342 ,-0.5793968 ,-9.14585 ,-4.486734 ,3 ,Acc ,1
3dd9e578dace13af ,5748327525536040 ,-0.28660583 ,0.042770386 ,0.1959076 ,0 ,Acc ,10
3dd9e578dace13af ,5748327544587082 ,-1.3263878 ,-8.671799 ,-4.429273 ,3 ,Acc ,1
3dd9e578dace13af ,5748327648545832 ,-1.2401965 ,-8.781932 ,-4.5633483 ,3 ,Acc ,1
3dd9e578dace13af ,5748327749144217 ,-1.1923125 ,-8.192958 ,-4.19943 ,3 ,Acc ,1
3dd9e578dace13af ,5748327849918332 ,-0.866701 ,-8.944737 ,-4.3239284 ,3 ,Acc ,1
3dd9e578dace13af ,5748327967026353 ,-1.0821792 ,-9.035717 ,-4.098873 ,3 ,Acc ,1
3dd9e578dace13af ,5748328069467290 ,-1.484405 ,-8.619126 ,-4.1132383 ,3 ,Acc ,1
3dd9e578dace13af ,5748328186890311 ,-1.4891934 ,-8.796297 ,-4.3239284 ,3 ,Acc ,1
3dd9e578dace13af ,5748328285819998 ,-1.4413095 ,-8.820239 ,-4.295198 ,3 ,Acc ,1
3dd9e578dace13af ,5748328387792446 ,-1.292869 ,-8.829816 ,-4.3382936 ,3 ,Acc ,1
3dd9e578dace13af ,5748328490704113 ,-1.4173675 ,-8.647857 ,-4.3239284 ,3 ,Acc ,1
3dd9e578dace13af ,5748328591687082 ,-1.6903064 ,-8.499416 ,-4.3478703 ,3 ,Acc ,1
3dd9e578dace13af ,5748328710088956 ,-1.5993267 ,-8.815451 ,-4.3718123 ,3 ,Acc ,1
3dd9e578dace13af ,5748328808671300 ,-1.4508209 ,-8.706253 ,-4.273941 ,0 ,Acc ,9
3dd9e578dace13af ,5748328811058436 ,-1.484405 ,-8.652645 ,-4.333505 ,3 ,Acc ,1
3dd9e578dace13af ,5748328925455154 ,-1.3215994 ,-9.002198 ,-4.4005427 ,3 ,Acc ,1
3dd9e578dace13af ,5748329026056508 ,-1.283292 ,-8.662222 ,-4.0557775 ,3 ,Acc ,1
3dd9e578dace13af ,5748329150785935 ,-1.7477672 ,-8.537724 ,-4.477157 ,3 ,Acc ,1
3dd9e578dace13af ,5748329270821613 ,-1.2354081 ,-8.925584 ,-4.223372 ,3 ,Acc ,1
3dd9e578dace13af ,5748329370814217 ,-1.2401965 ,-8.714894 ,-4.0557775 ,3 ,Acc ,1
3dd9e578dace13af ,5748329471218019 ,-1.283292 ,-8.7532015 ,-4.477157 ,3 ,Acc ,1
3dd9e578dace13af ,5748329592281039 ,-1.4652514 ,-8.7053175 ,-4.3718123 ,3 ,Acc ,1
3dd9e578dace13af ,5748329692018175 ,-1.3311762 ,-8.772355 ,-4.414908 ,3 ,Acc ,1
3dd9e578dace13af ,5748329810272550 ,-1.4173675 ,-8.623915 ,-4.5154643 ,3 ,Acc ,1
3dd9e578dace13af ,5748329929759633 ,-1.1731589 ,-8.829816 ,-4.2760444 ,3 ,Acc ,1
3dd9e578dace13af ,5748330029024321 ,-1.3215994 ,-8.532935 ,-4.343082 ,3 ,Acc ,1
3dd9e578dace13af ,5748330132463539 ,-1.5753847 ,-8.571242 ,-4.7261543 ,3 ,Acc ,1
3dd9e578dace13af ,5748330249875623 ,-1.3263878 ,-8.844181 ,-4.6399627 ,3 ,Acc ,1
3dd9e578dace13af ,5748330352068748 ,-1.115698 ,-8.671799 ,-4.2425256 ,3 ,Acc ,1
3dd9e578dace13af ,5748330452946560 ,-1.292869 ,-8.37013 ,-4.4580035 ,3 ,Acc ,1
3dd9e578dace13af ,5748330529031352 ,-0.31253052 ,-0.24909973 ,-0.30187988 ,0 ,Acc ,10
3dd9e578dace13af ,5748330568711091 ,-1.6376339 ,-9.059659 ,-5.0757074 ,3 ,Acc ,1
3dd9e578dace13af ,5748330691629789 ,-1.2114661 ,-8.51857 ,-4.3718123 ,3 ,Acc ,1
3dd9e578dace13af ,5748330812863174 ,-1.0534488 ,-8.331821 ,-4.6782703 ,3 ,Acc ,1
3dd9e578dace13af ,5748330912951924 ,-1.0726024 ,-8.820239 ,-4.8745947 ,3 ,Acc ,1
3dd9e578dace13af ,5748331013356247 ,-1.5849615 ,-8.882488 ,-4.0892963 ,3 ,Acc ,1
3dd9e578dace13af ,5748331133524685 ,-1.1923125 ,-8.801085 ,-4.572925 ,3 ,Acc ,1
3dd9e578dace13af ,5748331233131143 ,-0.7517793 ,-8.432379 ,-4.7740383 ,3 ,Acc ,1
3dd9e578dace13af ,5748331333708643 ,-0.7182605 ,-9.045294 ,-4.831499 ,3 ,Acc ,1
3dd9e578dace13af ,5748331433169789 ,-1.3024458 ,-8.968679 ,-3.7493198 ,3 ,Acc ,1
3dd9e578dace13af ,5748331553376091 ,-1.6567876 ,-8.00621 ,-2.6384103 ,3 ,Acc ,1
3dd9e578dace13af ,5748331671129945 ,-1.0103531 ,-9.768343 ,-1.8770541 ,3 ,Acc ,1
3dd9e578dace13af ,5748331773164684 ,-1.0965444 ,-8.561666 ,-1.9536686 ,3 ,Acc ,1
3dd9e578dace13af ,5748331826433539 ,-1.5846252 ,-8.89888 ,-3.803833 ,0 ,Acc ,9
3dd9e578dace13af ,5748331888928643 ,-1.3934253 ,-9.624691 ,-4.453215 ,3 ,Acc ,1
3dd9e578dace13af ,5748331994407601 ,-1.2785037 ,-9.481039 ,-4.9703627 ,3 ,Acc ,1
