3dd9e578dace13af ,5753112342578327 ,-0.0471344 ,0.0665741 ,-9.806305 ,0 ,Acc ,9
3dd9e578dace13af ,5753114147467285 ,-1.2980042 ,4.999008 ,-8.33638 ,0 ,Acc ,9
3dd9e578dace13af ,5753114267055201 ,-1.4467468 ,4.6707153 ,-8.500687 ,0 ,Acc ,9
3dd9e578dace13af ,5753114383261347 ,-1.5869293 ,4.912903 ,-8.337585 ,0 ,Acc ,9
3dd9e578dace13af ,5753114483307284 ,-2.0028687 ,5.1423492 ,-8.106476 ,0 ,Acc ,9
3dd9e578dace13af ,5753114584725982 ,-2.4723358 ,4.621994 ,-8.288239 ,0 ,Acc ,9
3dd9e578dace13af ,5753114703172232 ,-2.6323395 ,5.3820953 ,-7.763626 ,0 ,Acc ,9
3dd9e578dace13af ,5753114761840201 ,2.7608032 ,-2.0343018 ,15.128433 ,0 ,Acc ,10
3dd9e578dace13af ,5753114865765045 ,2.2651367 ,-4.5413513 ,14.117889 ,0 ,Acc ,10
3dd9e578dace13af ,5753114986229107 ,1.250885 ,-4.964081 ,14.610245 ,0 ,Acc ,10
3dd9e578dace13af ,5753115105809159 ,1.7536469 ,-5.972046 ,11.692001 ,0 ,Acc ,10
3dd9e578dace13af ,5753115226595930 ,1.626297 ,-6.624542 ,8.529663 ,0 ,Acc ,10
3dd9e578dace13af ,5753115326163274 ,1.2707367 ,-6.1309357 ,6.003784 ,0 ,Acc ,10
3dd9e578dace13af ,5753115442540357 ,1.7307281 ,-5.1430206 ,5.460083 ,0 ,Acc ,10
3dd9e578dace13af ,5753115543892597 ,0.81448364 ,-3.4545135 ,5.543167 ,0 ,Acc ,10
3dd9e578dace13af ,5753115566115409 ,0.55963135 ,-0.025634766 ,-0.20123291 ,3 ,Acc ,15
3dd9e578dace13af ,5753115665332649 ,0.59088135 ,-0.06719971 ,-0.1831665 ,3 ,Acc ,15
3dd9e578dace13af ,5753115785546346 ,0.59661865 ,-0.090148926 ,-0.17163086 ,3 ,Acc ,15
3dd9e578dace13af ,5753115904897336 ,0.59576416 ,-0.09967041 ,-0.19317627 ,3 ,Acc ,15
3dd9e578dace13af ,5753116004319315 ,0.59277344 ,-0.10064697 ,-0.25109863 ,3 ,Acc ,15
3dd9e578dace13af ,5753116124508065 ,0.54125977 ,-0.08709717 ,-0.30810547 ,3 ,Acc ,15
3dd9e578dace13af ,5753116224939211 ,0.55548096 ,-0.0836792 ,-0.30316162 ,3 ,Acc ,15
3dd9e578dace13af ,5753116324710825 ,0.5491333 ,-0.07513428 ,-0.3015747 ,3 ,Acc ,15
3dd9e578dace13af ,5753116427627180 ,0.50909424 ,-0.070495605 ,-0.29858398 ,3 ,Acc ,15
3dd9e578dace13af ,5753116528649471 ,0.5075073 ,-0.057495117 ,-0.2868042 ,3 ,Acc ,15
3dd9e578dace13af ,5753116648638013 ,0.5012207 ,-0.027954102 ,-0.25268555 ,3 ,Acc ,15
3dd9e578dace13af ,5753116751821554 ,0.4981079 ,-0.0048828125 ,-0.2341919 ,3 ,Acc ,15
3dd9e578dace13af ,5753116851446815 ,0.48486328 ,0.0026855469 ,-0.2411499 ,3 ,Acc ,15
3dd9e578dace13af ,5753116952546138 ,0.47833252 ,5.493164E-4 ,-0.24865723 ,3 ,Acc ,15
3dd9e578dace13af ,5753117068841867 ,0.4649048 ,0.0022583008 ,-0.25457764 ,3 ,Acc ,15
3dd9e578dace13af ,5753117171435617 ,0.41973877 ,-0.0017089844 ,-0.26000977 ,3 ,Acc ,15
3dd9e578dace13af ,5753117272048585 ,0.348938 ,-0.008056641 ,-0.26513672 ,3 ,Acc ,15
3dd9e578dace13af ,5753117392223950 ,0.28649902 ,-0.013977051 ,-0.26867676 ,3 ,Acc ,15
3dd9e578dace13af ,5753117508306867 ,0.2434082 ,-0.017089844 ,-0.27246094 ,3 ,Acc ,15
3dd9e578dace13af ,5753117611916919 ,0.21600342 ,-0.018615723 ,-0.27404785 ,3 ,Acc ,15
3dd9e578dace13af ,5753117712580929 ,0.19525146 ,-0.020507813 ,-0.2748413 ,3 ,Acc ,15
3dd9e578dace13af ,5753117827973377 ,0.17926025 ,-0.02130127 ,-0.2753296 ,3 ,Acc ,15
3dd9e578dace13af ,5753117953475460 ,0.1697998 ,-0.02166748 ,-0.27545166 ,3 ,Acc ,15
3dd9e578dace13af ,5753118071436658 ,0.16381836 ,-0.022094727 ,-0.27557373 ,3 ,Acc ,15
3dd9e578dace13af ,5753118172223846 ,0.16064453 ,-0.022338867 ,-0.27563477 ,3 ,Acc ,15
3dd9e578dace13af ,5753118272742856 ,0.15771484 ,-0.021911621 ,-0.27563477 ,3 ,Acc ,15
3dd9e578dace13af ,5753118368664470 ,0.0 ,-0.03186035 ,0.083898924 ,3 ,Acc ,4
3dd9e578dace13af ,5753118388318950 ,0.15441895 ,-0.021972656 ,-0.2756958 ,3 ,Acc ,15
3dd9e578dace13af ,5753118490409470 ,0.15264893 ,-0.02178955 ,-0.2756958 ,3 ,Acc ,15
3dd9e578dace13af ,5753118546975408 ,0.062683105 ,-0.20881653 ,0.18502808 ,0 ,Acc ,10
3dd9e578dace13af ,5753118608623377 ,0.15118408 ,-0.021911621 ,-0.27575684 ,3 ,Acc ,15
3dd9e578dace13af ,5753118709947231 ,0.14788818 ,-0.016601563 ,-0.27575684 ,3 ,Acc ,15
3dd9e578dace13af ,5753118811816241 ,0.091796875 ,0.039123535 ,-0.28881836 ,3 ,Acc ,15
3dd9e578dace13af ,5753118912182127 ,0.048339844 ,0.0960083 ,-0.30187988 ,3 ,Acc ,15
3dd9e578dace13af ,5753119028536814 ,0.03717041 ,0.12896729 ,-0.30041504 ,3 ,Acc ,15
3dd9e578dace13af ,5753119131448012 ,0.043518066 ,0.15533447 ,-0.2942505 ,3 ,Acc ,15
3dd9e578dace13af ,5753119250536814 ,0.03930664 ,0.21765137 ,-0.2942505 ,3 ,Acc ,15
3dd9e578dace13af ,5753119355406970 ,0.08074951 ,0.2855835 ,-0.32061768 ,3 ,Acc ,15
3dd9e578dace13af ,5753119470432178 ,-0.030334473 ,0.442688 ,-0.33154297 ,3 ,Acc ,15
3dd9e578dace13af ,5753119572462230 ,-0.3657837 ,0.66522217 ,-0.10107422 ,3 ,Acc ,15
3dd9e578dace13af ,5753119671985720 ,-0.26660156 ,0.6184082 ,-0.21026611 ,3 ,Acc ,15
3dd9e578dace13af ,5753119774694991 ,-0.1149292 ,0.41693115 ,-0.39715576 ,3 ,Acc ,15
3dd9e578dace13af ,5753119875070824 ,-0.024475098 ,0.23345947 ,-0.5327759 ,3 ,Acc ,15
3dd9e578dace13af ,5753119992142543 ,-0.0071411133 ,0.09991455 ,-0.6220703 ,3 ,Acc ,15
3dd9e578dace13af ,5753120110398116 ,0.0015869141 ,-0.037841797 ,-0.65167236 ,3 ,Acc ,15
3dd9e578dace13af ,5753120213743897 ,0.006164551 ,-0.1383667 ,-0.6532593 ,3 ,Acc ,15
3dd9e578dace13af ,5753120313743480 ,0.030029297 ,-0.20233154 ,-0.63238525 ,3 ,Acc ,15
3dd9e578dace13af ,5753120429993688 ,0.032714844 ,-0.19482422 ,-0.62542725 ,3 ,Acc ,15
3dd9e578dace13af ,5753120530573324 ,-0.0423584 ,-0.037841797 ,-0.6442261 ,3 ,Acc ,15
3dd9e578dace13af ,5753120631491813 ,-0.29504395 ,0.28118896 ,-0.5567627 ,3 ,Acc ,15
3dd9e578dace13af ,5753120750920407 ,-0.4210205 ,0.399292 ,-0.46594238 ,3 ,Acc ,15
3dd9e578dace13af ,5753120854175772 ,-0.46429443 ,0.3847046 ,-0.43206787 ,3 ,Acc ,15
3dd9e578dace13af ,5753120955140251 ,-0.4570923 ,0.36975098 ,-0.40301514 ,3 ,Acc ,15
3dd9e578dace13af ,5753121075983844 ,-0.40789795 ,0.40997314 ,-0.36309814 ,3 ,Acc ,15
3dd9e578dace13af ,5753121196438324 ,-0.3435669 ,0.4720459 ,-0.3085327 ,3 ,Acc ,15
3dd9e578dace13af ,5753121313428011 ,-0.28460693 ,0.5050659 ,-0.27703857 ,3 ,Acc ,15
3dd9e578dace13af ,5753121376465146 ,0.44604492 ,0.07646485 ,0.5150757 ,3 ,Acc ,4
3dd9e578dace13af ,5753121431400407 ,-0.25390625 ,0.5112915 ,-0.27441406 ,3 ,Acc ,15
3dd9e578dace13af ,5753121535613844 ,-0.24133301 ,0.51971436 ,-0.28131104 ,3 ,Acc ,15
3dd9e578dace13af ,5753121550771292 ,-0.16415405 ,-0.74194336 ,0.16085815 ,0 ,Acc ,10
3dd9e578dace13af ,5753121652865250 ,-0.21343994 ,0.5363159 ,-0.28448486 ,3 ,Acc ,15
3dd9e578dace13af ,5753121776028167 ,-0.1864624 ,0.5645752 ,-0.29162598 ,3 ,Acc ,15
3dd9e578dace13af ,5753121896474417 ,-0.12371826 ,0.5883179 ,-0.2909546 ,3 ,Acc ,15
3dd9e578dace13af ,5753121995620771 ,-0.079833984 ,0.62316895 ,-0.26953125 ,3 ,Acc ,15
3dd9e578dace13af ,5753122096607438 ,-0.03491211 ,0.6409912 ,-0.26617432 ,3 ,Acc ,15
3dd9e578dace13af ,5753122196672802 ,-0.003967285 ,0.65112305 ,-0.265625 ,3 ,Acc ,15
3dd9e578dace13af ,5753122296040719 ,0.0040893555 ,0.65802 ,-0.25933838 ,3 ,Acc ,15
3dd9e578dace13af ,5753122395942594 ,-0.0024414063 ,0.65270996 ,-0.2637329 ,3 ,Acc ,15
3dd9e578dace13af ,5753122515803011 ,-0.0048828125 ,0.6459961 ,-0.27062988 ,3 ,Acc ,15
3dd9e578dace13af ,5753122617252958 ,-0.0043945313 ,0.64331055 ,-0.2736206 ,3 ,Acc ,15
3dd9e578dace13af ,5753122736957073 ,-0.0026855469 ,0.6402588 ,-0.2744751 ,3 ,Acc ,15
3dd9e578dace13af ,5753122838316760 ,0.0020751953 ,0.6359863 ,-0.27618408 ,3 ,Acc ,15
3dd9e578dace13af ,5753122955204781 ,0.00592041 ,0.63049316 ,-0.27850342 ,3 ,Acc ,15
3dd9e578dace13af ,5753123057478062 ,0.003540039 ,0.6300049 ,-0.2770996 ,3 ,Acc ,15
3dd9e578dace13af ,5753123158683479 ,0.0040283203 ,0.6298218 ,-0.27575684 ,3 ,Acc ,15
3dd9e578dace13af ,5753123258023896 ,0.0063476563 ,0.62957764 ,-0.2734375 ,3 ,Acc ,15
3dd9e578dace13af ,5753123358327125 ,0.010681152 ,0.62646484 ,-0.27441406 ,3 ,Acc ,15
3dd9e578dace13af ,5753123458256864 ,0.014404297 ,0.62524414 ,-0.27581787 ,3 ,Acc ,15
3dd9e578dace13af ,5753123560032750 ,0.01550293 ,0.6264038 ,-0.27471924 ,3 ,Acc ,15
3dd9e578dace13af ,5753123673199260 ,0.016174316 ,0.6260376 ,-0.2750244 ,3 ,Acc ,15
3dd9e578dace13af ,5753123777731864 ,0.015319824 ,0.6255493 ,-0.27471924 ,3 ,Acc ,15
3dd9e578dace13af ,5753123879432906 ,0.013549805 ,0.62561035 ,-0.2738037 ,3 ,Acc ,15
3dd9e578dace13af ,5753123999409781 ,0.0138549805 ,0.6241455 ,-0.27453613 ,3 ,Acc ,15
3dd9e578dace13af ,5753124119720822 ,0.012634277 ,0.6229248 ,-0.27423096 ,3 ,Acc ,15
3dd9e578dace13af ,5753124219059260 ,0.009887695 ,0.62158203 ,-0.27441406 ,3 ,Acc ,15
3dd9e578dace13af ,5753124338504520 ,0.0068359375 ,0.61932373 ,-0.27520752 ,3 ,Acc ,15
3dd9e578dace13af ,5753124400663062 ,0.0010620117 ,-0.07752686 ,0.08283692 ,3 ,Acc ,4
3dd9e578dace13af ,5753124453490145 ,0.005859375 ,0.6170654 ,-0.2758789 ,3 ,Acc ,15
3dd9e578dace13af ,5753124556335249 ,0.005126953 ,0.61657715 ,-0.27545166 ,3 ,Acc ,15
3dd9e578dace13af ,5753124555169624 ,-0.005935669 ,0.036621094 ,0.055511475 ,0 ,Acc ,10
3dd9e578dace13af ,5753124659539312 ,0.0045776367 ,0.6156616 ,-0.27526855 ,3 ,Acc ,15
3dd9e578dace13af ,5753124761235041 ,0.0036010742 ,0.6152954 ,-0.27435303 ,3 ,Acc ,15
3dd9e578dace13af ,5753124878910353 ,0.0031738281 ,0.6151123 ,-0.2738037 ,3 ,Acc ,15
3dd9e578dace13af ,5753124978486135 ,-2.4414063E-4 ,0.6132202 ,-0.272583 ,3 ,Acc ,15
3dd9e578dace13af ,5753125078632905 ,-7.9345703E-4 ,0.6090088 ,-0.27392578 ,3 ,Acc ,15
3dd9e578dace13af ,5753125180301187 ,2.4414063E-4 ,0.6067505 ,-0.27514648 ,3 ,Acc ,15
3dd9e578dace13af ,5753125300391916 ,-4.8828125E-4 ,0.6066284 ,-0.2746582 ,3 ,Acc ,15
3dd9e578dace13af ,5753125420398999 ,-0.0026855469 ,0.60443115 ,-0.27398682 ,3 ,Acc ,15
3dd9e578dace13af ,5753125521063634 ,-0.021911621 ,0.595459 ,-0.27575684 ,3 ,Acc ,15
3dd9e578dace13af ,5753125639461655 ,-0.18139648 ,0.545105 ,-0.24633789 ,3 ,Acc ,15
3dd9e578dace13af ,5753125740284416 ,-0.29760742 ,0.4440918 ,-0.2571411 ,3 ,Acc ,15
3dd9e578dace13af ,5753125841435718 ,-0.40185547 ,0.3690796 ,-0.26220703 ,3 ,Acc ,15
3dd9e578dace13af ,5753125959105718 ,-0.46984863 ,0.30999756 ,-0.2850952 ,3 ,Acc ,15
3dd9e578dace13af ,5753126061041759 ,-0.4630127 ,0.26916504 ,-0.31835938 ,3 ,Acc ,15
3dd9e578dace13af ,5753126162808478 ,-0.47912598 ,0.25360107 ,-0.33514404 ,3 ,Acc ,15
3dd9e578dace13af ,5753126618030197 ,-0.46765137 ,0.23999023 ,-0.35577393 ,3 ,Acc ,15
3dd9e578dace13af ,5753127419915925 ,-0.8931519 ,0.053100586 ,-0.16779785 ,3 ,Acc ,4
3dd9e578dace13af ,5753127479616186 ,-0.46081543 ,0.24414063 ,-0.34399414 ,3 ,Acc ,15
3dd9e578dace13af ,5753127557415821 ,0.50094604 ,0.6731262 ,0.70043945 ,0 ,Acc ,10
3dd9e578dace13af ,5753127598460769 ,-0.4459839 ,0.2512207 ,-0.34222412 ,3 ,Acc ,15
3dd9e578dace13af ,5753127700406967 ,-0.4545288 ,0.24633789 ,-0.34747314 ,3 ,Acc ,15
3dd9e578dace13af ,5753127800476811 ,-0.4588623 ,0.27093506 ,-0.34210205 ,3 ,Acc ,15
3dd9e578dace13af ,5753127903003061 ,-0.45233154 ,0.26409912 ,-0.3461914 ,3 ,Acc ,15
3dd9e578dace13af ,5753128003714623 ,-0.45739746 ,0.27478027 ,-0.3441162 ,3 ,Acc ,15
3dd9e578dace13af ,5753128103169831 ,-0.44024658 ,0.2637329 ,-0.347229 ,3 ,Acc ,15
3dd9e578dace13af ,5753128223305873 ,-0.46264648 ,0.28155518 ,-0.34625244 ,3 ,Acc ,15
3dd9e578dace13af ,5753128324061342 ,-0.45440674 ,0.28900146 ,-0.34936523 ,3 ,Acc ,15
3dd9e578dace13af ,5753128444334779 ,-0.4533081 ,0.27954102 ,-0.36102295 ,3 ,Acc ,15
3dd9e578dace13af ,5753128561629935 ,-0.4368286 ,0.2677002 ,-0.36657715 ,3 ,Acc ,15
3dd9e578dace13af ,5753128684548321 ,-0.4609375 ,0.31518555 ,-0.36694336 ,3 ,Acc ,15
3dd9e578dace13af ,5753128801401810 ,-0.44683838 ,0.30926514 ,-0.3614502 ,3 ,Acc ,15
3dd9e578dace13af ,5753128920729466 ,-0.45343018 ,0.2935791 ,-0.368042 ,3 ,Acc ,15
3dd9e578dace13af ,5753129023695821 ,-0.4605713 ,0.31817627 ,-0.36480713 ,3 ,Acc ,15
3dd9e578dace13af ,5753129140361914 ,-0.45269775 ,0.31585693 ,-0.37158203 ,3 ,Acc ,15
3dd9e578dace13af ,5753129245038737 ,-0.44781494 ,0.31463623 ,-0.37286377 ,3 ,Acc ,15
3dd9e578dace13af ,5753129366245456 ,-0.43041992 ,0.30651855 ,-0.37512207 ,3 ,Acc ,15
3dd9e578dace13af ,5753129485927331 ,-0.45092773 ,0.30578613 ,-0.37548828 ,3 ,Acc ,15
3dd9e578dace13af ,5753129602751654 ,-0.44366455 ,0.3182373 ,-0.3718872 ,3 ,Acc ,15
3dd9e578dace13af ,5753129704949779 ,-0.4494629 ,0.31158447 ,-0.37841797 ,3 ,Acc ,15
3dd9e578dace13af ,5753129821615872 ,-0.4533081 ,0.32733154 ,-0.3760376 ,3 ,Acc ,15
3dd9e578dace13af ,5753129923456862 ,-0.45074463 ,0.3239746 ,-0.37976074 ,3 ,Acc ,15
3dd9e578dace13af ,5753130045234154 ,-0.45269775 ,0.33239746 ,-0.38848877 ,3 ,Acc ,15
3dd9e578dace13af ,5753130166835195 ,-0.43554688 ,0.3215332 ,-0.38848877 ,3 ,Acc ,15
3dd9e578dace13af ,5753130286354414 ,-0.43920898 ,0.32061768 ,-0.3944702 ,3 ,Acc ,15
3dd9e578dace13af ,5753130406354310 ,-0.4072876 ,0.28570557 ,-0.40350342 ,3 ,Acc ,15
3dd9e578dace13af ,5753130421989101 ,-0.55543214 ,0.817749 ,-0.14337158 ,3 ,Acc ,4
3dd9e578dace13af ,5753130526005872 ,-0.34631348 ,0.29327393 ,-0.43023682 ,3 ,Acc ,15
3dd9e578dace13af ,5753130560369935 ,0.742157 ,-0.6288605 ,-0.29658508 ,0 ,Acc ,10
3dd9e578dace13af ,5753130640831497 ,-0.27331543 ,0.2861328 ,-0.4286499 ,3 ,Acc ,15
3dd9e578dace13af ,5753130740767070 ,-0.32537842 ,0.319458 ,-0.40386963 ,3 ,Acc ,15
3dd9e578dace13af ,5753130842003893 ,-0.3359375 ,0.30010986 ,-0.40130615 ,3 ,Acc ,15
3dd9e578dace13af ,5753130946281601 ,-0.29144287 ,0.25427246 ,-0.4371338 ,3 ,Acc ,15
3dd9e578dace13af ,5753131046043528 ,-0.21710205 ,0.18011475 ,-0.45056152 ,3 ,Acc ,15
3dd9e578dace13af ,5753131146492747 ,-0.18322754 ,0.13287354 ,-0.4446411 ,3 ,Acc ,15
3dd9e578dace13af ,5753131247169413 ,-0.19897461 ,0.15100098 ,-0.44586182 ,3 ,Acc ,15
3dd9e578dace13af ,5753131365224466 ,-0.20336914 ,0.15014648 ,-0.44702148 ,3 ,Acc ,15
3dd9e578dace13af ,5753131466922382 ,-0.2000122 ,0.12976074 ,-0.44921875 ,3 ,Acc ,15
3dd9e578dace13af ,5753131567383997 ,-0.20739746 ,0.1375122 ,-0.45074463 ,3 ,Acc ,15
3dd9e578dace13af ,5753131667040299 ,-0.21136475 ,0.13140869 ,-0.45385742 ,3 ,Acc ,15
3dd9e578dace13af ,5753131768847070 ,-0.22045898 ,0.14038086 ,-0.4590454 ,3 ,Acc ,15
3dd9e578dace13af ,5753131885787538 ,-0.22747803 ,0.14666748 ,-0.46209717 ,3 ,Acc ,15
3dd9e578dace13af ,5753131987294309 ,-0.22283936 ,0.14233398 ,-0.46276855 ,3 ,Acc ,15
3dd9e578dace13af ,5753132088023163 ,-0.21026611 ,0.13562012 ,-0.4661255 ,3 ,Acc ,15
3dd9e578dace13af ,5753132202354153 ,-0.19561768 ,0.1274414 ,-0.4852295 ,3 ,Acc ,15
3dd9e578dace13af ,5753132302638684 ,-0.18829346 ,0.12792969 ,-0.49163818 ,3 ,Acc ,15
3dd9e578dace13af ,5753132408318580 ,-0.18493652 ,0.12585449 ,-0.49194336 ,3 ,Acc ,15
