3dd9e578dace13af ,5745569145017398 ,-0.024475098 ,-0.37602234 ,0.05657959 ,0 ,Acc ,10
3dd9e578dace13af ,5745569626664845 ,-0.02053833 ,-0.20727539 ,-0.028945923 ,0 ,Acc ,10
3dd9e578dace13af ,5745569727422137 ,0.019546509 ,0.001449585 ,0.042053223 ,0 ,Acc ,10
3dd9e578dace13af ,5745569829313387 ,-0.06135559 ,-0.2103424 ,0.09159851 ,0 ,Acc ,10
3dd9e578dace13af ,5745569949346147 ,-0.031539917 ,-0.22164917 ,0.059173584 ,0 ,Acc ,10
3dd9e578dace13af ,5745570066990366 ,-0.030670166 ,-0.14170837 ,-0.0010223389 ,0 ,Acc ,10
3dd9e578dace13af ,5745570107399533 ,0.5352173 ,0.24719238 ,-0.7022095 ,3 ,Acc ,15
3dd9e578dace13af ,5745570210668595 ,0.53356934 ,0.24938965 ,-0.70233154 ,3 ,Acc ,15
3dd9e578dace13af ,5745570331180730 ,0.5315552 ,0.25006104 ,-0.70477295 ,3 ,Acc ,15
3dd9e578dace13af ,5745570434386043 ,0.52923584 ,0.2487793 ,-0.7091675 ,3 ,Acc ,15
3dd9e578dace13af ,5745570550430991 ,0.5216675 ,0.24572754 ,-0.7200928 ,3 ,Acc ,15
3dd9e578dace13af ,5745570652675678 ,0.50683594 ,0.25238037 ,-0.7272339 ,3 ,Acc ,15
3dd9e578dace13af ,5745570752733074 ,0.5075073 ,0.24700928 ,-0.7279053 ,3 ,Acc ,15
3dd9e578dace13af ,5745570853711668 ,0.4984131 ,0.25238037 ,-0.72979736 ,3 ,Acc ,15
3dd9e578dace13af ,5745570974651095 ,0.4866333 ,0.22357178 ,-0.75341797 ,3 ,Acc ,15
3dd9e578dace13af ,5745571093131095 ,0.45135498 ,0.22717285 ,-0.76483154 ,3 ,Acc ,15
3dd9e578dace13af ,5745571211728126 ,0.34588623 ,0.33099365 ,-0.7269287 ,3 ,Acc ,15
3dd9e578dace13af ,5745571313980157 ,0.2411499 ,0.40930176 ,-0.66296387 ,3 ,Acc ,15
3dd9e578dace13af ,5745571433200001 ,0.14434814 ,0.4609375 ,-0.5921631 ,3 ,Acc ,15
3dd9e578dace13af ,5745571532548803 ,0.1427002 ,0.4453125 ,-0.59210205 ,3 ,Acc ,15
3dd9e578dace13af ,5745571632611928 ,0.15393066 ,0.44281006 ,-0.58740234 ,3 ,Acc ,15
3dd9e578dace13af ,5745571734776667 ,0.17773438 ,0.42834473 ,-0.60058594 ,3 ,Acc ,15
3dd9e578dace13af ,5745571851261303 ,0.20806885 ,0.41064453 ,-0.6104126 ,3 ,Acc ,15
3dd9e578dace13af ,5745572172299167 ,0.11016846 ,0.48760986 ,-0.5847168 ,3 ,Acc ,15
3dd9e578dace13af ,5745572172994167 ,-7.896077 ,-4.9176903 ,4.630386 ,3 ,Acc ,1
3dd9e578dace13af ,5745572290228490 ,0.07531738 ,0.5010376 ,-0.60839844 ,3 ,Acc ,15
3dd9e578dace13af ,5745572410348907 ,0.0859375 ,0.49926758 ,-0.6273804 ,3 ,Acc ,15
3dd9e578dace13af ,5745572515644375 ,0.12640381 ,0.4902954 ,-0.6526489 ,3 ,Acc ,15
3dd9e578dace13af ,5745572616363386 ,0.15838623 ,0.51519775 ,-0.6621094 ,3 ,Acc ,15
3dd9e578dace13af ,5745572730716771 ,0.16687012 ,0.5410156 ,-0.6715088 ,3 ,Acc ,15
3dd9e578dace13af ,5745572836427813 ,0.15130615 ,0.57440186 ,-0.6637573 ,3 ,Acc ,15
3dd9e578dace13af ,5745572952199427 ,0.13787842 ,0.59484863 ,-0.66400146 ,3 ,Acc ,15
3dd9e578dace13af ,5745573051975938 ,0.1404419 ,0.5988159 ,-0.6743164 ,3 ,Acc ,15
3dd9e578dace13af ,5745573069521406 ,-0.5175476 ,-0.25170898 ,-0.50112915 ,0 ,Acc ,10
3dd9e578dace13af ,5745573174344167 ,0.09387207 ,0.63464355 ,-0.664978 ,3 ,Acc ,15
3dd9e578dace13af ,5745573273618854 ,0.04815674 ,0.68670654 ,-0.6422119 ,3 ,Acc ,15
3dd9e578dace13af ,5745573396566979 ,0.03161621 ,0.7602539 ,-0.59472656 ,3 ,Acc ,15
3dd9e578dace13af ,5745573497276198 ,0.04510498 ,0.7523804 ,-0.61102295 ,3 ,Acc ,15
3dd9e578dace13af ,5745573617416667 ,-0.005554199 ,0.75653076 ,-0.6149292 ,3 ,Acc ,15
3dd9e578dace13af ,5745573736125469 ,-0.28466797 ,0.7137451 ,-0.5529785 ,3 ,Acc ,15
3dd9e578dace13af ,5745573837107552 ,-0.17504883 ,0.6555176 ,-0.64624023 ,3 ,Acc ,15
3dd9e578dace13af ,5745573955001667 ,-0.031555176 ,0.5583496 ,-0.7877197 ,3 ,Acc ,15
3dd9e578dace13af ,5745574058056979 ,-0.033996582 ,0.5397949 ,-0.8041382 ,3 ,Acc ,15
3dd9e578dace13af ,5745574176423750 ,-0.02960205 ,0.47338867 ,-0.8449707 ,3 ,Acc ,15
3dd9e578dace13af ,5745574296244739 ,0.005065918 ,0.4451294 ,-0.86639404 ,3 ,Acc ,15
3dd9e578dace13af ,5745574397716823 ,0.0024414063 ,0.4338379 ,-0.881958 ,3 ,Acc ,15
3dd9e578dace13af ,5745574498190312 ,3.6621094E-4 ,0.44049072 ,-0.88391113 ,3 ,Acc ,15
3dd9e578dace13af ,5745574613808125 ,-0.03137207 ,0.45733643 ,-0.8726196 ,3 ,Acc ,15
3dd9e578dace13af ,5745574718228437 ,-0.04156494 ,0.4413452 ,-0.8790283 ,3 ,Acc ,15
3dd9e578dace13af ,5745574818785781 ,-0.02142334 ,0.4138794 ,-0.89141846 ,3 ,Acc ,15
3dd9e578dace13af ,5745574918230416 ,-0.020629883 ,0.4243164 ,-0.88812256 ,3 ,Acc ,15
3dd9e578dace13af ,5745575035535989 ,-0.010925293 ,0.41107178 ,-0.8966675 ,3 ,Acc ,15
3dd9e578dace13af ,5745575139077291 ,-0.008239746 ,0.40100098 ,-0.90063477 ,3 ,Acc ,15
3dd9e578dace13af ,5745575176996406 ,-0.92416185 ,-7.144298 ,6.8761473 ,3 ,Acc ,1
3dd9e578dace13af ,5745575259066093 ,-0.006164551 ,0.39190674 ,-0.904541 ,3 ,Acc ,15
3dd9e578dace13af ,5745575373509895 ,-0.0064697266 ,0.3899536 ,-0.9053955 ,3 ,Acc ,15
3dd9e578dace13af ,5745575474383437 ,-0.020263672 ,0.3988037 ,-0.90234375 ,3 ,Acc ,15
3dd9e578dace13af ,5745575579587135 ,-0.020629883 ,0.3977661 ,-0.9030762 ,3 ,Acc ,15
3dd9e578dace13af ,5745575695260572 ,-0.020385742 ,0.38867188 ,-0.90649414 ,3 ,Acc ,15
3dd9e578dace13af ,5745575819831458 ,-0.01965332 ,0.39349365 ,-0.90441895 ,3 ,Acc ,15
3dd9e578dace13af ,5745575939627760 ,-0.025939941 ,0.413208 ,-0.89642334 ,3 ,Acc ,15
3dd9e578dace13af ,5745576039774895 ,-0.011962891 ,0.40393066 ,-0.901062 ,3 ,Acc ,15
3dd9e578dace13af ,5745576074986197 ,-0.7931061 ,-0.19407654 ,-0.67884827 ,0 ,Acc ,10
3dd9e578dace13af ,5745576139591718 ,-0.016418457 ,0.401062 ,-0.9026489 ,3 ,Acc ,15
3dd9e578dace13af ,5745576257773124 ,-0.016235352 ,0.4013672 ,-0.90216064 ,3 ,Acc ,15
3dd9e578dace13af ,5745576359366353 ,-0.014160156 ,0.38842773 ,-0.907959 ,3 ,Acc ,15
3dd9e578dace13af ,5745576460498124 ,-0.015686035 ,0.38433838 ,-0.9094238 ,3 ,Acc ,15
3dd9e578dace13af ,5745576560125155 ,-0.016784668 ,0.37646484 ,-0.91290283 ,3 ,Acc ,15
3dd9e578dace13af ,5745576660357499 ,-0.018676758 ,0.3748169 ,-0.9135132 ,3 ,Acc ,15
3dd9e578dace13af ,5745576780911457 ,-0.0178833 ,0.37799072 ,-0.9121704 ,3 ,Acc ,15
3dd9e578dace13af ,5745576880411926 ,-0.018920898 ,0.37750244 ,-0.9119873 ,3 ,Acc ,15
3dd9e578dace13af ,5745576982509009 ,-0.016235352 ,0.37231445 ,-0.9147339 ,3 ,Acc ,15
3dd9e578dace13af ,5745577101258020 ,-0.013305664 ,0.375 ,-0.9147949 ,3 ,Acc ,15
3dd9e578dace13af ,5745577223225467 ,-0.014038086 ,0.37573242 ,-0.91363525 ,3 ,Acc ,15
3dd9e578dace13af ,5745577340150155 ,-0.015563965 ,0.3764038 ,-0.91308594 ,3 ,Acc ,15
3dd9e578dace13af ,5745577459090415 ,-0.016906738 ,0.37652588 ,-0.9127197 ,3 ,Acc ,15
3dd9e578dace13af ,5745577558603384 ,-0.01763916 ,0.37609863 ,-0.91308594 ,3 ,Acc ,15
3dd9e578dace13af ,5745577660533488 ,-0.015686035 ,0.38238525 ,-0.91015625 ,3 ,Acc ,15
3dd9e578dace13af ,5745577781096717 ,-0.018371582 ,0.37780762 ,-0.9121094 ,3 ,Acc ,15
3dd9e578dace13af ,5745577900510415 ,-0.020629883 ,0.38531494 ,-0.90893555 ,3 ,Acc ,15
3dd9e578dace13af ,5745578001644061 ,-0.020935059 ,0.3876953 ,-0.9078369 ,3 ,Acc ,15
3dd9e578dace13af ,5745578100999998 ,-0.022949219 ,0.3812256 ,-0.91052246 ,3 ,Acc ,15
3dd9e578dace13af ,5745578179152446 ,-1.292869 ,-6.5361705 ,7.311892 ,3 ,Acc ,1
3dd9e578dace13af ,5745578216649061 ,-0.021728516 ,0.37976074 ,-0.9113159 ,3 ,Acc ,15
3dd9e578dace13af ,5745578321995936 ,-0.022644043 ,0.3815918 ,-0.91033936 ,3 ,Acc ,15
3dd9e578dace13af ,5745578424582498 ,-0.024291992 ,0.380188 ,-0.9109497 ,3 ,Acc ,15
3dd9e578dace13af ,5745578536943644 ,-0.026306152 ,0.37994385 ,-0.91082764 ,3 ,Acc ,15
3dd9e578dace13af ,5745578637211613 ,-0.02734375 ,0.3803711 ,-0.91052246 ,3 ,Acc ,15
3dd9e578dace13af ,5745578744866404 ,-0.026367188 ,0.3788452 ,-0.9112549 ,3 ,Acc ,15
3dd9e578dace13af ,5745578859637915 ,-0.027038574 ,0.3776245 ,-0.9119873 ,3 ,Acc ,15
3dd9e578dace13af ,5745578962787498 ,-0.024475098 ,0.3735962 ,-0.914917 ,3 ,Acc ,15
3dd9e578dace13af ,5745579062759217 ,-0.027404785 ,0.37628174 ,-0.9135132 ,3 ,Acc ,15
3dd9e578dace13af ,5745579096390519 ,0.0073394775 ,-0.02885437 ,0.051712036 ,0 ,Acc ,10
3dd9e578dace13af ,5745579179977185 ,-0.025390625 ,0.3805542 ,-0.9116821 ,3 ,Acc ,15
3dd9e578dace13af ,5745579280577915 ,-0.02331543 ,0.38311768 ,-0.91033936 ,3 ,Acc ,15
3dd9e578dace13af ,5745579382751092 ,-0.024291992 ,0.38061523 ,-0.911438 ,3 ,Acc ,15
3dd9e578dace13af ,5745579501301196 ,-0.031188965 ,0.37994385 ,-0.91204834 ,3 ,Acc ,15
3dd9e578dace13af ,5745579623991716 ,-0.032592773 ,0.38061523 ,-0.9110718 ,3 ,Acc ,15
3dd9e578dace13af ,5745579741085831 ,-0.033447266 ,0.38067627 ,-0.9108887 ,3 ,Acc ,15
3dd9e578dace13af ,5745579845175414 ,-0.030090332 ,0.36993408 ,-0.916687 ,3 ,Acc ,15
3dd9e578dace13af ,5745579959016091 ,-0.031066895 ,0.37719727 ,-0.9137573 ,3 ,Acc ,15
3dd9e578dace13af ,5745580061754529 ,-0.030822754 ,0.37957764 ,-0.9123535 ,3 ,Acc ,15
3dd9e578dace13af ,5745580179576143 ,-0.02722168 ,0.3791504 ,-0.91290283 ,3 ,Acc ,15
3dd9e578dace13af ,5745580304781039 ,-0.031433105 ,0.37835693 ,-0.9130249 ,3 ,Acc ,15
3dd9e578dace13af ,5745580425057602 ,-0.032043457 ,0.37854004 ,-0.9127197 ,3 ,Acc ,15
3dd9e578dace13af ,5745580544096612 ,-0.031433105 ,0.3776245 ,-0.91290283 ,3 ,Acc ,15
3dd9e578dace13af ,5745580662800518 ,-0.03277588 ,0.37573242 ,-0.9135742 ,3 ,Acc ,15
3dd9e578dace13af ,5745580763426612 ,-0.03479004 ,0.37921143 ,-0.9118042 ,3 ,Acc ,15
3dd9e578dace13af ,5745580865285987 ,-0.037353516 ,0.37872314 ,-0.91204834 ,3 ,Acc ,15
3dd9e578dace13af ,5745580985480883 ,-0.0368042 ,0.37597656 ,-0.91308594 ,3 ,Acc ,15
3dd9e578dace13af ,5745581101868591 ,-0.03729248 ,0.37316895 ,-0.9142456 ,3 ,Acc ,15
3dd9e578dace13af ,5745581185052705 ,-0.29209262 ,-6.564901 ,7.359776 ,3 ,Acc ,1
3dd9e578dace13af ,5745581219890883 ,-0.036621094 ,0.36669922 ,-0.91656494 ,3 ,Acc ,15
3dd9e578dace13af ,5745581325100310 ,-0.03704834 ,0.36639404 ,-0.916626 ,3 ,Acc ,15
3dd9e578dace13af ,5745581440252028 ,-0.037719727 ,0.36547852 ,-0.91693115 ,3 ,Acc ,15
3dd9e578dace13af ,5745581545469737 ,-0.036071777 ,0.35668945 ,-0.9209595 ,3 ,Acc ,15
3dd9e578dace13af ,5745581661516768 ,-0.036376953 ,0.36328125 ,-0.9194336 ,3 ,Acc ,15
3dd9e578dace13af ,5745581761160414 ,-0.037597656 ,0.3652954 ,-0.91845703 ,3 ,Acc ,15
3dd9e578dace13af ,5745581865427445 ,-0.037109375 ,0.36688232 ,-0.9177246 ,3 ,Acc ,15
3dd9e578dace13af ,5745581983575518 ,-0.03845215 ,0.36883545 ,-0.9168701 ,3 ,Acc ,15
3dd9e578dace13af ,5745582106623122 ,-0.037963867 ,0.3668213 ,-0.91778564 ,3 ,Acc ,15
3dd9e578dace13af ,5745582103307601 ,0.06599426 ,0.09513855 ,0.1186676 ,0 ,Acc ,10
3dd9e578dace13af ,5745582226569945 ,-0.03942871 ,0.36517334 ,-0.918396 ,3 ,Acc ,15
3dd9e578dace13af ,5745582343824632 ,-0.03967285 ,0.36639404 ,-0.91778564 ,3 ,Acc ,15
3dd9e578dace13af ,5745582447644840 ,-0.040405273 ,0.36645508 ,-0.9178467 ,3 ,Acc ,15
3dd9e578dace13af ,5745582562240257 ,-0.039245605 ,0.3678589 ,-0.9171753 ,3 ,Acc ,15
3dd9e578dace13af ,5745582662476299 ,-0.039123535 ,0.36706543 ,-0.9180298 ,3 ,Acc ,15
3dd9e578dace13af ,5745582766261663 ,-0.042663574 ,0.37200928 ,-0.91625977 ,3 ,Acc ,15
3dd9e578dace13af ,5745582867468694 ,-0.043762207 ,0.38409424 ,-0.9112549 ,3 ,Acc ,15
3dd9e578dace13af ,5745582984897392 ,-0.042236328 ,0.37677002 ,-0.9143677 ,3 ,Acc ,15
3dd9e578dace13af ,5745583107709840 ,-0.043884277 ,0.37854004 ,-0.9135742 ,3 ,Acc ,15
3dd9e578dace13af ,5745583225145257 ,-0.044677734 ,0.3788452 ,-0.9133911 ,3 ,Acc ,15
3dd9e578dace13af ,5745583327370830 ,-0.0435791 ,0.3729248 ,-0.91589355 ,3 ,Acc ,15
3dd9e578dace13af ,5745583428100205 ,-0.04168701 ,0.3673706 ,-0.9180908 ,3 ,Acc ,15
3dd9e578dace13af ,5745583542485621 ,-0.041992188 ,0.36462402 ,-0.9191284 ,3 ,Acc ,15
3dd9e578dace13af ,5745583649294319 ,-0.04119873 ,0.36486816 ,-0.91882324 ,3 ,Acc ,15
3dd9e578dace13af ,5745583765751350 ,-0.04071045 ,0.3640747 ,-0.91918945 ,3 ,Acc ,15
3dd9e578dace13af ,5745583886336142 ,-0.043151855 ,0.3642578 ,-0.9189453 ,3 ,Acc ,15
3dd9e578dace13af ,5745584008118121 ,-0.04534912 ,0.37554932 ,-0.9142456 ,3 ,Acc ,15
3dd9e578dace13af ,5745584108854631 ,-0.044677734 ,0.3748169 ,-0.9143677 ,3 ,Acc ,15
3dd9e578dace13af ,5745584208531715 ,-0.110133275 ,-6.670246 ,7.0102224 ,3 ,Acc ,1
3dd9e578dace13af ,5745584223839319 ,-0.043945313 ,0.37194824 ,-0.9154663 ,3 ,Acc ,15
3dd9e578dace13af ,5745584328484215 ,-0.04272461 ,0.3706665 ,-0.91589355 ,3 ,Acc ,15
3dd9e578dace13af ,5745584429159788 ,-0.04144287 ,0.37054443 ,-0.9159546 ,3 ,Acc ,15
3dd9e578dace13af ,5745584528589215 ,-0.042053223 ,0.36932373 ,-0.9163208 ,3 ,Acc ,15
3dd9e578dace13af ,5745584627896819 ,-0.04119873 ,0.3671875 ,-0.9171753 ,3 ,Acc ,15
3dd9e578dace13af ,5745584749572704 ,-0.041015625 ,0.36676025 ,-0.9173584 ,3 ,Acc ,15
3dd9e578dace13af ,5745584850625725 ,-0.04058838 ,0.36669922 ,-0.9173584 ,3 ,Acc ,15
3dd9e578dace13af ,5745584968670829 ,-0.042419434 ,0.36724854 ,-0.91711426 ,3 ,Acc ,15
3dd9e578dace13af ,5745585069147339 ,-0.039733887 ,0.35803223 ,-0.9208374 ,3 ,Acc ,15
3dd9e578dace13af ,5745585102790100 ,0.15484619 ,0.4162445 ,0.29122925 ,0 ,Acc ,10
3dd9e578dace13af ,5745585189848694 ,-0.039367676 ,0.36950684 ,-0.9164429 ,3 ,Acc ,15
3dd9e578dace13af ,5745585307210256 ,-0.053466797 ,0.4475708 ,-0.88049316 ,3 ,Acc ,15
3dd9e578dace13af ,5745585409820725 ,-0.059570313 ,0.46881104 ,-0.86932373 ,3 ,Acc ,15
3dd9e578dace13af ,5745585524038902 ,-0.05407715 ,0.44256592 ,-0.8811035 ,3 ,Acc ,15
3dd9e578dace13af ,5745585628401454 ,-0.03552246 ,0.43103027 ,-0.8781128 ,3 ,Acc ,15
3dd9e578dace13af ,5745585750010100 ,0.007385254 ,0.43902588 ,-0.866333 ,3 ,Acc ,15
3dd9e578dace13af ,5745585869797600 ,0.009643555 ,0.43170166 ,-0.87371826 ,3 ,Acc ,15
3dd9e578dace13af ,5745585969653954 ,0.029052734 ,0.43597412 ,-0.87091064 ,3 ,Acc ,15
3dd9e578dace13af ,5745586070931974 ,0.022033691 ,0.43151855 ,-0.87353516 ,3 ,Acc ,15
3dd9e578dace13af ,5745586190256401 ,0.017211914 ,0.4234619 ,-0.8773804 ,3 ,Acc ,15
3dd9e578dace13af ,5745586290590829 ,0.018432617 ,0.41784668 ,-0.8804321 ,3 ,Acc ,15
3dd9e578dace13af ,5745586390274995 ,0.0234375 ,0.4022827 ,-0.8876343 ,3 ,Acc ,15
3dd9e578dace13af ,5745586510692808 ,0.015380859 ,0.41375732 ,-0.8821411 ,3 ,Acc ,15
3dd9e578dace13af ,5745586629835099 ,0.016784668 ,0.4227295 ,-0.8790283 ,3 ,Acc ,15
3dd9e578dace13af ,5745586751707547 ,0.020202637 ,0.40802002 ,-0.88830566 ,3 ,Acc ,15
3dd9e578dace13af ,5745586852797651 ,0.015319824 ,0.41088867 ,-0.8865967 ,3 ,Acc ,15
3dd9e578dace13af ,5745586969549630 ,0.01776123 ,0.41156006 ,-0.8864136 ,3 ,Acc ,15
3dd9e578dace13af ,5745587070753537 ,0.016967773 ,0.41430664 ,-0.885437 ,3 ,Acc ,15
3dd9e578dace13af ,5745587171529057 ,0.016784668 ,0.41394043 ,-0.8856201 ,3 ,Acc ,15
3dd9e578dace13af ,5745587209373693 ,-1.7860745 ,-7.2113357 ,6.435614 ,3 ,Acc ,1
3dd9e578dace13af ,5745587287029422 ,0.01928711 ,0.40496826 ,-0.8900757 ,3 ,Acc ,15
3dd9e578dace13af ,5745587392439630 ,0.019592285 ,0.39819336 ,-0.8930664 ,3 ,Acc ,15
3dd9e578dace13af ,5745587511314422 ,0.018737793 ,0.39520264 ,-0.89416504 ,3 ,Acc ,15
3dd9e578dace13af ,5745587628602286 ,0.013671875 ,0.4128418 ,-0.8859863 ,3 ,Acc ,15
3dd9e578dace13af ,5745587750819057 ,0.01171875 ,0.4645996 ,-0.8577881 ,3 ,Acc ,15
3dd9e578dace13af ,5745587853191036 ,0.018005371 ,0.49743652 ,-0.8319092 ,3 ,Acc ,15
3dd9e578dace13af ,5745587971706297 ,0.010986328 ,0.5467529 ,-0.79571533 ,3 ,Acc ,15
3dd9e578dace13af ,5745588070951870 ,0.039123535 ,0.5706177 ,-0.7689209 ,3 ,Acc ,15
3dd9e578dace13af ,5745588109474942 ,3.0621033 ,-2.2033691 ,1.7178955 ,0 ,Acc ,10
3dd9e578dace13af ,5745588189967286 ,-0.028442383 ,0.6548462 ,-0.7039795 ,3 ,Acc ,15
3dd9e578dace13af ,5745588291971349 ,-0.10644531 ,0.69873047 ,-0.67407227 ,3 ,Acc ,15
3dd9e578dace13af ,5745588391137338 ,-0.14056396 ,0.69970703 ,-0.6836548 ,3 ,Acc ,15
3dd9e578dace13af ,5745588513577859 ,-0.15063477 ,0.6694336 ,-0.7173462 ,3 ,Acc ,15
3dd9e578dace13af ,5745588628620619 ,-0.14935303 ,0.65826416 ,-0.72943115 ,3 ,Acc ,15
3dd9e578dace13af ,5745588733250984 ,-0.1473999 ,0.6511841 ,-0.7357788 ,3 ,Acc ,15
3dd9e578dace13af ,5745588833883275 ,-0.14196777 ,0.65185547 ,-0.736084 ,3 ,Acc ,15
3dd9e578dace13af ,5745588933370932 ,-0.1529541 ,0.6489258 ,-0.73553467 ,3 ,Acc ,15
3dd9e578dace13af ,5745589034110046 ,-0.1552124 ,0.64508057 ,-0.7375488 ,3 ,Acc ,15
3dd9e578dace13af ,5745589152294942 ,-0.15118408 ,0.64038086 ,-0.74224854 ,3 ,Acc ,15
3dd9e578dace13af ,5745589255353692 ,-0.14215088 ,0.63116455 ,-0.75213623 ,3 ,Acc ,15
3dd9e578dace13af ,5745589369739265 ,-0.12756348 ,0.5984497 ,-0.7810669 ,3 ,Acc ,15
3dd9e578dace13af ,5745589493984942 ,-0.120788574 ,0.585083 ,-0.79382324 ,3 ,Acc ,15
3dd9e578dace13af ,5745589594297598 ,-0.11999512 ,0.61279297 ,-0.7753296 ,3 ,Acc ,15
3dd9e578dace13af ,5745589714875723 ,-0.10998535 ,0.62854004 ,-0.76678467 ,3 ,Acc ,15
3dd9e578dace13af ,5745589833720879 ,-0.10498047 ,0.69262695 ,-0.7125244 ,3 ,Acc ,15
3dd9e578dace13af ,5745589952205254 ,-0.10864258 ,0.6477051 ,-0.7524414 ,3 ,Acc ,15
