3dd9e578dace13af ,5750545682780067 ,7.929489 ,-5.7254333 ,-0.71614075 ,0 ,Acc ,9
3dd9e578dace13af ,5750545802875431 ,7.9265747 ,-5.7266083 ,-0.7387085 ,0 ,Acc ,9
3dd9e578dace13af ,5750545902904442 ,6.9364777 ,-6.8564606 ,1.0219879 ,0 ,Acc ,9
3dd9e578dace13af ,5750546003174546 ,6.944458 ,-6.850662 ,1.0065308 ,0 ,Acc ,9
3dd9e578dace13af ,5750546106045535 ,6.9526367 ,-6.838394 ,1.0331268 ,0 ,Acc ,9
3dd9e578dace13af ,5750546208047462 ,6.9971313 ,-6.7787933 ,1.1217804 ,0 ,Acc ,9
3dd9e578dace13af ,5750546324327514 ,7.071167 ,-6.69075 ,1.1843109 ,0 ,Acc ,9
3dd9e578dace13af ,5750546447767410 ,7.117447 ,-6.6436615 ,1.1721497 ,0 ,Acc ,9
3dd9e578dace13af ,5750546568799233 ,7.1748657 ,-6.5869446 ,1.1417847 ,0 ,Acc ,9
3dd9e578dace13af ,5750546669636733 ,7.22171 ,-6.5368195 ,1.134491 ,0 ,Acc ,9
3dd9e578dace13af ,5750546786277410 ,7.298538 ,-6.4431763 ,1.1777344 ,0 ,Acc ,9
3dd9e578dace13af ,5750546887946160 ,7.3311615 ,-6.385666 ,1.2835236 ,0 ,Acc ,9
3dd9e578dace13af ,5750546988151785 ,7.4350433 ,-6.2253113 ,1.4614868 ,0 ,Acc ,9
3dd9e578dace13af ,5750547088719597 ,7.5046997 ,-6.10112 ,1.6204987 ,0 ,Acc ,9
3dd9e578dace13af ,5750547187663868 ,7.5898743 ,-5.922394 ,1.8679504 ,0 ,Acc ,9
3dd9e578dace13af ,5750547288541941 ,7.687317 ,-5.7352295 ,2.045105 ,0 ,Acc ,9
3dd9e578dace13af ,5750547409451212 ,7.784622 ,-5.573929 ,2.121582 ,0 ,Acc ,9
3dd9e578dace13af ,5750547529790639 ,7.8107147 ,-5.501831 ,2.2119446 ,0 ,Acc ,9
3dd9e578dace13af ,5750547648934180 ,7.8219147 ,-5.448929 ,2.3014984 ,0 ,Acc ,9
3dd9e578dace13af ,5750547749002201 ,7.8427124 ,-5.3967133 ,2.35318 ,0 ,Acc ,9
3dd9e578dace13af ,5750547850353920 ,7.8687286 ,-5.337982 ,2.3998413 ,0 ,Acc ,9
3dd9e578dace13af ,5750547966390482 ,7.899643 ,-5.270981 ,2.4459076 ,0 ,Acc ,9
3dd9e578dace13af ,5750548070360274 ,7.9370117 ,-5.1960907 ,2.4848785 ,0 ,Acc ,9
3dd9e578dace13af ,5750548170473868 ,7.9683533 ,-5.1339417 ,2.5135956 ,0 ,Acc ,9
3dd9e578dace13af ,5750548271446055 ,7.987442 ,-5.0847626 ,2.552658 ,0 ,Acc ,9
3dd9e578dace13af ,5750548385386055 ,7.99382 ,-5.048218 ,2.6046906 ,0 ,Acc ,9
3dd9e578dace13af ,5750548487574649 ,7.997879 ,-5.016739 ,2.6526337 ,0 ,Acc ,9
3dd9e578dace13af ,5750548590161159 ,7.996994 ,-4.992859 ,2.6999207 ,0 ,Acc ,9
3dd9e578dace13af ,5750548690875847 ,7.9959717 ,-4.969742 ,2.7452393 ,0 ,Acc ,9
3dd9e578dace13af ,5750548689219232 ,0.0012969971 ,0.081466675 ,0.017654419 ,0 ,Acc ,10
3dd9e578dace13af ,5750548806308034 ,7.9986115 ,-4.9430695 ,2.7854004 ,0 ,Acc ,9
3dd9e578dace13af ,5750548906652565 ,7.9953003 ,-4.926132 ,2.824646 ,0 ,Acc ,9
3dd9e578dace13af ,5750549010055430 ,7.9824524 ,-4.912323 ,2.884369 ,0 ,Acc ,9
3dd9e578dace13af ,5750549110702305 ,7.9607697 ,-4.8901978 ,2.9803162 ,0 ,Acc ,9
3dd9e578dace13af ,5750549211732878 ,7.924774 ,-4.869705 ,3.1071014 ,0 ,Acc ,9
3dd9e578dace13af ,5750549330665378 ,7.8558807 ,-4.894821 ,3.239746 ,0 ,Acc ,9
3dd9e578dace13af ,5750549449724596 ,7.8506165 ,-4.8973846 ,3.248642 ,0 ,Acc ,9
3dd9e578dace13af ,5750549570039544 ,7.9403687 ,-4.815933 ,3.1507874 ,0 ,Acc ,9
3dd9e578dace13af ,5750549670086940 ,7.9650726 ,-4.7725983 ,3.1543884 ,0 ,Acc ,9
3dd9e578dace13af ,5750549770152721 ,7.964508 ,-4.759781 ,3.1751099 ,0 ,Acc ,9
3dd9e578dace13af ,5750549890210534 ,7.9579773 ,-4.758896 ,3.1927338 ,0 ,Acc ,9
3dd9e578dace13af ,5750550011653190 ,7.9501038 ,-4.768753 ,3.197647 ,0 ,Acc ,9
3dd9e578dace13af ,5750550131310638 ,7.9437714 ,-4.769043 ,3.2129364 ,0 ,Acc ,9
3dd9e578dace13af ,5750550250433294 ,7.933853 ,-4.779724 ,3.2215424 ,0 ,Acc ,9
3dd9e578dace13af ,5750550352138294 ,7.9400787 ,-4.7805176 ,3.204956 ,0 ,Acc ,9
3dd9e578dace13af ,5750550471321159 ,7.9297943 ,-4.7839355 ,3.2252655 ,0 ,Acc ,9
3dd9e578dace13af ,5750550573121940 ,7.921158 ,-4.781662 ,3.2497864 ,0 ,Acc ,9
3dd9e578dace13af ,5750550673996888 ,7.833832 ,-4.847061 ,3.3626251 ,0 ,Acc ,9
3dd9e578dace13af ,5750550792070377 ,7.2686462 ,-5.4151917 ,3.7433472 ,0 ,Acc ,9
3dd9e578dace13af ,5750550912640065 ,6.2393646 ,-6.2873077 ,4.208359 ,0 ,Acc ,9
3dd9e578dace13af ,5750551013392044 ,5.4101257 ,-6.8858185 ,4.414322 ,0 ,Acc ,9
3dd9e578dace13af ,5750551113833971 ,4.4299774 ,-7.4141235 ,4.6450195 ,0 ,Acc ,9
3dd9e578dace13af ,5750551213765533 ,3.6637573 ,-6.898041 ,5.9299316 ,0 ,Acc ,9
3dd9e578dace13af ,5750551333722669 ,3.070877 ,-7.2817383 ,5.8065643 ,0 ,Acc ,9
3dd9e578dace13af ,5750551435016523 ,2.7700653 ,-7.5433197 ,5.6209564 ,0 ,Acc ,9
3dd9e578dace13af ,5750551550393762 ,2.6297913 ,-7.463211 ,5.7926483 ,0 ,Acc ,9
3dd9e578dace13af ,5750551654055846 ,2.4606934 ,-7.406357 ,5.9381104 ,0 ,Acc ,9
3dd9e578dace13af ,5750551690364387 ,-0.3050995 ,-0.23085022 ,1.0425568 ,0 ,Acc ,10
3dd9e578dace13af ,5750551769432304 ,2.1934204 ,-7.674286 ,5.697754 ,0 ,Acc ,9
3dd9e578dace13af ,5750551871191523 ,2.1803436 ,-7.612549 ,5.784912 ,0 ,Acc ,9
3dd9e578dace13af ,5750551974350585 ,2.1622772 ,-7.8307495 ,5.493103 ,0 ,Acc ,9
3dd9e578dace13af ,5750552094017460 ,1.9277344 ,-8.007233 ,5.3233643 ,0 ,Acc ,9
3dd9e578dace13af ,5750552213045845 ,1.6532135 ,-7.8614807 ,5.62442 ,0 ,Acc ,9
3dd9e578dace13af ,5750552316162512 ,0.77700806 ,-8.010071 ,5.6040344 ,0 ,Acc ,9
3dd9e578dace13af ,5750552430906418 ,0.24623108 ,-8.3246155 ,5.1778717 ,0 ,Acc ,9
3dd9e578dace13af ,5750552551396418 ,-0.36888123 ,-8.761917 ,4.388962 ,0 ,Acc ,9
3dd9e578dace13af ,5750552654854387 ,-0.5645447 ,-8.796829 ,4.297348 ,0 ,Acc ,9
3dd9e578dace13af ,5750552754576314 ,-0.6747894 ,-8.844818 ,4.181381 ,0 ,Acc ,9
3dd9e578dace13af ,5750552855469335 ,-0.8768463 ,-8.870697 ,4.0880585 ,0 ,Acc ,9
3dd9e578dace13af ,5750552956377824 ,-1.2263184 ,-9.068314 ,3.5259094 ,0 ,Acc ,9
3dd9e578dace13af ,5750553055702043 ,-1.6390381 ,-9.425842 ,2.1534424 ,0 ,Acc ,9
3dd9e578dace13af ,5750553176085428 ,-1.8578491 ,-9.613464 ,0.5476074 ,0 ,Acc ,9
3dd9e578dace13af ,5750553276889647 ,-1.9157562 ,-9.598572 ,-0.606308 ,0 ,Acc ,9
3dd9e578dace13af ,5750553390472928 ,-1.8455048 ,-9.495132 ,-1.6145325 ,0 ,Acc ,9
3dd9e578dace13af ,5750553510722876 ,-1.7403412 ,-9.351608 ,-2.3851013 ,0 ,Acc ,9
3dd9e578dace13af ,5750553612400949 ,-1.6841736 ,-9.331406 ,-2.5016937 ,0 ,Acc ,9
3dd9e578dace13af ,5750553714527459 ,-1.7745514 ,-9.447479 ,-1.9407196 ,0 ,Acc ,9
3dd9e578dace13af ,5750553816043657 ,-1.8235931 ,-9.599182 ,-0.83683777 ,0 ,Acc ,9
3dd9e578dace13af ,5750553915826366 ,-1.6490173 ,-9.642258 ,0.69114685 ,0 ,Acc ,9
3dd9e578dace13af ,5750554016116470 ,-1.6928406 ,-9.631897 ,0.72869873 ,0 ,Acc ,9
3dd9e578dace13af ,5750554116216001 ,-1.6054688 ,-9.466217 ,1.9958344 ,0 ,Acc ,9
3dd9e578dace13af ,5750554216944803 ,-0.58610535 ,-9.082703 ,3.6511993 ,0 ,Acc ,9
3dd9e578dace13af ,5750554333234490 ,2.8089294 ,-8.526276 ,3.9474792 ,0 ,Acc ,9
3dd9e578dace13af ,5750554436468553 ,6.121933 ,-4.0302734 ,6.5152893 ,0 ,Acc ,9
3dd9e578dace13af ,5750554537182980 ,6.5307007 ,-4.1739807 ,6.008148 ,0 ,Acc ,9
3dd9e578dace13af ,5750554656805584 ,5.274994 ,-3.992569 ,7.2390594 ,0 ,Acc ,9
3dd9e578dace13af ,5750554693091938 ,0.00491333 ,2.5619202 ,-2.620407 ,0 ,Acc ,10
3dd9e578dace13af ,5750554773067719 ,4.825836 ,-4.3744507 ,7.3311462 ,0 ,Acc ,9
3dd9e578dace13af ,5750554872958396 ,5.343979 ,-5.829651 ,5.7989044 ,0 ,Acc ,9
3dd9e578dace13af ,5750554976871157 ,6.302536 ,-6.673416 ,3.4516296 ,0 ,Acc ,9
3dd9e578dace13af ,5750555094591886 ,6.9619904 ,-6.3684387 ,2.6727753 ,0 ,Acc ,9
3dd9e578dace13af ,5750555197439334 ,7.031128 ,-6.238785 ,2.7947998 ,0 ,Acc ,9
3dd9e578dace13af ,5750555298399542 ,6.88118 ,-6.2592926 ,3.1049652 ,0 ,Acc ,9
3dd9e578dace13af ,5750555417066261 ,6.837082 ,-6.056671 ,3.5694885 ,0 ,Acc ,9
3dd9e578dace13af ,5750555534633865 ,7.4792633 ,-5.5043335 ,3.1516724 ,0 ,Acc ,9
3dd9e578dace13af ,5750555638772875 ,7.406616 ,-5.531769 ,3.272873 ,0 ,Acc ,9
3dd9e578dace13af ,5750555757353136 ,7.3357086 ,-5.560013 ,3.3828583 ,0 ,Acc ,9
3dd9e578dace13af ,5750555873922771 ,7.2910614 ,-5.58107 ,3.4441528 ,0 ,Acc ,9
3dd9e578dace13af ,5750555978903240 ,7.2776794 ,-5.587326 ,3.462265 ,0 ,Acc ,9
3dd9e578dace13af ,5750556079334021 ,7.2808228 ,-5.5824738 ,3.4634857 ,0 ,Acc ,9
3dd9e578dace13af ,5750556179204542 ,7.242935 ,-5.5952454 ,3.52182 ,0 ,Acc ,9
3dd9e578dace13af ,5750556280037875 ,7.210129 ,-5.575989 ,3.618332 ,0 ,Acc ,9
3dd9e578dace13af ,5750556398393917 ,7.2025757 ,-5.636902 ,3.5381317 ,0 ,Acc ,9
3dd9e578dace13af ,5750556499391885 ,7.2335815 ,-5.6515045 ,3.4505157 ,0 ,Acc ,9
3dd9e578dace13af ,5750556619085271 ,7.223404 ,-5.6879425 ,3.4117432 ,0 ,Acc ,9
3dd9e578dace13af ,5750556738748604 ,7.1882935 ,-5.7531433 ,3.3763885 ,0 ,Acc ,9
3dd9e578dace13af ,5750556859473344 ,7.173874 ,-5.8070984 ,3.3141022 ,0 ,Acc ,9
3dd9e578dace13af ,5750556959285844 ,7.156143 ,-5.8346405 ,3.3040466 ,0 ,Acc ,9
3dd9e578dace13af ,5750557059149177 ,7.1354523 ,-5.8551483 ,3.3125 ,0 ,Acc ,9
3dd9e578dace13af ,5750557180167198 ,7.142639 ,-5.868759 ,3.272705 ,0 ,Acc ,9
3dd9e578dace13af ,5750557281079177 ,7.125519 ,-5.901703 ,3.2507172 ,0 ,Acc ,9
3dd9e578dace13af ,5750557380520791 ,7.124649 ,-5.9104004 ,3.2367554 ,0 ,Acc ,9
3dd9e578dace13af ,5750557500507041 ,7.1399536 ,-5.924637 ,3.176468 ,0 ,Acc ,9
3dd9e578dace13af ,5750557619807302 ,7.153549 ,-5.94693 ,3.1033783 ,0 ,Acc ,9
3dd9e578dace13af ,5750557696895635 ,0.04701233 ,0.015731812 ,0.07774353 ,0 ,Acc ,10
3dd9e578dace13af ,5750557699434645 ,-0.15344238 ,-0.56591797 ,0.33312988 ,3 ,Acc ,15
3dd9e578dace13af ,5750557737599854 ,7.221512 ,-5.90007 ,3.0346527 ,0 ,Acc ,9
3dd9e578dace13af ,5750557859666781 ,7.192505 ,-5.9114227 ,3.08107 ,0 ,Acc ,9
3dd9e578dace13af ,5750557977421468 ,7.2505035 ,-5.825699 ,3.108307 ,0 ,Acc ,9
3dd9e578dace13af ,5750558082009281 ,7.3111725 ,-5.8022766 ,3.0084076 ,0 ,Acc ,9
3dd9e578dace13af ,5750558200405426 ,7.339035 ,-5.819275 ,2.9060059 ,0 ,Acc ,9
3dd9e578dace13af ,5750558319786885 ,7.3948975 ,-5.796829 ,2.8075714 ,0 ,Acc ,9
3dd9e578dace13af ,5750558420469489 ,7.4576874 ,-5.750229 ,2.7363892 ,0 ,Acc ,9
3dd9e578dace13af ,5750558539831624 ,7.5069427 ,-5.732071 ,2.6380463 ,0 ,Acc ,9
3dd9e578dace13af ,5750558641046260 ,7.546417 ,-5.694931 ,2.6056824 ,0 ,Acc ,9
3dd9e578dace13af ,5750558759315687 ,7.572525 ,-5.663574 ,2.5982819 ,0 ,Acc ,9
3dd9e578dace13af ,5750558861915947 ,7.5860596 ,-5.6614532 ,2.5631409 ,0 ,Acc ,9
3dd9e578dace13af ,5750558961445530 ,7.5945587 ,-5.6707916 ,2.516922 ,0 ,Acc ,9
3dd9e578dace13af ,5750559078035530 ,7.616989 ,-5.704651 ,2.3682556 ,0 ,Acc ,9
3dd9e578dace13af ,5750559182347041 ,7.6163177 ,-5.769562 ,2.2077332 ,0 ,Acc ,9
3dd9e578dace13af ,5750559283289801 ,7.6493683 ,-5.7530518 ,2.135376 ,0 ,Acc ,9
3dd9e578dace13af ,5750559397043291 ,7.648987 ,-5.7319946 ,2.1925812 ,0 ,Acc ,9
3dd9e578dace13af ,5750559499128603 ,7.5993195 ,-5.7201233 ,2.3875885 ,0 ,Acc ,9
3dd9e578dace13af ,5750559599751415 ,7.2674866 ,-5.8248444 ,3.0700226 ,0 ,Acc ,9
3dd9e578dace13af ,5750559700664228 ,6.4603577 ,-5.9886017 ,4.3093567 ,0 ,Acc ,9
3dd9e578dace13af ,5750559800184592 ,5.5408173 ,-5.637909 ,5.8037415 ,0 ,Acc ,9
3dd9e578dace13af ,5750559900447197 ,4.6718445 ,-6.6343994 ,5.5071564 ,0 ,Acc ,9
3dd9e578dace13af ,5750560000976780 ,2.104248 ,-9.484222 ,1.3386078 ,0 ,Acc ,9
3dd9e578dace13af ,5750560102342249 ,-3.2796173 ,-8.986023 ,-2.1600037 ,0 ,Acc ,9
3dd9e578dace13af ,5750560220789749 ,-7.4730835 ,-6.3431854 ,0.29525757 ,0 ,Acc ,9
3dd9e578dace13af ,5750560343565530 ,-8.417221 ,-4.707794 ,1.7768707 ,0 ,Acc ,9
3dd9e578dace13af ,5750560460273707 ,-8.6419525 ,-4.6043243 ,0.5356598 ,0 ,Acc ,9
3dd9e578dace13af ,5750560563116155 ,-6.6304474 ,-6.9807434 ,-1.8645325 ,0 ,Acc ,9
3dd9e578dace13af ,5750560663917405 ,-1.1179199 ,-9.736725 ,0.34169006 ,0 ,Acc ,9
3dd9e578dace13af ,5750560702191363 ,-0.35327148 ,-0.3875122 ,0.5305786 ,3 ,Acc ,15
3dd9e578dace13af ,5750560699928550 ,-1.2833862 ,-8.346222 ,-9.92511 ,0 ,Acc ,10
3dd9e578dace13af ,5750560779040894 ,5.7039948 ,-4.408432 ,6.6483307 ,0 ,Acc ,9
3dd9e578dace13af ,5750560882507821 ,5.5936127 ,-4.7590637 ,6.4986877 ,0 ,Acc ,9
3dd9e578dace13af ,5750560983804019 ,5.4822693 ,-4.974884 ,6.431595 ,0 ,Acc ,9
3dd9e578dace13af ,5750561085022352 ,6.305664 ,-5.760666 ,4.8190613 ,0 ,Acc ,9
3dd9e578dace13af ,5750561203712040 ,5.8784027 ,-5.5878754 ,5.512726 ,0 ,Acc ,9
3dd9e578dace13af ,5750561304609540 ,6.207428 ,-5.6993256 ,5.0155487 ,0 ,Acc ,9
3dd9e578dace13af ,5750561423357873 ,6.5854645 ,-6.2296143 ,3.7408142 ,0 ,Acc ,9
3dd9e578dace13af ,5750561544565894 ,6.678665 ,-6.446045 ,3.164505 ,0 ,Acc ,9
3dd9e578dace13af ,5750561782002092 ,6.556732 ,-6.2098846 ,3.823166 ,0 ,Acc ,9
3dd9e578dace13af ,5750562000849487 ,5.828415 ,-6.5828705 ,4.343445 ,0 ,Acc ,9
3dd9e578dace13af ,5750562100748706 ,5.442993 ,-7.164276 ,3.9009247 ,0 ,Acc ,9
3dd9e578dace13af ,5750562222455946 ,5.088135 ,-7.31546 ,4.094528 ,0 ,Acc ,9
3dd9e578dace13af ,5750562322302769 ,5.783127 ,-6.9184265 ,3.8549805 ,0 ,Acc ,9
3dd9e578dace13af ,5750562442395321 ,6.274399 ,-6.277069 ,4.1713715 ,0 ,Acc ,9
3dd9e578dace13af ,5750562545080425 ,6.564453 ,-6.445038 ,3.3969727 ,0 ,Acc ,9
3dd9e578dace13af ,5750562666067248 ,6.760208 ,-6.6269073 ,2.560028 ,0 ,Acc ,9
3dd9e578dace13af ,5750562784093133 ,6.59256 ,-6.6437683 ,2.9272156 ,0 ,Acc ,9
3dd9e578dace13af ,5750562904668706 ,6.1770935 ,-6.8043976 ,3.4225464 ,0 ,Acc ,9
3dd9e578dace13af ,5750563005701570 ,5.6575775 ,-7.0029907 ,3.8884583 ,0 ,Acc ,9
3dd9e578dace13af ,5750563106492508 ,5.577484 ,-7.432907 ,3.1326752 ,0 ,Acc ,9
3dd9e578dace13af ,5750563225073497 ,5.2679443 ,-7.64032 ,3.1693115 ,0 ,Acc ,9
3dd9e578dace13af ,5750563325373654 ,6.11261 ,-7.169983 ,2.7198334 ,0 ,Acc ,9
3dd9e578dace13af ,5750563425999227 ,7.299942 ,-6.3035736 ,1.7736511 ,0 ,Acc ,9
3dd9e578dace13af ,5750563526393966 ,7.684433 ,-5.6332397 ,2.3208008 ,0 ,Acc ,9
3dd9e578dace13af ,5750563642666883 ,7.902878 ,-5.236374 ,2.5089722 ,0 ,Acc ,9
3dd9e578dace13af ,5750563705733028 ,3.6189575 ,-0.9345398 ,2.901413 ,0 ,Acc ,10
3dd9e578dace13af ,5750563706986518 ,0.05102539 ,-0.58532715 ,0.48431396 ,3 ,Acc ,15
3dd9e578dace13af ,5750563762416831 ,7.7689667 ,-4.8068237 ,3.5647888 ,0 ,Acc ,9
3dd9e578dace13af ,5750563863871570 ,7.1544037 ,-5.1544952 ,4.2913513 ,0 ,Acc ,9
3dd9e578dace13af ,5750563964303601 ,6.113266 ,-6.3546295 ,4.2914734 ,0 ,Acc ,9
3dd9e578dace13af ,5750564086185320 ,5.4231567 ,-6.6548767 ,4.7404633 ,0 ,Acc ,9
3dd9e578dace13af ,5750564187745528 ,5.2134705 ,-6.6338196 ,4.9982452 ,0 ,Acc ,9
3dd9e578dace13af ,5750564307065580 ,5.153244 ,-6.863907 ,4.7435303 ,0 ,Acc ,9
3dd9e578dace13af ,5750564407189070 ,6.575302 ,-6.7247925 ,2.7771912 ,0 ,Acc ,9
3dd9e578dace13af ,5750564508055737 ,7.1972504 ,-5.89711 ,3.0973969 ,0 ,Acc ,9
3dd9e578dace13af ,5750564626232247 ,7.9313507 ,-4.9837036 ,2.9028168 ,0 ,Acc ,9
3dd9e578dace13af ,5750564727281726 ,7.8601685 ,-4.6238556 ,3.6066284 ,0 ,Acc ,9
3dd9e578dace13af ,5750564828431153 ,7.0785065 ,-3.789917 ,5.6304016 ,0 ,Acc ,9
3dd9e578dace13af ,5750564948244903 ,6.4704285 ,-4.2493134 ,6.0205536 ,0 ,Acc ,9
3dd9e578dace13af ,5750565047713028 ,6.877945 ,-5.3715363 ,4.4733276 ,0 ,Acc ,9
3dd9e578dace13af ,5750565148821882 ,7.711838 ,-4.6540833 ,3.8777618 ,0 ,Acc ,9
3dd9e578dace13af ,5750565268859330 ,8.552414 ,-4.066162 ,2.5480347 ,0 ,Acc ,9
3dd9e578dace13af ,5750565387806726 ,8.775116 ,-3.122528 ,3.0687714 ,0 ,Acc ,9
3dd9e578dace13af ,5750565488832715 ,7.9210052 ,-3.953949 ,4.218292 ,0 ,Acc ,9
3dd9e578dace13af ,5750565604564122 ,6.232971 ,-4.9091034 ,5.763748 ,0 ,Acc ,9
3dd9e578dace13af ,5750565709345580 ,6.1540833 ,-4.8366547 ,5.9079742 ,0 ,Acc ,9
3dd9e578dace13af ,5750565809448757 ,7.4918976 ,-4.4787292 ,4.4701843 ,0 ,Acc ,9
3dd9e578dace13af ,5750565924332142 ,8.923096 ,-2.1838226 ,3.4320984 ,0 ,Acc ,9
3dd9e578dace13af ,5750566025773809 ,9.264954 ,-2.1580963 ,2.3818817 ,0 ,Acc ,9
3dd9e578dace13af ,5750566129130007 ,9.492874 ,-1.6217651 ,1.8507843 ,0 ,Acc ,9
3dd9e578dace13af ,5750566229839486 ,9.615814 ,-1.1564941 ,1.5390625 ,0 ,Acc ,9
3dd9e578dace13af ,5750566345068965 ,9.347122 ,-1.3074036 ,2.6631317 ,0 ,Acc ,9
3dd9e578dace13af ,5750566445671725 ,8.074356 ,-3.0195923 ,4.6751404 ,0 ,Acc ,9
3dd9e578dace13af ,5750566550200215 ,5.712967 ,-4.955307 ,6.243164 ,0 ,Acc ,9
3dd9e578dace13af ,5750566670373548 ,3.9838715 ,-5.167694 ,7.3207855 ,0 ,Acc ,9
3dd9e578dace13af ,5750566707068861 ,0.064819336 ,-0.3671875 ,0.8234253 ,3 ,Acc ,15
3dd9e578dace13af ,5750566705798548 ,4.9949493 ,1.9203033 ,-5.365265 ,0 ,Acc ,10
3dd9e578dace13af ,5750566785887350 ,5.564743 ,-5.2379303 ,6.1455536 ,0 ,Acc ,9
3dd9e578dace13af ,5750566885744538 ,8.197372 ,-2.6407013 ,4.6904144 ,0 ,Acc ,9
3dd9e578dace13af ,5750566989589329 ,9.382233 ,-0.58917236 ,2.7922668 ,0 ,Acc ,9
3dd9e578dace13af ,5750567089235319 ,9.677734 ,0.08822632 ,1.582367 ,0 ,Acc ,9
3dd9e578dace13af ,5750567189389173 ,9.735718 ,0.16967773 ,1.1649933 ,0 ,Acc ,9
3dd9e578dace13af ,5750567311174173 ,9.581192 ,-0.66185 ,1.9831543 ,0 ,Acc ,9
3dd9e578dace13af ,5750567431151256 ,8.41098 ,-2.2534332 ,4.510849 ,0 ,Acc ,9
3dd9e578dace13af ,5750567530644537 ,6.061859 ,-4.7192993 ,6.0952606 ,0 ,Acc ,9
3dd9e578dace13af ,5750567646464017 ,3.9667969 ,-5.254898 ,7.2677765 ,0 ,Acc ,9
3dd9e578dace13af ,5750567747648704 ,4.6926727 ,-5.782242 ,6.3807983 ,0 ,Acc ,9
3dd9e578dace13af ,5750567850975527 ,7.556778 ,-3.7586365 ,4.9937897 ,0 ,Acc ,9
3dd9e578dace13af ,5750567951917298 ,9.268951 ,-1.14151 ,2.992279 ,0 ,Acc ,9
3dd9e578dace13af ,5750568071535475 ,9.756561 ,0.44880676 ,0.88227844 ,0 ,Acc ,9
3dd9e578dace13af ,5750568171335162 ,9.7799225 ,0.722702 ,-0.03276062 ,0 ,Acc ,9
3dd9e578dace13af ,5750568272655006 ,9.753067 ,-0.8421631 ,0.5819092 ,0 ,Acc ,9
3dd9e578dace13af ,5750568389534433 ,8.946259 ,-2.1697235 ,3.3803864 ,0 ,Acc ,9
3dd9e578dace13af ,5750568507944381 ,6.693817 ,-4.492981 ,5.583557 ,0 ,Acc ,9
3dd9e578dace13af ,5750568609150266 ,4.8779297 ,-5.0879364 ,6.818283 ,0 ,Acc ,9
3dd9e578dace13af ,5750568730050266 ,5.084549 ,-6.3780518 ,5.4440765 ,0 ,Acc ,9
3dd9e578dace13af ,5750568833234641 ,7.7598877 ,-3.7960968 ,4.6415405 ,0 ,Acc ,9
3dd9e578dace13af ,5750568953329693 ,9.394257 ,-1.2493439 ,2.5213776 ,0 ,Acc ,9
3dd9e578dace13af ,5750569072597662 ,9.757141 ,0.47357178 ,0.8627014 ,0 ,Acc ,9
3dd9e578dace13af ,5750569190049120 ,9.773331 ,0.7843628 ,0.19206238 ,0 ,Acc ,9
3dd9e578dace13af ,5750569293352506 ,9.623474 ,-0.53744507 ,1.8083038 ,0 ,Acc ,9
3dd9e578dace13af ,5750569393831047 ,8.231003 ,-2.9333954 ,4.4515076 ,0 ,Acc ,9
3dd9e578dace13af ,5750569494351464 ,5.3511047 ,-4.88266 ,6.6102448 ,0 ,Acc ,9
3dd9e578dace13af ,5750569610946047 ,3.206787 ,-5.4494934 ,7.495987 ,0 ,Acc ,9
3dd9e578dace13af ,5750569710682974 ,5.107956 ,-5.5887604 ,6.232544 ,0 ,Acc ,9
3dd9e578dace13af ,5750569710084537 ,4.842972 ,2.137024 ,-2.8184052 ,0 ,Acc ,10
3dd9e578dace13af ,5750569712335474 ,0.23901367 ,-0.35369873 ,0.8946533 ,3 ,Acc ,15
3dd9e578dace13af ,5750569830713807 ,8.78215 ,-2.2326202 ,3.749588 ,0 ,Acc ,9
3dd9e578dace13af ,5750569952263703 ,9.660507 ,-0.015899658 ,1.6865387 ,0 ,Acc ,9
3dd9e578dace13af ,5750570053386568 ,9.670929 ,1.4238892 ,0.7848053 ,0 ,Acc ,9
3dd9e578dace13af ,5750570154581776 ,9.731842 ,1.1402283 ,0.4016266 ,0 ,Acc ,9
3dd9e578dace13af ,5750570274619224 ,9.3177185 ,-1.7250824 ,2.5247803 ,0 ,Acc ,9
3dd9e578dace13af ,5750570394205995 ,6.043518 ,-6.167572 ,4.6483307 ,0 ,Acc ,9
3dd9e578dace13af ,5750570510351984 ,2.8772888 ,-6.7137604 ,6.543442 ,0 ,Acc ,9
3dd9e578dace13af ,5750570612522297 ,3.4945374 ,-6.5655975 ,6.3914948 ,0 ,Acc ,9
3dd9e578dace13af ,5750570713909640 ,6.81575 ,-5.180588 ,4.7830048 ,0 ,Acc ,9
3dd9e578dace13af ,5750570834033807 ,9.375198 ,-0.79156494 ,2.7657318 ,0 ,Acc ,9
3dd9e578dace13af ,5750570952888026 ,9.666367 ,1.2697296 ,1.0580292 ,0 ,Acc ,9
3dd9e578dace13af ,5750571070779849 ,9.500549 ,2.429779 ,0.07600403 ,0 ,Acc ,9
3dd9e578dace13af ,5750571174435213 ,9.753693 ,0.6633606 ,0.7717438 ,0 ,Acc ,9
3dd9e578dace13af ,5750571290778859 ,8.738174 ,-2.896225 ,3.38031 ,0 ,Acc ,9
3dd9e578dace13af ,5750571395330734 ,6.0357513 ,-5.360031 ,5.5686646 ,0 ,Acc ,9
3dd9e578dace13af ,5750571512060734 ,3.3620605 ,-5.6293793 ,7.2922363 ,0 ,Acc ,9
3dd9e578dace13af ,5750571636245890 ,4.4404907 ,-6.516861 ,5.829468 ,0 ,Acc ,9
3dd9e578dace13af ,5750571754400421 ,8.529236 ,-2.8214874 ,3.9320984 ,0 ,Acc ,9
3dd9e578dace13af ,5750571875750682 ,9.650101 ,0.82240295 ,1.5392609 ,0 ,Acc ,9
3dd9e578dace13af ,5750571995188286 ,9.408554 ,2.713684 ,0.5339508 ,0 ,Acc ,9
3dd9e578dace13af ,5750572094599119 ,9.659683 ,1.638504 ,0.41940308 ,0 ,Acc ,9
3dd9e578dace13af ,5750572212153025 ,9.393631 ,-1.0058136 ,2.6302643 ,0 ,Acc ,9
3dd9e578dace13af ,5750572313096775 ,7.1720276 ,-3.8427734 ,5.47406 ,0 ,Acc ,9
3dd9e578dace13af ,5750572415891567 ,3.69664 ,-5.607254 ,7.1458893 ,0 ,Acc ,9
3dd9e578dace13af ,5750572515444223 ,1.5516968 ,-6.346344 ,7.313431 ,0 ,Acc ,9
3dd9e578dace13af ,5750572615986515 ,3.1974335 ,-6.999542 ,6.078903 ,0 ,Acc ,9
3dd9e578dace13af ,5750572717906827 ,0.39904785 ,-0.34387207 ,0.8307495 ,3 ,Acc ,15
3dd9e578dace13af ,5750572714589848 ,4.850601 ,0.16072083 ,0.73135376 ,0 ,Acc ,10
3dd9e578dace13af ,5750572716242608 ,7.714813 ,-4.1966553 ,4.3634796 ,0 ,Acc ,9
3dd9e578dace13af ,5750572832130108 ,9.664658 ,0.6576538 ,1.5271301 ,0 ,Acc ,9
3dd9e578dace13af ,5750572933646358 ,9.472214 ,2.4123688 ,0.7923279 ,0 ,Acc ,9
3dd9e578dace13af ,5750573037241515 ,9.520798 ,2.3467102 ,0.13304138 ,0 ,Acc ,9
3dd9e578dace13af ,5750573153962296 ,9.736404 ,-0.16320801 ,1.1602325 ,0 ,Acc ,9
3dd9e578dace13af ,5750573256803910 ,8.105804 ,-3.3736725 ,4.368576 ,0 ,Acc ,9
3dd9e578dace13af ,5750573376700108 ,3.6406708 ,-6.0810547 ,6.7776337 ,0 ,Acc ,9
3dd9e578dace13af ,5750573497418962 ,1.4193115 ,-6.60231 ,7.1109314 ,0 ,Acc ,9
3dd9e578dace13af ,5750573617067608 ,4.889099 ,-6.0741577 ,5.9473877 ,0 ,Acc ,9
3dd9e578dace13af ,5750573717124431 ,8.856979 ,-1.7784882 ,3.8159027 ,0 ,Acc ,9
3dd9e578dace13af ,5750573817352035 ,9.610138 ,1.3874817 ,1.3749237 ,0 ,Acc ,9
3dd9e578dace13af ,5750573917563702 ,9.408615 ,2.6608276 ,0.7536926 ,0 ,Acc ,9
3dd9e578dace13af ,5750574017581306 ,9.564514 ,2.159256 ,0.16668701 ,0 ,Acc ,9
3dd9e578dace13af ,5750574118558493 ,9.728622 ,0.20178223 ,1.217926 ,0 ,Acc ,9
3dd9e578dace13af ,5750574238618858 ,7.95636 ,-2.9438782 ,4.9193573 ,0 ,Acc ,9
3dd9e578dace13af ,5750574358712399 ,3.7886047 ,-5.1813354 ,7.4142 ,0 ,Acc ,9
3dd9e578dace13af ,5750574474130264 ,1.0432129 ,-6.088272 ,7.616745 ,0 ,Acc ,9
3dd9e578dace13af ,5750574576273337 ,2.9716187 ,-6.425232 ,6.7864532 ,0 ,Acc ,9
3dd9e578dace13af ,5750574699971253 ,8.308502 ,-3.2949219 ,4.035141 ,0 ,Acc ,9
3dd9e578dace13af ,5750574817635368 ,9.729889 ,1.0310974 ,0.66059875 ,0 ,Acc ,9
3dd9e578dace13af ,5750574918581722 ,9.566162 ,2.1193237 ,-0.40881348 ,0 ,Acc ,9
3dd9e578dace13af ,5750575018734743 ,9.759857 ,0.8935547 ,-0.3421173 ,0 ,Acc ,9
3dd9e578dace13af ,5750575119458962 ,9.547485 ,-1.1257019 ,1.936142 ,0 ,Acc ,9
3dd9e578dace13af ,5750575218934326 ,7.568802 ,-3.7481537 ,4.983444 ,0 ,Acc ,9
3dd9e578dace13af ,5750575339039847 ,3.6126556 ,-5.587036 ,7.2044373 ,0 ,Acc ,9
3dd9e578dace13af ,5750575439389899 ,1.7065582 ,-6.3567657 ,7.26976 ,0 ,Acc ,9
3dd9e578dace13af ,5750575539283909 ,3.5310364 ,-6.7814484 ,6.141159 ,0 ,Acc ,9
3dd9e578dace13af ,5750575639162764 ,7.7785034 ,-3.7938843 ,4.6121063 ,0 ,Acc ,9
3dd9e578dace13af ,5750575720246930 ,0.5493164 ,-0.25671387 ,0.7520752 ,3 ,Acc ,15
3dd9e578dace13af ,5750575718279430 ,-1.0661774 ,-0.22817993 ,2.4839325 ,0 ,Acc ,10
3dd9e578dace13af ,5750575755299795 ,9.644638 ,0.06842041 ,1.7738342 ,0 ,Acc ,9
3dd9e578dace13af ,5750575859407347 ,9.599243 ,1.9452515 ,0.49066162 ,0 ,Acc ,9
3dd9e578dace13af ,5750575960513076 ,9.663879 ,1.6661224 ,0.06175232 ,0 ,Acc ,9
3dd9e578dace13af ,5750576080933336 ,9.582535 ,-0.7049408 ,1.9617157 ,0 ,Acc ,9
3dd9e578dace13af ,5750576200739638 ,7.3237762 ,-3.835617 ,5.274521 ,0 ,Acc ,9
3dd9e578dace13af ,5750576315839013 ,3.3545837 ,-5.348236 ,7.5042114 ,0 ,Acc ,9
3dd9e578dace13af ,5750576416349847 ,1.5101013 ,-6.3086243 ,7.35466 ,0 ,Acc ,9
3dd9e578dace13af ,5750576521086305 ,3.811081 ,-6.8918304 ,5.8436584 ,0 ,Acc ,9
3dd9e578dace13af ,5750576639732294 ,8.676956 ,-2.7075958 ,3.6809845 ,0 ,Acc ,9
3dd9e578dace13af ,5750576759889326 ,9.757278 ,0.71858215 ,0.6704407 ,0 ,Acc ,9
3dd9e578dace13af ,5750576860731409 ,9.689117 ,1.5086517 ,-0.12271118 ,0 ,Acc ,9
3dd9e578dace13af ,5750576980870211 ,9.7929535 ,0.0365448 ,0.5166626 ,0 ,Acc ,9
3dd9e578dace13af ,5750577101017294 ,8.796494 ,-2.0993347 ,3.7927246 ,0 ,Acc ,9
3dd9e578dace13af ,5750577201087034 ,5.8196716 ,-4.8800507 ,6.2037506 ,0 ,Acc ,9
3dd9e578dace13af ,5750577319665211 ,1.8158722 ,-6.008255 ,7.5348206 ,0 ,Acc ,9
3dd9e578dace13af ,5750577441948857 ,1.6759338 ,-7.167679 ,6.479645 ,0 ,Acc ,9
3dd9e578dace13af ,5750577557287815 ,7.0912933 ,-4.9622498 ,4.61084 ,0 ,Acc ,9
3dd9e578dace13af ,5750577657779690 ,9.543457 ,-0.45977783 ,2.2093353 ,0 ,Acc ,9
3dd9e578dace13af ,5750577760289586 ,9.679062 ,1.4418335 ,0.63804626 ,0 ,Acc ,9
3dd9e578dace13af ,5750577861520940 ,9.65744 ,1.6122284 ,0.552063 ,0 ,Acc ,9
3dd9e578dace13af ,5750577977094169 ,9.720703 ,-0.24354553 ,1.2722931 ,0 ,Acc ,9
3dd9e578dace13af ,5750578082720940 ,8.65921 ,-2.3247223 ,3.9729156 ,0 ,Acc ,9
3dd9e578dace13af ,5750578202774481 ,4.712082 ,-5.3348846 ,6.7457733 ,0 ,Acc ,9
3dd9e578dace13af ,5750578319763648 ,1.6125641 ,-5.7619476 ,7.7697906 ,0 ,Acc ,9
3dd9e578dace13af ,5750578443160315 ,3.0766144 ,-6.985565 ,6.15683 ,0 ,Acc ,9
3dd9e578dace13af ,5750578542550940 ,7.013916 ,-4.588806 ,5.0909576 ,0 ,Acc ,9
3dd9e578dace13af ,5750578662745523 ,9.524811 ,-1.1164703 ,2.04982 ,0 ,Acc ,9
3dd9e578dace13af ,5750578725061304 ,0.64245605 ,-0.2241211 ,0.68707275 ,3 ,Acc ,15
3dd9e578dace13af ,5750578721745158 ,1.5712433 ,-3.805893 ,7.2952576 ,0 ,Acc ,10
3dd9e578dace13af ,5750578778704221 ,9.760025 ,0.95336914 ,0.056350708 ,0 ,Acc ,9
3dd9e578dace13af ,5750578881806096 ,9.798767 ,0.1914978 ,0.3430786 ,0 ,Acc ,9
3dd9e578dace13af ,5750578982703908 ,9.373795 ,-1.433258 ,2.4995728 ,0 ,Acc ,9
3dd9e578dace13af ,5750579083886460 ,7.414856 ,-3.5500793 ,5.3466797 ,0 ,Acc ,9
3dd9e578dace13af ,5750579203887398 ,3.6514587 ,-5.6002045 ,7.174576 ,0 ,Acc ,9
3dd9e578dace13af ,5750579319931043 ,1.9485626 ,-6.3223724 ,7.238846 ,0 ,Acc ,9
3dd9e578dace13af ,5750579423522710 ,4.231552 ,-6.531891 ,5.966461 ,0 ,Acc ,9
3dd9e578dace13af ,5750579524255679 ,7.843796 ,-3.6997833 ,4.577835 ,0 ,Acc ,9
3dd9e578dace13af ,5750579640659012 ,9.679459 ,-0.6009064 ,1.4550629 ,0 ,Acc ,9
3dd9e578dace13af ,5750579760742449 ,9.705338 ,1.3983154 ,0.1458435 ,0 ,Acc ,9
3dd9e578dace13af ,5750579864179533 ,9.752487 ,-9.460449E-4 ,1.0291748 ,0 ,Acc ,9
3dd9e578dace13af ,5750579984117918 ,8.672043 ,-2.752243 ,3.6593933 ,0 ,Acc ,9
3dd9e578dace13af ,5750580084874272 ,6.330612 ,-4.6354675 ,5.882675 ,0 ,Acc ,9
3dd9e578dace13af ,5750580204350210 ,3.1443787 ,-5.3019714 ,7.62706 ,0 ,Acc ,9
3dd9e578dace13af ,5750580306038335 ,2.4906769 ,-6.5165253 ,6.8921356 ,0 ,Acc ,9
3dd9e578dace13af ,5750580421139533 ,6.248703 ,-5.2850494 ,5.4029846 ,0 ,Acc ,9
3dd9e578dace13af ,5750580542281147 ,9.198624 ,-1.5172882 ,3.0419312 ,0 ,Acc ,9
3dd9e578dace13af ,5750580642620105 ,9.727249 ,-0.03793335 ,1.2447357 ,0 ,Acc ,9
3dd9e578dace13af ,5750580766306772 ,9.747009 ,0.9390106 ,0.5332184 ,0 ,Acc ,9
3dd9e578dace13af ,5750580885801616 ,9.65033 ,-0.6419525 ,1.62146 ,0 ,Acc ,9
3dd9e578dace13af ,5750581005923074 ,7.8716583 ,-3.2280731 ,4.8771515 ,0 ,Acc ,9
3dd9e578dace13af ,5750581123965730 ,3.8927612 ,-5.7210236 ,6.9488373 ,0 ,Acc ,9
3dd9e578dace13af ,5750581224046876 ,1.594574 ,-5.802658 ,7.743164 ,0 ,Acc ,9
3dd9e578dace13af ,5750581323676407 ,2.5730133 ,-6.4042664 ,6.9667206 ,0 ,Acc ,9
3dd9e578dace13af ,5750581425426251 ,6.449127 ,-5.0228424 ,5.417557 ,0 ,Acc ,9
3dd9e578dace13af ,5750581542917813 ,9.339996 ,-1.6924286 ,2.4638367 ,0 ,Acc ,9
3dd9e578dace13af ,5750581645873334 ,9.779938 ,0.3669281 ,0.62327576 ,0 ,Acc ,9
3dd9e578dace13af ,5750581727269584 ,0.6533203 ,-0.24291992 ,0.6477051 ,3 ,Acc ,15
3dd9e578dace13af ,5750581723949063 ,2.728363 ,-6.4244537 ,7.976715 ,0 ,Acc ,10
3dd9e578dace13af ,5750581761883126 ,9.786682 ,0.5303345 ,0.3314209 ,0 ,Acc ,9
3dd9e578dace13af ,5750581863546511 ,9.652466 ,-0.8302765 ,1.5200806 ,0 ,Acc ,9
3dd9e578dace13af ,5750581983393959 ,7.970001 ,-2.9454498 ,4.896286 ,0 ,Acc ,9
3dd9e578dace13af ,5750582087026511 ,4.725937 ,-5.3756714 ,6.7035675 ,0 ,Acc ,9
3dd9e578dace13af ,5750582202433282 ,1.5798035 ,-5.8769226 ,7.6900024 ,0 ,Acc ,9
3dd9e578dace13af ,5750582305628282 ,2.2915802 ,-6.6878204 ,6.796463 ,0 ,Acc ,9
3dd9e578dace13af ,5750582407399896 ,6.257324 ,-5.290436 ,5.38768 ,0 ,Acc ,9
3dd9e578dace13af ,5750582507437292 ,9.09996 ,-2.171524 ,2.9402924 ,0 ,Acc ,9
3dd9e578dace13af ,5750582623091719 ,9.795853 ,0.22949219 ,0.39842224 ,0 ,Acc ,9
3dd9e578dace13af ,5750582727621563 ,9.769852 ,0.82437134 ,-0.20172119 ,0 ,Acc ,9
3dd9e578dace13af ,5750582847884167 ,9.723755 ,-0.667572 ,1.0831146 ,0 ,Acc ,9
3dd9e578dace13af ,5750582964958907 ,8.10881 ,-3.148697 ,4.5280304 ,0 ,Acc ,9
3dd9e578dace13af ,5750583087745834 ,4.485321 ,-5.1530914 ,7.0354614 ,0 ,Acc ,9
3dd9e578dace13af ,5750583186795729 ,1.9134827 ,-5.439728 ,7.9320984 ,0 ,Acc ,9
3dd9e578dace13af ,5750583308560781 ,2.8486633 ,-6.103195 ,7.1278534 ,0 ,Acc ,9
3dd9e578dace13af ,5750583408550938 ,6.957947 ,-4.488739 ,5.2543793 ,0 ,Acc ,9
3dd9e578dace13af ,5750583527220990 ,9.50618 ,-1.1165619 ,2.1344757 ,0 ,Acc ,9
3dd9e578dace13af ,5750583627983542 ,9.794891 ,0.40847778 ,0.2516632 ,0 ,Acc ,9
3dd9e578dace13af ,5750583728916667 ,9.758972 ,0.8768158 ,-0.40472412 ,0 ,Acc ,9
3dd9e578dace13af ,5750583845921979 ,9.727737 ,-0.50691223 ,1.1332855 ,0 ,Acc ,9
3dd9e578dace13af ,5750583946715417 ,8.564301 ,-2.1621704 ,4.2600403 ,0 ,Acc ,9
3dd9e578dace13af ,5750584048888437 ,5.5718384 ,-4.700409 ,6.559799 ,0 ,Acc ,9
3dd9e578dace13af ,5750584147628854 ,2.3397827 ,-5.5365143 ,7.7487183 ,0 ,Acc ,9
3dd9e578dace13af ,5750584249445885 ,1.1742096 ,-6.346527 ,7.3832855 ,0 ,Acc ,9
3dd9e578dace13af ,5750584369385260 ,5.057678 ,-5.8326416 ,6.047348 ,0 ,Acc ,9
3dd9e578dace13af ,5750584469474531 ,8.707672 ,-2.5107574 ,3.747345 ,0 ,Acc ,9
3dd9e578dace13af ,5750584589445000 ,9.782333 ,0.279068 ,0.6311493 ,0 ,Acc ,9
3dd9e578dace13af ,5750584710067343 ,9.7404175 ,1.1107635 ,-0.24610901 ,0 ,Acc ,9
3dd9e578dace13af ,5750584745650312 ,0.68292236 ,-0.19317627 ,0.6616211 ,3 ,Acc ,15
3dd9e578dace13af ,5750584744387291 ,1.5848236 ,-4.010803 ,7.4125977 ,0 ,Acc ,10
3dd9e578dace13af ,5750585786459530 ,9.685272 ,-0.9408264 ,1.2168427 ,0 ,Acc ,9
3dd9e578dace13af ,5750585889977812 ,9.2200165 ,-2.5136719 ,2.2006378 ,0 ,Acc ,9
3dd9e578dace13af ,5750585991093593 ,8.525543 ,-4.2049713 ,2.4090424 ,0 ,Acc ,9
3dd9e578dace13af ,5750586090497291 ,8.048859 ,-4.722992 ,3.0131989 ,0 ,Acc ,9
3dd9e578dace13af ,5750586210064634 ,8.191589 ,-4.004242 ,3.61026 ,0 ,Acc ,9
3dd9e578dace13af ,5750586309730051 ,8.385864 ,-3.2991028 ,3.8682556 ,0 ,Acc ,9
3dd9e578dace13af ,5750586410184270 ,8.541168 ,-3.2371674 ,3.5692139 ,0 ,Acc ,9
3dd9e578dace13af ,5750586530891770 ,8.426346 ,-3.894104 ,3.1627197 ,0 ,Acc ,9
3dd9e578dace13af ,5750586631228801 ,8.338806 ,-3.8794403 ,3.4035797 ,0 ,Acc ,9
3dd9e578dace13af ,5750586732025259 ,8.70433 ,-3.4339447 ,2.934784 ,0 ,Acc ,9
3dd9e578dace13af ,5750586831546353 ,8.918289 ,-2.9913483 ,2.7723694 ,0 ,Acc ,9
3dd9e578dace13af ,5750586951598697 ,9.085861 ,-2.2998505 ,2.8858337 ,0 ,Acc ,9
3dd9e578dace13af ,5750587071167082 ,9.212769 ,-1.9307251 ,2.7508698 ,0 ,Acc ,9
3dd9e578dace13af ,5750587171809582 ,9.3450165 ,-1.152359 ,2.7409668 ,0 ,Acc ,9
3dd9e578dace13af ,5750587291665519 ,9.272873 ,-1.2563019 ,2.9335632 ,0 ,Acc ,9
3dd9e578dace13af ,5750587392071405 ,8.542648 ,-3.735611 ,3.0394745 ,0 ,Acc ,9
3dd9e578dace13af ,5750587492937030 ,8.434128 ,-3.918686 ,3.111206 ,0 ,Acc ,9
3dd9e578dace13af ,5750587611659165 ,8.003937 ,-4.1976776 ,3.8061218 ,0 ,Acc ,9
3dd9e578dace13af ,5750587730124426 ,6.807495 ,-5.119644 ,4.8597565 ,0 ,Acc ,9
3dd9e578dace13af ,5750587747479582 ,1.3066711 ,1.8158264 ,-0.18563843 ,0 ,Acc ,10
3dd9e578dace13af ,5750587749529686 ,-0.12988281 ,-0.47650146 ,0.34210205 ,3 ,Acc ,15
3dd9e578dace13af ,5750587851283644 ,5.9760284 ,-5.8899384 ,5.076004 ,0 ,Acc ,9
3dd9e578dace13af ,5750587952725728 ,6.1528473 ,-6.1935577 ,4.466812 ,0 ,Acc ,9
3dd9e578dace13af ,5750588068763592 ,7.541168 ,-5.2375946 ,3.4450684 ,0 ,Acc ,9
3dd9e578dace13af ,5750588173580623 ,8.603195 ,-4.012665 ,2.4604187 ,0 ,Acc ,9
3dd9e578dace13af ,5750588293515259 ,9.573624 ,-1.5854492 ,1.4150696 ,0 ,Acc ,9
3dd9e578dace13af ,5750588412633592 ,9.796753 ,0.44007874 ,-0.012908936 ,0 ,Acc ,9
3dd9e578dace13af ,5750588529960936 ,9.637222 ,-1.4974213 ,1.0255585 ,0 ,Acc ,9
3dd9e578dace13af ,5750588649269009 ,7.598892 ,-4.4135284 ,4.3529053 ,0 ,Acc ,9
3dd9e578dace13af ,5750588770214269 ,3.4364014 ,-6.748581 ,6.2303925 ,0 ,Acc ,9
3dd9e578dace13af ,5750588873483123 ,1.7728882 ,-6.81369 ,6.826462 ,0 ,Acc ,9
3dd9e578dace13af ,5750588993004477 ,4.325287 ,-6.761368 ,5.6343536 ,0 ,Acc ,9
3dd9e578dace13af ,5750589092399165 ,8.293106 ,-3.7294617 ,3.6723022 ,0 ,Acc ,9
3dd9e578dace13af ,5750589193090206 ,9.712799 ,-0.31593323 ,1.3160248 ,0 ,Acc ,9
3dd9e578dace13af ,5750589294814060 ,9.662827 ,1.6224518 ,0.40942383 ,0 ,Acc ,9
3dd9e578dace13af ,5750589413096769 ,9.748642 ,1.0298309 ,-0.27168274 ,0 ,Acc ,9
3dd9e578dace13af ,5750589531781873 ,9.524765 ,-1.8176422 ,1.4646149 ,0 ,Acc ,9
3dd9e578dace13af ,5750589634524529 ,7.2972717 ,-4.851593 ,4.4024963 ,0 ,Acc ,9
3dd9e578dace13af ,5750589754362341 ,2.8479156 ,-6.710907 ,6.5592194 ,0 ,Acc ,9
3dd9e578dace13af ,5750589869884008 ,0.95680237 ,-7.030594 ,6.7694397 ,0 ,Acc ,9
3dd9e578dace13af ,5750589975626560 ,3.729187 ,-7.1563263 ,5.572281 ,0 ,Acc ,9
3dd9e578dace13af ,5750590092534998 ,8.584274 ,-3.1440735 ,3.5489807 ,0 ,Acc ,9
3dd9e578dace13af ,5750590216535518 ,9.763641 ,0.11904907 ,0.9095154 ,0 ,Acc ,9
3dd9e578dace13af ,5750590333948748 ,9.72757 ,1.2405853 ,-0.07546997 ,0 ,Acc ,9
3dd9e578dace13af ,5750590435458070 ,9.805389 ,-0.061965942 ,0.14433289 ,0 ,Acc ,9
3dd9e578dace13af ,5750590536290570 ,9.151352 ,-2.509491 ,2.4749756 ,0 ,Acc ,9
3dd9e578dace13af ,5750590656315674 ,5.90889 ,-5.326996 ,5.733963 ,0 ,Acc ,9
3dd9e578dace13af ,5750590755543799 ,2.3804321 ,-6.068985 ,7.326065 ,0 ,Acc ,9
3dd9e578dace13af ,5750590753906612 ,7.8099365 ,3.7999725 ,-5.827286 ,0 ,Acc ,10
3dd9e578dace13af ,5750590757190049 ,-0.31610107 ,-0.16296387 ,0.095336914 ,3 ,Acc ,15
3dd9e578dace13af ,5750590856650987 ,0.8474426 ,-6.508835 ,7.286087 ,0 ,Acc ,9
3dd9e578dace13af ,5750590956339529 ,3.181244 ,-6.431183 ,6.6850433 ,0 ,Acc ,9
3dd9e578dace13af ,5750591076131143 ,7.917206 ,-4.1510925 ,4.031906 ,0 ,Acc ,9
3dd9e578dace13af ,5750591176970778 ,9.596695 ,-1.3527069 ,1.4979706 ,0 ,Acc ,9
3dd9e578dace13af ,5750591295892133 ,9.787109 ,0.51042175 ,-0.3493805 ,0 ,Acc ,9
3dd9e578dace13af ,5750591396466716 ,9.79953 ,-0.05267334 ,-0.36976624 ,0 ,Acc ,9
3dd9e578dace13af ,5750591497308851 ,9.4587555 ,-1.9696198 ,1.680069 ,0 ,Acc ,9
3dd9e578dace13af ,5750591616075570 ,6.794998 ,-5.642807 ,4.261078 ,0 ,Acc ,9
3dd9e578dace13af ,5750591718391559 ,3.6194 ,-7.0180817 ,5.815201 ,0 ,Acc ,9
3dd9e578dace13af ,5750591833817705 ,2.5502625 ,-7.0736694 ,6.2951965 ,0 ,Acc ,9
3dd9e578dace13af ,5750591957064841 ,6.0444183 ,-5.822998 ,5.0722656 ,0 ,Acc ,9
3dd9e578dace13af ,5750592076114216 ,9.014755 ,-2.3863678 ,3.0347443 ,0 ,Acc ,9
3dd9e578dace13af ,5750592177916716 ,9.666534 ,-0.6390228 ,1.5231323 ,0 ,Acc ,9
3dd9e578dace13af ,5750592297554476 ,9.765671 ,0.40293884 ,0.7997284 ,0 ,Acc ,9
3dd9e578dace13af ,5750592397575361 ,9.754791 ,-0.45419312 ,0.89886475 ,0 ,Acc ,9
3dd9e578dace13af ,5750592497676403 ,9.207626 ,-2.7399292 ,1.9704285 ,0 ,Acc ,9
3dd9e578dace13af ,5750592597773017 ,7.199463 ,-5.616333 ,3.5769653 ,0 ,Acc ,9
3dd9e578dace13af ,5750592698536559 ,4.6978607 ,-6.800827 ,5.2772064 ,0 ,Acc ,9
3dd9e578dace13af ,5750592818682913 ,4.130768 ,-6.591324 ,5.97171 ,0 ,Acc ,9
3dd9e578dace13af ,5750592919470101 ,6.3439484 ,-5.6336975 ,4.9179077 ,0 ,Acc ,9
3dd9e578dace13af ,5750593018943382 ,8.593582 ,-3.13562 ,3.5338898 ,0 ,Acc ,9
3dd9e578dace13af ,5750593119898799 ,9.428009 ,-1.5909729 ,2.1797943 ,0 ,Acc ,9
3dd9e578dace13af ,5750593218215621 ,9.678635 ,-0.6809387 ,1.4249725 ,0 ,Acc ,9
3dd9e578dace13af ,5750593339197132 ,9.770401 ,-0.09770203 ,0.8366394 ,0 ,Acc ,9
3dd9e578dace13af ,5750593438396090 ,9.646347 ,-1.3531036 ,1.1345673 ,0 ,Acc ,9
3dd9e578dace13af ,5750593557963278 ,7.9231567 ,-4.6628265 ,3.4134674 ,0 ,Acc ,9
3dd9e578dace13af ,5750593659600465 ,5.950409 ,-6.238434 ,4.673828 ,0 ,Acc ,9
3dd9e578dace13af ,5750593759857236 ,-0.33361816 ,-0.3232422 ,0.091796875 ,3 ,Acc ,15
3dd9e578dace13af ,5750593757229736 ,2.9565887 ,5.9631042 ,-4.2191467 ,0 ,Acc ,10
3dd9e578dace13af ,5750593775690673 ,4.982437 ,-6.3011475 ,5.6250305 ,0 ,Acc ,9
3dd9e578dace13af ,5750593879106298 ,6.342285 ,-5.6059875 ,4.951599 ,0 ,Acc ,9
3dd9e578dace13af ,5750593978753902 ,8.475632 ,-3.6192627 ,3.3518524 ,0 ,Acc ,9
3dd9e578dace13af ,5750594079338329 ,9.333786 ,-1.9580841 ,2.2839813 ,0 ,Acc ,9
3dd9e578dace13af ,5750594180114892 ,9.53067 ,-1.5840149 ,1.6815186 ,0 ,Acc ,9
3dd9e578dace13af ,5750594279618486 ,9.4747925 ,-1.992981 ,1.5577393 ,0 ,Acc ,9
3dd9e578dace13af ,5750594379328225 ,9.287674 ,-2.7688599 ,1.4975128 ,0 ,Acc ,9
3dd9e578dace13af ,5750594499457548 ,8.958237 ,-3.3367462 ,2.1877441 ,0 ,Acc ,9
3dd9e578dace13af ,5750594599841142 ,7.986023 ,-4.7947693 ,3.066574 ,0 ,Acc ,9
3dd9e578dace13af ,5750594700834683 ,6.89003 ,-5.816452 ,3.855713 ,0 ,Acc ,9
3dd9e578dace13af ,5750594819794996 ,5.960556 ,-6.390213 ,4.450531 ,0 ,Acc ,9
3dd9e578dace13af ,5750594921864683 ,6.02742 ,-6.5200043 ,4.162903 ,0 ,Acc ,9
3dd9e578dace13af ,5750595040369006 ,7.614624 ,-5.3165283 ,3.1499634 ,0 ,Acc ,9
3dd9e578dace13af ,5750595141098225 ,8.939957 ,-3.3166656 ,2.2906647 ,0 ,Acc ,9
3dd9e578dace13af ,5750595260287964 ,9.526474 ,-1.5985107 ,1.6915131 ,0 ,Acc ,9
3dd9e578dace13af ,5750595359000933 ,9.667328 ,-0.3920288 ,1.599762 ,0 ,Acc ,9
3dd9e578dace13af ,5750595461494891 ,9.700943 ,-0.19358826 ,1.4228516 ,0 ,Acc ,9
3dd9e578dace13af ,5750595579980621 ,9.70752 ,-0.99990845 ,0.9666443 ,0 ,Acc ,9
3dd9e578dace13af ,5750595681090412 ,9.44957 ,-2.1825104 ,1.4534149 ,0 ,Acc ,9
3dd9e578dace13af ,5750595799204110 ,8.461365 ,-3.6125946 ,3.3947906 ,0 ,Acc ,9
3dd9e578dace13af ,5750595897190725 ,6.707657 ,-5.16156 ,4.953354 ,0 ,Acc ,9
3dd9e578dace13af ,5750596019949318 ,5.149933 ,-5.60849 ,6.1800537 ,0 ,Acc ,9
3dd9e578dace13af ,5750596121152235 ,5.70047 ,-5.4788055 ,5.801483 ,0 ,Acc ,9
3dd9e578dace13af ,5750596239888224 ,7.686035 ,-4.4777985 ,4.1284637 ,0 ,Acc ,9
3dd9e578dace13af ,5750596340179631 ,9.096252 ,-2.6109924 ,2.5712128 ,0 ,Acc ,9
3dd9e578dace13af ,5750596441877599 ,9.66423 ,-0.9963684 ,1.334259 ,0 ,Acc ,9
3dd9e578dace13af ,5750596562044058 ,9.750885 ,0.98327637 ,0.35162354 ,0 ,Acc ,9
3dd9e578dace13af ,5750596681857183 ,9.757492 ,0.9417267 ,-0.27334595 ,0 ,Acc ,9
3dd9e578dace13af ,5750596762327287 ,-0.3503418 ,-0.6021118 ,-0.3555298 ,3 ,Acc ,15
3dd9e578dace13af ,5750596759649735 ,3.4529114 ,-4.986908 ,3.4409332 ,0 ,Acc ,10
3dd9e578dace13af ,5750596797948276 ,9.699997 ,-0.83680725 ,1.1747131 ,0 ,Acc ,9
3dd9e578dace13af ,5750596900035933 ,8.194153 ,-3.7054596 ,3.9109497 ,0 ,Acc ,9
3dd9e578dace13af ,5750597002741453 ,5.590927 ,-5.295471 ,6.072052 ,0 ,Acc ,9
3dd9e578dace13af ,5750597121441037 ,4.302643 ,-6.529648 ,5.917862 ,0 ,Acc ,9
3dd9e578dace13af ,5750597242765776 ,7.392517 ,-4.6889954 ,4.419754 ,0 ,Acc ,9
3dd9e578dace13af ,5750597343688901 ,9.283478 ,-2.0483704 ,2.40654 ,0 ,Acc ,9
3dd9e578dace13af ,5750597463640932 ,9.7986145 ,0.3061676 ,0.2521515 ,0 ,Acc ,9
3dd9e578dace13af ,5750597579032286 ,9.792267 ,0.5222626 ,-0.09480286 ,0 ,Acc ,9
3dd9e578dace13af ,5750597683270620 ,9.66217 ,-1.1590576 ,1.2121582 ,0 ,Acc ,9
3dd9e578dace13af ,5750597783496713 ,8.231949 ,-3.9399261 ,3.5891724 ,0 ,Acc ,9
3dd9e578dace13af ,5750597904105047 ,4.254776 ,-6.46344 ,6.024185 ,0 ,Acc ,9
3dd9e578dace13af ,5750598023471192 ,1.889679 ,-6.736908 ,6.8712006 ,0 ,Acc ,9
3dd9e578dace13af ,5750598123453797 ,3.800171 ,-7.2946777 ,5.340088 ,0 ,Acc ,9
3dd9e578dace13af ,5750598224237234 ,7.8124847 ,-4.689087 ,3.6259613 ,0 ,Acc ,9
3dd9e578dace13af ,5750598323368380 ,9.646317 ,-1.1135712 ,1.370636 ,0 ,Acc ,9
3dd9e578dace13af ,5750598424663901 ,9.755615 ,0.82707214 ,-0.5605011 ,0 ,Acc ,9
3dd9e578dace13af ,5750598542782078 ,9.67598 ,0.94740295 ,-1.2837524 ,0 ,Acc ,9
3dd9e578dace13af ,5750598660061453 ,9.673157 ,-1.4400787 ,0.72558594 ,0 ,Acc ,9
3dd9e578dace13af ,5750598760730411 ,8.130875 ,-3.8190308 ,3.9337158 ,0 ,Acc ,9
3dd9e578dace13af ,5750598863005776 ,4.7792206 ,-6.146164 ,5.9627075 ,0 ,Acc ,9
3dd9e578dace13af ,5750598962088328 ,2.3154297 ,-6.541107 ,6.9298553 ,0 ,Acc ,9
3dd9e578dace13af ,5750599065247807 ,2.8314056 ,-7.443329 ,5.7227783 ,0 ,Acc ,9
3dd9e578dace13af ,5750599184984734 ,7.5535736 ,-4.9580994 ,3.8119354 ,0 ,Acc ,9
3dd9e578dace13af ,5750599303724577 ,9.763153 ,-0.52568054 ,0.7581177 ,0 ,Acc ,9
3dd9e578dace13af ,5750599425869265 ,9.603821 ,1.530014 ,-1.2632446 ,0 ,Acc ,9
3dd9e578dace13af ,5750599525987077 ,9.708633 ,0.42764282 ,-1.3152618 ,0 ,Acc ,9
3dd9e578dace13af ,5750599640534056 ,9.463303 ,-2.0283813 ,1.581665 ,0 ,Acc ,9
3dd9e578dace13af ,5750599745808067 ,7.063141 ,-5.0442963 ,4.564789 ,0 ,Acc ,9
3dd9e578dace13af ,5750599784969108 ,-0.35424805 ,-0.32440186 ,0.0025634766 ,3 ,Acc ,15
3dd9e578dace13af ,5750599782499733 ,2.3202057 ,3.1232605 ,-3.964676 ,0 ,Acc ,10
3dd9e578dace13af ,5750599863186661 ,2.8658752 ,-6.57106 ,6.691635 ,0 ,Acc ,9
3dd9e578dace13af ,5750599986435098 ,1.8209686 ,-7.4892273 ,6.0634766 ,0 ,Acc ,9
3dd9e578dace13af ,5750600103715827 ,5.958969 ,-6.425659 ,4.4013214 ,0 ,Acc ,9
3dd9e578dace13af ,5750600205215254 ,8.942047 ,-3.0682373 ,2.6068726 ,0 ,Acc ,9
3dd9e578dace13af ,5750600306783900 ,9.78244 ,-0.6879883 ,-0.026535034 ,0 ,Acc ,9
3dd9e578dace13af ,5750600426926504 ,9.614441 ,1.1644897 ,-1.5416412 ,0 ,Acc ,9
3dd9e578dace13af ,5750600543504369 ,9.780487 ,-0.66716003 ,-0.25950623 ,0 ,Acc ,9
3dd9e578dace13af ,5750600645566869 ,8.934555 ,-2.8450012 ,2.8722382 ,0 ,Acc ,9
3dd9e578dace13af ,5750600746173119 ,6.077286 ,-5.711746 ,5.1587524 ,0 ,Acc ,9
3dd9e578dace13af ,5750600846609316 ,2.7989502 ,-6.497116 ,6.7914276 ,0 ,Acc ,9
3dd9e578dace13af ,5750600947514629 ,1.7700043 ,-7.067459 ,6.564163 ,0 ,Acc ,9
3dd9e578dace13af ,5750601067541712 ,5.4930573 ,-6.2285004 ,5.215576 ,0 ,Acc ,9
3dd9e578dace13af ,5750601184110254 ,9.254562 ,-2.4018707 ,2.1804657 ,0 ,Acc ,9
3dd9e578dace13af ,5750601287081972 ,9.791595 ,-0.008163452 ,-0.54307556 ,0 ,Acc ,9
3dd9e578dace13af ,5750601402397233 ,9.567276 ,1.2558594 ,-1.7493286 ,0 ,Acc ,9
3dd9e578dace13af ,5750601507714108 ,9.726257 ,0.04975891 ,-1.2519989 ,0 ,Acc ,9
3dd9e578dace13af ,5750601628648535 ,9.253159 ,-2.5127563 ,2.0579987 ,0 ,Acc ,9
3dd9e578dace13af ,5750601729214524 ,6.972702 ,-4.799423 ,4.951477 ,0 ,Acc ,9
3dd9e578dace13af ,5750601828878483 ,3.7691193 ,-6.3190155 ,6.483368 ,0 ,Acc ,9
3dd9e578dace13af ,5750601947758587 ,1.6299896 ,-7.4074097 ,6.2164 ,0 ,Acc ,9
3dd9e578dace13af ,5750602047948691 ,4.0522614 ,-7.1894836 ,5.297241 ,0 ,Acc ,9
3dd9e578dace13af ,5750602149277753 ,8.173065 ,-4.319565 ,3.272995 ,0 ,Acc ,9
3dd9e578dace13af ,5750602269113587 ,9.784744 ,-0.6205139 ,0.20947266 ,0 ,Acc ,9
3dd9e578dace13af ,5750602387220878 ,9.598251 ,1.0995483 ,-1.6837006 ,0 ,Acc ,9
3dd9e578dace13af ,5750602487642962 ,9.604965 ,0.5502167 ,-1.900528 ,0 ,Acc ,9
3dd9e578dace13af ,5750602589342493 ,9.726364 ,-1.1783142 ,0.42373657 ,0 ,Acc ,9
3dd9e578dace13af ,5750602688659837 ,8.291733 ,-3.689331 ,3.7156525 ,0 ,Acc ,9
3dd9e578dace13af ,5750602788332337 ,4.1342773 ,2.2234955 ,-4.9248962 ,0 ,Acc ,10
3dd9e578dace13af ,5750602789985930 ,5.0744476 ,-6.0726776 ,5.7915955 ,0 ,Acc ,9
3dd9e578dace13af ,5750602791652909 ,-0.35559082 ,-0.27978516 ,-0.026245117 ,3 ,Acc ,15
3dd9e578dace13af ,5750602908869420 ,2.324524 ,-6.452942 ,7.009018 ,0 ,Acc ,9
3dd9e578dace13af ,5750603008967493 ,3.4674988 ,-7.061859 ,5.8546295 ,0 ,Acc ,9
3dd9e578dace13af ,5750603110353743 ,7.376877 ,-5.195755 ,3.8413544 ,0 ,Acc ,9
3dd9e578dace13af ,5750603230404107 ,9.723175 ,-1.111206 ,0.6286621 ,0 ,Acc ,9
3dd9e578dace13af ,5750603330945565 ,9.646133 ,0.9918976 ,-1.4623718 ,0 ,Acc ,9
3dd9e578dace13af ,5750603448348638 ,9.638962 ,0.66693115 ,-1.6780396 ,0 ,Acc ,9
3dd9e578dace13af ,5750603569602649 ,9.647781 ,-1.4925995 ,0.9288635 ,0 ,Acc ,9
3dd9e578dace13af ,5750603686503430 ,7.210678 ,-4.853012 ,4.541443 ,0 ,Acc ,9
3dd9e578dace13af ,5750603809549107 ,3.3287659 ,-6.178772 ,6.8492584 ,0 ,Acc ,9
3dd9e578dace13af ,5750603910714055 ,1.6703186 ,-6.5526733 ,7.102295 ,0 ,Acc ,9
3dd9e578dace13af ,5750604026223794 ,4.1795197 ,-6.8596497 ,5.6255646 ,0 ,Acc ,9
3dd9e578dace13af ,5750604130737284 ,8.152283 ,-4.3756104 ,3.25029 ,0 ,Acc ,9
3dd9e578dace13af ,5750604231084784 ,9.752838 ,-0.79823303 ,0.6443176 ,0 ,Acc ,9
3dd9e578dace13af ,5750604348599159 ,9.670471 ,1.2143402 ,-1.0851898 ,0 ,Acc ,9
3dd9e578dace13af ,5750604471333065 ,9.785156 ,0.030059814 ,-0.64819336 ,0 ,Acc ,9
3dd9e578dace13af ,5750604591338377 ,9.059097 ,-2.77388 ,2.531479 ,0 ,Acc ,9
3dd9e578dace13af ,5750604706702805 ,5.724167 ,-5.8248444 ,5.4291077 ,0 ,Acc ,9
3dd9e578dace13af ,5750604809676659 ,2.864212 ,-6.139694 ,7.090164 ,0 ,Acc ,9
3dd9e578dace13af ,5750604911676919 ,2.124771 ,-6.718506 ,6.820343 ,0 ,Acc ,9
3dd9e578dace13af ,5750605027004054 ,5.868393 ,-5.982025 ,5.093857 ,0 ,Acc ,9
3dd9e578dace13af ,5750605128267440 ,9.028824 ,-2.6722107 ,2.740387 ,0 ,Acc ,9
3dd9e578dace13af ,5750605246418638 ,9.795837 ,-0.22958374 ,-0.39888 ,0 ,Acc ,9
3dd9e578dace13af ,5750605348469054 ,9.630585 ,0.64979553 ,-1.7319641 ,0 ,Acc ,9
3dd9e578dace13af ,5750605451631398 ,9.721954 ,-0.36402893 ,-1.2333984 ,0 ,Acc ,9
3dd9e578dace13af ,5750605571139731 ,9.168518 ,-2.6026764 ,2.3096313 ,0 ,Acc ,9
3dd9e578dace13af ,5750605690079731 ,6.0063324 ,-5.635681 ,5.322891 ,0 ,Acc ,9
3dd9e578dace13af ,5750605789551242 ,5.84758 ,3.6221008 ,-6.128433 ,0 ,Acc ,10
3dd9e578dace13af ,5750605791427804 ,2.8440094 ,-6.1592712 ,7.0813293 ,0 ,Acc ,9
3dd9e578dace13af ,5750605793177387 ,-0.33215332 ,-0.16918945 ,0.035705566 ,3 ,Acc ,15
3dd9e578dace13af ,5750605907927856 ,1.2267303 ,-6.8762207 ,6.8835144 ,0 ,Acc ,9
3dd9e578dace13af ,5750606012283898 ,4.042557 ,-6.9777374 ,5.5802307 ,0 ,Acc ,9
3dd9e578dace13af ,5750606132900148 ,8.742462 ,-3.1872559 ,3.0952911 ,0 ,Acc ,9
3dd9e578dace13af ,5750606249181658 ,9.802826 ,-0.25038147 ,-0.11036682 ,0 ,Acc ,9
3dd9e578dace13af ,5750606372631554 ,9.643158 ,0.6969452 ,-1.6413269 ,0 ,Acc ,9
3dd9e578dace13af ,5750606473468585 ,9.737747 ,-0.8854828 ,-0.75001526 ,0 ,Acc ,9
3dd9e578dace13af ,5750606592571658 ,8.686432 ,-3.7092438 ,2.6376953 ,0 ,Acc ,9
3dd9e578dace13af ,5750606711711970 ,5.628433 ,-5.83255 ,5.520172 ,0 ,Acc ,9
3dd9e578dace13af ,5750606813273689 ,3.309143 ,-5.843582 ,7.1464844 ,0 ,Acc ,9
3dd9e578dace13af ,5750606930715356 ,2.8807983 ,-7.593155 ,5.496826 ,0 ,Acc ,9
3dd9e578dace13af ,5750607050104522 ,7.0976715 ,-5.4844666 ,3.9640656 ,0 ,Acc ,9
3dd9e578dace13af ,5750607152340147 ,9.520508 ,-1.8450928 ,1.4579773 ,0 ,Acc ,9
3dd9e578dace13af ,5750607270717856 ,9.710815 ,0.89711 ,-1.0322723 ,0 ,Acc ,9
3dd9e578dace13af ,5750607370255564 ,9.527344 ,1.6068878 ,-1.6786346 ,0 ,Acc ,9
3dd9e578dace13af ,5750607473802908 ,9.748138 ,-0.1646576 ,-1.0567932 ,0 ,Acc ,9
3dd9e578dace13af ,5750607594690720 ,8.761917 ,-3.5723572 ,2.5762787 ,0 ,Acc ,9
3dd9e578dace13af ,5750607713956085 ,5.151764 ,-6.3851776 ,5.372055 ,0 ,Acc ,9
3dd9e578dace13af ,5750607833596866 ,2.113678 ,-6.1808014 ,7.314392 ,0 ,Acc ,9
3dd9e578dace13af ,5750607951233012 ,2.2578278 ,-7.274338 ,6.1770782 ,0 ,Acc ,9
3dd9e578dace13af ,5750608054466241 ,6.267151 ,-6.162613 ,4.349167 ,0 ,Acc ,9
3dd9e578dace13af ,5750608173641657 ,9.601395 ,-1.3643036 ,1.4567566 ,0 ,Acc ,9
3dd9e578dace13af ,5750608274096449 ,9.682724 ,1.5518494 ,-0.08308411 ,0 ,Acc ,9
3dd9e578dace13af ,5750608396112022 ,9.458527 ,2.552826 ,-0.43536377 ,0 ,Acc ,9
3dd9e578dace13af ,5750608512183376 ,9.783981 ,-0.078186035 ,-0.6616211 ,0 ,Acc ,9
3dd9e578dace13af ,5750608635172751 ,8.332993 ,-3.9358978 ,3.3526306 ,0 ,Acc ,9
3dd9e578dace13af ,5750608755882230 ,3.7991638 ,-6.7714844 ,5.99028 ,0 ,Acc ,9
3dd9e578dace13af ,5750608796777907 ,-0.4019165 ,-0.0524292 ,-0.19610596 ,3 ,Acc ,15
3dd9e578dace13af ,5750608793920355 ,5.4039917 ,4.8652344 ,-6.0620728 ,0 ,Acc ,10
3dd9e578dace13af ,5750608872569157 ,0.90914917 ,-7.1403656 ,6.6602325 ,0 ,Acc ,9
3dd9e578dace13af ,5750608973986501 ,2.2339478 ,-7.593857 ,5.7890472 ,0 ,Acc ,9
3dd9e578dace13af ,5750609076244782 ,6.952942 ,-5.3737183 ,4.3531494 ,0 ,Acc ,9
3dd9e578dace13af ,5750609176135667 ,9.652466 ,-0.74069214 ,1.5657654 ,0 ,Acc ,9
3dd9e578dace13af ,5750609276778688 ,9.527893 ,2.1924896 ,0.7631836 ,0 ,Acc ,9
3dd9e578dace13af ,5750609396165667 ,8.993515 ,3.8454285 ,0.70674133 ,0 ,Acc ,9
3dd9e578dace13af ,5750609496026449 ,9.4088745 ,2.7415771 ,-0.35656738 ,0 ,Acc ,9
3dd9e578dace13af ,5750609612609001 ,9.630661 ,-1.598587 ,0.93014526 ,0 ,Acc ,9
3dd9e578dace13af ,5750609716887542 ,7.6186523 ,-4.5646667 ,4.158127 ,0 ,Acc ,9
3dd9e578dace13af ,5750609816368532 ,4.461746 ,-6.042389 ,6.304962 ,0 ,Acc ,9
3dd9e578dace13af ,5750609934775042 ,2.3679504 ,-6.505066 ,6.9460144 ,0 ,Acc ,9
3dd9e578dace13af ,5750610055004105 ,4.6489563 ,-7.229645 ,4.721176 ,0 ,Acc ,9
3dd9e578dace13af ,5750610176723688 ,9.437042 ,-1.7077942 ,2.0483704 ,0 ,Acc ,9
3dd9e578dace13af ,5750610296087282 ,9.172745 ,3.4274445 ,0.5324249 ,0 ,Acc ,9
3dd9e578dace13af ,5750610397706865 ,8.577347 ,4.4619293 ,1.6402893 ,0 ,Acc ,9
3dd9e578dace13af ,5750610517765771 ,9.129776 ,3.4104462 ,1.0890961 ,0 ,Acc ,9
3dd9e578dace13af ,5750610635993375 ,9.772629 ,-0.43611145 ,0.68977356 ,0 ,Acc ,9
3dd9e578dace13af ,5750610756999677 ,7.5151367 ,-4.9721375 ,3.8691864 ,0 ,Acc ,9
3dd9e578dace13af ,5750610857480094 ,4.4561462 ,-6.202957 ,6.151123 ,0 ,Acc ,9
3dd9e578dace13af ,5750610975103792 ,2.8194275 ,-6.6617126 ,6.6213684 ,0 ,Acc ,9
3dd9e578dace13af ,5750611092805042 ,5.69075 ,-6.0210876 ,5.247101 ,0 ,Acc ,9
3dd9e578dace13af ,5750611198318219 ,8.917358 ,-2.4256744 ,3.281311 ,0 ,Acc ,9
3dd9e578dace13af ,5750611297951396 ,9.754837 ,0.6159668 ,0.79611206 ,0 ,Acc ,9
3dd9e578dace13af ,5750611398706917 ,9.587357 ,2.0600433 ,0.09436035 ,0 ,Acc ,9
3dd9e578dace13af ,5750611518351292 ,9.763962 ,-0.26123047 ,0.87579346 ,0 ,Acc ,9
3dd9e578dace13af ,5750611635892385 ,8.038239 ,-4.762039 ,2.979889 ,0 ,Acc ,9
3dd9e578dace13af ,5750611737257750 ,5.873535 ,-6.478058 ,4.439209 ,0 ,Acc ,9
3dd9e578dace13af ,5750611795195562 ,-0.5057373 ,2.5385437 ,-3.2861786 ,0 ,Acc ,10
3dd9e578dace13af ,5750611814443583 ,-0.4716797 ,0.026123047 ,-0.5283203 ,3 ,Acc ,15
3dd9e578dace13af ,5750611855197229 ,4.162979 ,-6.4064026 ,6.1479797 ,0 ,Acc ,9
3dd9e578dace13af ,5750611958197698 ,4.305786 ,-5.6725616 ,6.741852 ,0 ,Acc ,9
3dd9e578dace13af ,5750612079551135 ,6.874954 ,-5.0128326 ,4.876129 ,0 ,Acc ,9
3dd9e578dace13af ,5750612179402645 ,9.116058 ,-1.9789886 ,3.0251007 ,0 ,Acc ,9
3dd9e578dace13af ,5750612296700145 ,9.696701 ,-0.57585144 ,1.346283 ,0 ,Acc ,9
3dd9e578dace13af ,5750612399928895 ,9.798325 ,0.14959717 ,0.37493896 ,0 ,Acc ,9
3dd9e578dace13af ,5750612516056031 ,9.795013 ,0.4734192 ,-0.062164307 ,0 ,Acc ,9
3dd9e578dace13af ,5750612619853531 ,9.769501 ,-0.40916443 ,0.74812317 ,0 ,Acc ,9
3dd9e578dace13af ,5750612720298062 ,9.284363 ,-1.7714386 ,2.6139526 ,0 ,Acc ,9
3dd9e578dace13af ,5750612839298531 ,7.3141327 ,-4.349243 ,4.8741913 ,0 ,Acc ,9
3dd9e578dace13af ,5750612940547853 ,5.3847504 ,-5.074127 ,6.436447 ,0 ,Acc ,9
3dd9e578dace13af ,5750613058842541 ,9.289505 ,-2.9623108 ,1.0488892 ,0 ,Acc ,9
3dd9e578dace13af ,5750613159618947 ,9.733795 ,-1.0706329 ,-0.5264435 ,0 ,Acc ,9
3dd9e578dace13af ,5750613260540822 ,8.853516 ,1.555954 ,-3.919754 ,0 ,Acc ,9
3dd9e578dace13af ,5750613377215614 ,6.817856 ,1.5435333 ,-6.877823 ,0 ,Acc ,9
3dd9e578dace13af ,5750613480994468 ,6.070053 ,0.31565857 ,-7.6957703 ,0 ,Acc ,9
3dd9e578dace13af ,5750613580890093 ,6.1262817 ,-1.8920898 ,-7.420166 ,0 ,Acc ,9
3dd9e578dace13af ,5750613696255509 ,6.8920593 ,-3.8730774 ,-5.80249 ,0 ,Acc ,9
3dd9e578dace13af ,5750613798077332 ,8.339081 ,-3.3254852 ,-3.9460297 ,0 ,Acc ,9
3dd9e578dace13af ,5750613921558895 ,8.123199 ,-4.7360077 ,-2.7845764 ,0 ,Acc ,9
3dd9e578dace13af ,5750614041570666 ,6.7517853 ,-6.856827 ,-1.8887787 ,0 ,Acc ,9
3dd9e578dace13af ,5750614161433843 ,6.571274 ,-6.9895325 ,-2.0334473 ,0 ,Acc ,9
3dd9e578dace13af ,5750614280369988 ,7.2734222 ,-5.8280487 ,-3.0497894 ,0 ,Acc ,9
3dd9e578dace13af ,5750614402015978 ,6.7771606 ,-3.961258 ,-5.8778076 ,0 ,Acc ,9
3dd9e578dace13af ,5750614501410301 ,6.3301697 ,-3.512848 ,-6.6150513 ,0 ,Acc ,9
3dd9e578dace13af ,5750614602198478 ,5.030136 ,-6.5146637 ,-5.3316956 ,0 ,Acc ,9
3dd9e578dace13af ,5750614722409103 ,2.8318481 ,-8.976929 ,-2.7505646 ,0 ,Acc ,9
3dd9e578dace13af ,5750614798516499 ,9.334595 ,9.725723 ,4.235443 ,0 ,Acc ,10
3dd9e578dace13af ,5750614818140821 ,-0.5767822 ,-0.421875 ,0.36083984 ,3 ,Acc ,15
3dd9e578dace13af ,5750614837556707 ,0.5314026 ,-9.79155 ,0.116256714 ,0 ,Acc ,9
3dd9e578dace13af ,5750614939766394 ,-0.43473816 ,-9.731064 ,1.1347809 ,0 ,Acc ,9
3dd9e578dace13af ,5750615042741863 ,-0.7154999 ,-9.776688 ,0.2731018 ,0 ,Acc ,9
3dd9e578dace13af ,5750615162822957 ,-0.89904785 ,-9.411865 ,-2.6035767 ,0 ,Acc ,9
3dd9e578dace13af ,5750615280423165 ,-1.1814728 ,-9.698853 ,0.84051514 ,0 ,Acc ,9
3dd9e578dace13af ,5750615381017384 ,-1.0091248 ,-9.684174 ,1.1698608 ,0 ,Acc ,9
3dd9e578dace13af ,5750615480501655 ,-0.31852722 ,-9.784836 ,0.5706177 ,0 ,Acc ,9
3dd9e578dace13af ,5750615582547644 ,-0.35307312 ,-9.788864 ,0.47314453 ,0 ,Acc ,9
3dd9e578dace13af ,5750615702727123 ,-0.45562744 ,-9.788681 ,0.38006592 ,0 ,Acc ,9
3dd9e578dace13af ,5750615822861967 ,-0.6211853 ,-9.632919 ,1.7295227 ,0 ,Acc ,9
3dd9e578dace13af ,5750615943512123 ,-0.36645508 ,-9.696747 ,1.4174347 ,0 ,Acc ,9
3dd9e578dace13af ,5750616058302071 ,6.307663 ,-5.201355 ,5.4156647 ,0 ,Acc ,9
3dd9e578dace13af ,5750616160320821 ,6.3281555 ,-5.2624817 ,5.332062 ,0 ,Acc ,9
3dd9e578dace13af ,5750616260200092 ,6.36055 ,-5.3554993 ,5.1992493 ,0 ,Acc ,9
3dd9e578dace13af ,5750616364063842 ,6.3718414 ,-5.522934 ,5.0066833 ,0 ,Acc ,9
3dd9e578dace13af ,5750616463575613 ,6.2761383 ,-5.5410767 ,5.106537 ,0 ,Acc ,9
3dd9e578dace13af ,5750616580155144 ,6.149124 ,-5.4891663 ,5.3129425 ,0 ,Acc ,9
3dd9e578dace13af ,5750616682195092 ,6.3351593 ,-5.556656 ,5.01593 ,0 ,Acc ,9
3dd9e578dace13af ,5750616802029987 ,5.8324127 ,-5.642914 ,5.5055084 ,0 ,Acc ,9
3dd9e578dace13af ,5750616903741706 ,5.4371033 ,-5.7454376 ,5.7963867 ,0 ,Acc ,9
3dd9e578dace13af ,5750617004821862 ,5.126419 ,-6.227188 ,5.5778046 ,0 ,Acc ,9
3dd9e578dace13af ,5750617121328894 ,5.274948 ,-7.1520996 ,4.1463776 ,0 ,Acc ,9
3dd9e578dace13af ,5750617224148060 ,5.8489075 ,-7.5578156 ,2.199936 ,0 ,Acc ,9
3dd9e578dace13af ,5750617324152800 ,6.110672 ,-7.5870056 ,1.1256866 ,0 ,Acc ,9
3dd9e578dace13af ,5750617440366393 ,6.124756 ,-7.6218567 ,0.75157166 ,0 ,Acc ,9
3dd9e578dace13af ,5750617543200612 ,6.063492 ,-7.6666107 ,0.7920227 ,0 ,Acc ,9
3dd9e578dace13af ,5750617664902122 ,6.0381775 ,-7.694916 ,0.70635986 ,0 ,Acc ,9
3dd9e578dace13af ,5750617785075352 ,5.9141846 ,-7.806305 ,0.5042877 ,0 ,Acc ,9
3dd9e578dace13af ,5750617800357747 ,0.3730011 ,0.54151917 ,-0.042434692 ,0 ,Acc ,10
3dd9e578dace13af ,5750617821075352 ,-0.43719482 ,-0.53619385 ,0.17285156 ,3 ,Acc ,15
3dd9e578dace13af ,5750617900369049 ,5.788803 ,-7.910492 ,0.2899475 ,0 ,Acc ,9
3dd9e578dace13af ,5750618004084049 ,5.694992 ,-7.9819794 ,0.15872192 ,0 ,Acc ,9
3dd9e578dace13af ,5750618103132747 ,5.6194763 ,-8.036896 ,-0.0017547607 ,0 ,Acc ,9
3dd9e578dace13af ,5750618206037904 ,5.5812683 ,-8.062286 ,-0.138031 ,0 ,Acc ,9
3dd9e578dace13af ,5750618305504206 ,5.594162 ,-8.052673 ,-0.17355347 ,0 ,Acc ,9
3dd9e578dace13af ,5750618406258372 ,5.576828 ,-8.064148 ,-0.19696045 ,0 ,Acc ,9
3dd9e578dace13af ,5750618505186445 ,5.57016 ,-8.069122 ,-0.18058777 ,0 ,Acc ,9
3dd9e578dace13af ,5750618603138633 ,5.616684 ,-8.036255 ,-0.20388794 ,0 ,Acc ,9
3dd9e578dace13af ,5750618726766185 ,5.625122 ,-8.027908 ,-0.28451538 ,0 ,Acc ,9
3dd9e578dace13af ,5750618846806862 ,5.5243073 ,-8.102203 ,-0.08055115 ,0 ,Acc ,9
3dd9e578dace13af ,5750618946661185 ,4.7180176 ,-8.099091 ,2.883606 ,0 ,Acc ,9
3dd9e578dace13af ,5750619047093841 ,3.7583923 ,-7.4544373 ,5.1454926 ,0 ,Acc ,9
3dd9e578dace13af ,5750619147239414 ,3.0911255 ,-8.598343 ,3.5614014 ,0 ,Acc ,9
3dd9e578dace13af ,5750619246316080 ,2.9205322 ,-9.292374 ,-1.1368561 ,0 ,Acc ,9
3dd9e578dace13af ,5750619367447070 ,2.6248474 ,-8.249313 ,-4.6075134 ,0 ,Acc ,9
3dd9e578dace13af ,5750619487457018 ,2.1213684 ,-6.919571 ,-6.6173553 ,0 ,Acc ,9
