3dd9e578dace13af ,5745606555982018 ,0.9138336 ,-9.493805 ,2.28096 ,0 ,Acc ,9
3dd9e578dace13af ,5745607810781861 ,-8.908691 ,-0.22164917 ,4.093445 ,0 ,Acc ,9
3dd9e578dace13af ,5745607909235767 ,-8.830032 ,-0.33566284 ,4.2529907 ,0 ,Acc ,9
3dd9e578dace13af ,5745608009398424 ,-8.67598 ,-0.8369293 ,4.49411 ,0 ,Acc ,9
3dd9e578dace13af ,5745608109341236 ,-8.3750305 ,-2.57312 ,4.405472 ,0 ,Acc ,9
3dd9e578dace13af ,5745608830120507 ,-8.067642 ,-4.572235 ,3.1902924 ,0 ,Acc ,9
3dd9e578dace13af ,5745609051106184 ,-8.360947 ,-4.274948 ,2.8265686 ,0 ,Acc ,9
3dd9e578dace13af ,5745609069444569 ,0.08734131 ,0.5899048 ,-0.4661255 ,3 ,Acc ,15
3dd9e578dace13af ,5745609173617746 ,0.08959961 ,0.5878296 ,-0.4663086 ,3 ,Acc ,15
3dd9e578dace13af ,5745609293729100 ,0.0914917 ,0.58776855 ,-0.4658203 ,3 ,Acc ,15
3dd9e578dace13af ,5745609394907850 ,0.09234619 ,0.5877075 ,-0.46600342 ,3 ,Acc ,15
3dd9e578dace13af ,5745609493898215 ,0.09399414 ,0.5883179 ,-0.46502686 ,3 ,Acc ,15
3dd9e578dace13af ,5745609575333631 ,0.0031860352 ,0.0063720704 ,0.118945315 ,3 ,Acc ,4
3dd9e578dace13af ,5745609611746444 ,0.09661865 ,0.58917236 ,-0.46435547 ,3 ,Acc ,15
3dd9e578dace13af ,5745609693880454 ,-0.04991455 ,-0.020178223 ,0.0722168 ,3 ,Acc ,4
3dd9e578dace13af ,5745609796820350 ,-0.0361084 ,-0.02442627 ,0.0637207 ,3 ,Acc ,4
3dd9e578dace13af ,5745609897591131 ,0.0010620117 ,-0.013806152 ,0.070092775 ,3 ,Acc ,4
3dd9e578dace13af ,5745610016853579 ,-0.0063720704 ,-0.025488282 ,0.06903076 ,3 ,Acc ,4
3dd9e578dace13af ,5745610117113527 ,0.0010620117 ,-0.028674318 ,0.06796875 ,3 ,Acc ,4
3dd9e578dace13af ,5745610237383787 ,-0.0031860352 ,-0.029736329 ,0.0722168 ,3 ,Acc ,4
3dd9e578dace13af ,5745610356524048 ,0.0 ,-0.029736329 ,0.07646485 ,3 ,Acc ,4
3dd9e578dace13af ,5745610458090818 ,-0.046728518 ,-0.04885254 ,0.06690674 ,3 ,Acc ,4
3dd9e578dace13af ,5745610559161600 ,-0.045666505 ,-0.027612304 ,0.081774905 ,3 ,Acc ,4
3dd9e578dace13af ,5745610675550610 ,0.050976563 ,-0.007434082 ,0.06796875 ,3 ,Acc ,4
3dd9e578dace13af ,5745610781582954 ,-0.047790527 ,-0.058410645 ,0.023364259 ,3 ,Acc ,4
3dd9e578dace13af ,5745610895600037 ,-0.004248047 ,-0.019116212 ,0.093457036 ,3 ,Acc ,4
3dd9e578dace13af ,5745610998050974 ,-0.0031860352 ,-0.016992187 ,0.06584473 ,3 ,Acc ,4
3dd9e578dace13af ,5745611114702277 ,-0.0010620117 ,-0.012744141 ,0.08814698 ,3 ,Acc ,4
3dd9e578dace13af ,5745611237496860 ,0.028674318 ,-0.0021240234 ,0.087084964 ,3 ,Acc ,4
3dd9e578dace13af ,5745611353488943 ,-0.004248047 ,-0.008496094 ,0.08496094 ,3 ,Acc ,4
3dd9e578dace13af ,5745611459429099 ,-0.012744141 ,-0.028674318 ,0.081774905 ,3 ,Acc ,4
3dd9e578dace13af ,5745611560247328 ,0.0180542 ,-0.008496094 ,0.107263185 ,3 ,Acc ,4
3dd9e578dace13af ,5745611673101026 ,-0.009558106 ,-0.03717041 ,0.08920898 ,3 ,Acc ,4
3dd9e578dace13af ,5745611778739724 ,0.0010620117 ,-0.03186035 ,0.09770508 ,3 ,Acc ,4
3dd9e578dace13af ,5745611878948578 ,0.014868164 ,-0.02442627 ,0.10301514 ,3 ,Acc ,4
3dd9e578dace13af ,5745611979197849 ,0.043542482 ,0.0010620117 ,0.10620117 ,3 ,Acc ,4
3dd9e578dace13af ,5745612098962224 ,0.004248047 ,-0.0021240234 ,0.0998291 ,3 ,Acc ,4
3dd9e578dace13af ,5745612219192328 ,-0.004248047 ,0.0 ,0.081774905 ,3 ,Acc ,4
3dd9e578dace13af ,5745612340176911 ,0.013806152 ,-0.0053100586 ,0.0722168 ,3 ,Acc ,4
3dd9e578dace13af ,5745612459149359 ,0.010620117 ,-0.0021240234 ,0.08496094 ,3 ,Acc ,4
3dd9e578dace13af ,5745612574546443 ,0.04248047 ,0.011682129 ,0.11469727 ,3 ,Acc ,4
3dd9e578dace13af ,5745612615403005 ,0.0960083 ,0.5986328 ,-0.4732666 ,3 ,Acc ,15
3dd9e578dace13af ,5745612616098578 ,-8.226477 ,-4.3718123 ,2.5905263 ,3 ,Acc ,1
3dd9e578dace13af ,5745612674171443 ,0.019116212 ,0.0021240234 ,0.0998291 ,3 ,Acc ,4
3dd9e578dace13af ,5745612774744776 ,-0.007434082 ,-0.023364259 ,0.07646485 ,3 ,Acc ,4
3dd9e578dace13af ,5745612879697432 ,-0.021240234 ,-0.04248047 ,0.083898924 ,3 ,Acc ,4
3dd9e578dace13af ,5745612980845817 ,0.011682129 ,-0.03186035 ,0.078588866 ,3 ,Acc ,4
3dd9e578dace13af ,5745613080399828 ,-0.004248047 ,-0.04141846 ,0.087084964 ,3 ,Acc ,4
3dd9e578dace13af ,5745613196720713 ,-0.05522461 ,-0.07646485 ,-0.0031860352 ,3 ,Acc ,4
3dd9e578dace13af ,5745613301207640 ,0.022302246 ,-0.0541626 ,0.07540283 ,3 ,Acc ,4
3dd9e578dace13af ,5745613417133994 ,-0.18054199 ,-0.06903076 ,-0.26656494 ,3 ,Acc ,4
3dd9e578dace13af ,5745613537841911 ,0.4056885 ,-0.28780517 ,-1.3083985 ,3 ,Acc ,4
3dd9e578dace13af ,5745613661533421 ,0.2538208 ,0.09133301 ,-1.2361816 ,3 ,Acc ,4
3dd9e578dace13af ,5745613776197796 ,0.30373535 ,0.21346436 ,-0.66481936 ,3 ,Acc ,4
3dd9e578dace13af ,5745613881137380 ,0.21877442 ,0.08496094 ,-0.17947999 ,3 ,Acc ,4
3dd9e578dace13af ,5745614000342432 ,0.11044922 ,0.07434082 ,0.2793091 ,3 ,Acc ,4
3dd9e578dace13af ,5745614099471650 ,0.3079834 ,0.014868164 ,0.6287109 ,3 ,Acc ,4
3dd9e578dace13af ,5745614201563421 ,0.13381349 ,-0.03079834 ,0.64782715 ,3 ,Acc ,4
3dd9e578dace13af ,5745614320619775 ,-6.0141726 ,-2.2896974 ,-1.7735596 ,3 ,Acc ,4
3dd9e578dace13af ,5745614438887952 ,2.3130615 ,-1.7969239 ,-4.809851 ,3 ,Acc ,4
3dd9e578dace13af ,5745614539893109 ,2.7229981 ,-1.2149414 ,-1.0545777 ,3 ,Acc ,4
3dd9e578dace13af ,5745614642139671 ,2.436255 ,-1.0248413 ,0.33984375 ,3 ,Acc ,4
3dd9e578dace13af ,5745614761689567 ,0.18160401 ,-0.8931519 ,0.6446411 ,3 ,Acc ,4
3dd9e578dace13af ,5745614859552744 ,-0.2442627 ,-0.6616333 ,0.6945557 ,3 ,Acc ,4
3dd9e578dace13af ,5745614962452900 ,0.13912354 ,-0.817749 ,0.66269535 ,3 ,Acc ,4
3dd9e578dace13af ,5745615077334567 ,0.0637207 ,-0.7784546 ,0.7349121 ,3 ,Acc ,4
3dd9e578dace13af ,5745615180554931 ,0.15186767 ,-0.74022216 ,0.7168579 ,3 ,Acc ,4
3dd9e578dace13af ,5745615282530765 ,0.0031860352 ,-0.7423462 ,0.7083618 ,3 ,Acc ,4
3dd9e578dace13af ,5745615383849462 ,0.11469727 ,-0.6244629 ,0.7317261 ,3 ,Acc ,4
3dd9e578dace13af ,5745615502294931 ,0.0 ,-0.6860596 ,0.8496094 ,3 ,Acc ,4
3dd9e578dace13af ,5745615619071129 ,-0.55267334 ,0.13452148 ,-0.24542236 ,3 ,Acc ,15
3dd9e578dace13af ,5745615619767483 ,1.5705963 ,-9.878476 ,2.9257145 ,3 ,Acc ,1
3dd9e578dace13af ,5745615619767483 ,-0.13168946 ,-0.727478 ,0.47471926 ,3 ,Acc ,4
3dd9e578dace13af ,5745615741464775 ,-0.47471926 ,-0.8421753 ,0.20603028 ,3 ,Acc ,4
3dd9e578dace13af ,5745615840503577 ,-1.3742431 ,-0.91757816 ,0.11469727 ,3 ,Acc ,4
3dd9e578dace13af ,5745615944422587 ,-0.070092775 ,-0.6860596 ,0.5479981 ,3 ,Acc ,4
3dd9e578dace13af ,5745616061945973 ,1.1416626 ,-0.91014403 ,1.3699951 ,3 ,Acc ,4
3dd9e578dace13af ,5745616165220400 ,-0.8007569 ,-0.6605713 ,2.5445802 ,3 ,Acc ,4
3dd9e578dace13af ,5745616264747639 ,4.0016603 ,0.6244629 ,3.719165 ,3 ,Acc ,4
3dd9e578dace13af ,5745616382101129 ,-0.19753419 ,3.342151 ,4.4009767 ,3 ,Acc ,4
3dd9e578dace13af ,5745616480023056 ,0.40462646 ,1.9976441 ,2.4744873 ,3 ,Acc ,4
3dd9e578dace13af ,5745616585191441 ,0.5607422 ,1.1544068 ,0.6605713 ,3 ,Acc ,4
3dd9e578dace13af ,5745616704153993 ,2.0507448 ,0.14549561 ,-0.998291 ,3 ,Acc ,4
3dd9e578dace13af ,5745616822200660 ,1.8956909 ,-0.85598147 ,-1.7799317 ,3 ,Acc ,4
3dd9e578dace13af ,5745616945456806 ,1.1076783 ,-0.9303223 ,-2.1123414 ,3 ,Acc ,4
3dd9e578dace13af ,5745617065301337 ,-0.544812 ,-0.8251831 ,-2.1017213 ,3 ,Acc ,4
3dd9e578dace13af ,5745617166317222 ,0.16354981 ,-0.14018555 ,-1.8829468 ,3 ,Acc ,4
3dd9e578dace13af ,5745617280124982 ,-0.37489015 ,0.29630128 ,-0.19434814 ,3 ,Acc ,4
3dd9e578dace13af ,5745617385445816 ,-0.41099855 ,0.72216797 ,0.9303223 ,3 ,Acc ,4
3dd9e578dace13af ,5745617484946337 ,0.6839356 ,0.25700685 ,0.24638672 ,3 ,Acc ,4
3dd9e578dace13af ,5745617600669097 ,0.021240234 ,0.21452637 ,0.38869628 ,3 ,Acc ,4
3dd9e578dace13af ,5745617702039774 ,-0.88996583 ,0.19541016 ,1.2765381 ,3 ,Acc ,4
3dd9e578dace13af ,5745617820653941 ,-0.6945557 ,0.35789797 ,3.0862062 ,3 ,Acc ,4
3dd9e578dace13af ,5745617921999566 ,-1.3901733 ,0.18797608 ,2.7314942 ,3 ,Acc ,4
3dd9e578dace13af ,5745618025470972 ,0.2548828 ,-0.16779785 ,0.30373535 ,3 ,Acc ,4
3dd9e578dace13af ,5745618143065034 ,2.4054565 ,-0.81031495 ,-2.536084 ,3 ,Acc ,4
3dd9e578dace13af ,5745618243864461 ,0.5246338 ,-1.3115845 ,-2.8663697 ,3 ,Acc ,4
3dd9e578dace13af ,5745618365624930 ,-0.039294433 ,-0.90058595 ,-0.06903076 ,3 ,Acc ,4
3dd9e578dace13af ,5745618486075972 ,-0.79226077 ,0.96218264 ,3.0692139 ,3 ,Acc ,4
3dd9e578dace13af ,5745618604483159 ,2.3045654 ,1.0524536 ,1.9583496 ,3 ,Acc ,4
3dd9e578dace13af ,5745618621249774 ,-0.11853027 ,0.64404297 ,0.021118164 ,3 ,Acc ,15
3dd9e578dace13af ,5745618621880972 ,-10.290278 ,-2.2840683 ,1.4077905 ,3 ,Acc ,1
3dd9e578dace13af ,5745618720392951 ,-1.449646 ,0.34090576 ,0.48321533 ,3 ,Acc ,4
3dd9e578dace13af ,5745618821213940 ,-1.0567017 ,0.13275146 ,0.5129517 ,3 ,Acc ,4
3dd9e578dace13af ,5745618926669461 ,-0.41737062 ,0.2984253 ,0.31010744 ,3 ,Acc ,4
3dd9e578dace13af ,5745619027281648 ,-0.15823975 ,-0.3982544 ,-0.8326172 ,3 ,Acc ,4
3dd9e578dace13af ,5745619141648836 ,1.1193603 ,-0.98236084 ,-1.3795532 ,3 ,Acc ,4
3dd9e578dace13af ,5745619247424669 ,1.2574219 ,-1.1406006 ,-2.4213867 ,3 ,Acc ,4
3dd9e578dace13af ,5745619347522638 ,-1.3742431 ,-1.002539 ,-1.5144287 ,3 ,Acc ,4
3dd9e578dace13af ,5745619447076440 ,-0.3069214 ,-0.08496094 ,0.95793456 ,3 ,Acc ,4
3dd9e578dace13af ,5745619566347377 ,-0.8496094 ,1.3126465 ,3.6873047 ,3 ,Acc ,4
3dd9e578dace13af ,5745619667941179 ,2.3417358 ,1.0450195 ,1.4963745 ,3 ,Acc ,4
3dd9e578dace13af ,5745619782202586 ,-1.4878784 ,0.19116211 ,0.1720459 ,3 ,Acc ,4
3dd9e578dace13af ,5745619884107065 ,-1.0269654 ,-0.07752686 ,0.6669434 ,3 ,Acc ,4
3dd9e578dace13af ,5745619987643575 ,-0.06903076 ,0.057348635 ,0.3069214 ,3 ,Acc ,4
3dd9e578dace13af ,5745620087249825 ,0.07540283 ,-0.22196046 ,-0.6403931 ,3 ,Acc ,4
3dd9e578dace13af ,5745620204114408 ,1.5632813 ,-0.6138428 ,-1.364685 ,3 ,Acc ,4
3dd9e578dace13af ,5745620304091752 ,0.5214478 ,-0.5140137 ,-2.4967897 ,3 ,Acc ,4
3dd9e578dace13af ,5745620407966127 ,-0.20178223 ,-0.3069214 ,-1.9732178 ,3 ,Acc ,4
3dd9e578dace13af ,5745620506866023 ,0.70198977 ,0.04248047 ,0.4428589 ,3 ,Acc ,4
3dd9e578dace13af ,5745620604990242 ,0.24532472 ,0.6488892 ,2.8695557 ,3 ,Acc ,4
3dd9e578dace13af ,5745620708903106 ,-2.2121704 ,1.3083985 ,2.264209 ,3 ,Acc ,4
3dd9e578dace13af ,5745620808653731 ,0.87403566 ,0.15930176 ,1.002539 ,3 ,Acc ,4
3dd9e578dace13af ,5745620909397221 ,-0.1444336 ,0.3525879 ,0.26868898 ,3 ,Acc ,4
3dd9e578dace13af ,5745621028981491 ,-0.2081543 ,0.38551027 ,0.3419678 ,3 ,Acc ,4
3dd9e578dace13af ,5745621129019616 ,-0.23364258 ,-0.0010620117 ,-0.62552494 ,3 ,Acc ,4
3dd9e578dace13af ,5745621229727637 ,-0.31966552 ,-0.7625244 ,-1.6960328 ,3 ,Acc ,4
3dd9e578dace13af ,5745621348080606 ,0.40462646 ,-1.8946289 ,-2.6433473 ,3 ,Acc ,4
3dd9e578dace13af ,5745621448188783 ,-0.16142578 ,-1.5643433 ,-1.6110718 ,3 ,Acc ,4
3dd9e578dace13af ,5745621550046856 ,-0.6680054 ,-0.7540283 ,0.9451904 ,3 ,Acc ,4
3dd9e578dace13af ,5745621623582585 ,-0.38012695 ,0.4492798 ,0.0018310547 ,3 ,Acc ,15
3dd9e578dace13af ,5745621624286908 ,-7.8912888 ,-2.0446482 ,1.1779473 ,3 ,Acc ,1
3dd9e578dace13af ,5745621664313835 ,-1.3859253 ,0.5278198 ,3.4972045 ,3 ,Acc ,4
3dd9e578dace13af ,5745621767977845 ,-2.2344728 ,0.30267334 ,3.5949097 ,3 ,Acc ,4
3dd9e578dace13af ,5745621889191491 ,-0.7083618 ,-0.06159668 ,0.8241211 ,3 ,Acc ,4
3dd9e578dace13af ,5745622007070293 ,-1.350879 ,-0.13806152 ,0.6467652 ,3 ,Acc ,4
3dd9e578dace13af ,5745622109726179 ,-1.3827393 ,0.13062744 ,0.58623046 ,3 ,Acc ,4
3dd9e578dace13af ,5745622227890137 ,-0.05628662 ,0.32816163 ,-0.095581055 ,3 ,Acc ,4
3dd9e578dace13af ,5745622350963991 ,1.2882203 ,-0.47471926 ,-1.9657837 ,3 ,Acc ,4
3dd9e578dace13af ,5745622465203418 ,2.3746583 ,-1.1119263 ,-1.5218629 ,3 ,Acc ,4
3dd9e578dace13af ,5745622566899095 ,-1.3530029 ,-1.0598878 ,-1.1289185 ,3 ,Acc ,4
3dd9e578dace13af ,5745622671258158 ,-0.023364259 ,-0.58304447 ,0.05522461 ,3 ,Acc ,4
3dd9e578dace13af ,5745622772362376 ,-0.64782715 ,0.3525879 ,1.8213501 ,3 ,Acc ,4
3dd9e578dace13af ,5745622888356282 ,-1.4135376 ,0.6669434 ,2.0252564 ,3 ,Acc ,4
3dd9e578dace13af ,5745623010219407 ,-0.47578126 ,0.16142578 ,1.174585 ,3 ,Acc ,4
3dd9e578dace13af ,5745623131273314 ,-0.79226077 ,0.1996582 ,1.081128 ,3 ,Acc ,4
3dd9e578dace13af ,5745623231290553 ,-0.29205322 ,0.3430298 ,0.29523927 ,3 ,Acc ,4
3dd9e578dace13af ,5745623349855397 ,-0.2081543 ,-0.23258057 ,-1.3275146 ,3 ,Acc ,4
3dd9e578dace13af ,5745623449850084 ,1.3009644 ,-0.49171144 ,-1.8298463 ,3 ,Acc ,4
3dd9e578dace13af ,5745623552229043 ,1.811792 ,-0.8442993 ,-2.2971313 ,3 ,Acc ,4
3dd9e578dace13af ,5745623667330397 ,-0.1539917 ,-0.8209351 ,-1.273352 ,3 ,Acc ,4
3dd9e578dace13af ,5745623768846959 ,-0.44710693 ,-0.020178223 ,1.1140503 ,3 ,Acc ,4
3dd9e578dace13af ,5745623872586126 ,-1.265918 ,0.7657105 ,3.0171754 ,3 ,Acc ,4
3dd9e578dace13af ,5745623989061126 ,0.05628662 ,0.46409914 ,1.4878784 ,3 ,Acc ,4
3dd9e578dace13af ,5745624108803261 ,-1.4528321 ,0.13699952 ,0.7954468 ,3 ,Acc ,4
3dd9e578dace13af ,5745624208387272 ,-0.75296634 ,0.19116211 ,1.0259033 ,3 ,Acc ,4
3dd9e578dace13af ,5745624332476542 ,-0.0031860352 ,0.033984374 ,-0.08814698 ,3 ,Acc ,4
3dd9e578dace13af ,5745624452544719 ,1.4114136 ,-0.39294434 ,-1.6142578 ,3 ,Acc ,4
3dd9e578dace13af ,5745624572224980 ,1.8415283 ,-0.7306641 ,-1.7151489 ,3 ,Acc ,4
3dd9e578dace13af ,5745624627194042 ,-0.4524536 ,0.36816406 ,0.42785645 ,3 ,Acc ,15
3dd9e578dace13af ,5745624627825501 ,-6.9288197 ,-2.0159178 ,0.34476504 ,3 ,Acc ,1
3dd9e578dace13af ,5745624688336959 ,0.80606693 ,-0.74659425 ,-1.1352905 ,3 ,Acc ,4
3dd9e578dace13af ,5745624789428573 ,-0.6956177 ,-0.07752686 ,0.24320069 ,3 ,Acc ,4
3dd9e578dace13af ,5745624919487375 ,-1.3859253 ,0.88359374 ,2.2440307 ,3 ,Acc ,4
3dd9e578dace13af ,5745625031947167 ,0.18691407 ,0.87191164 ,1.4018555 ,3 ,Acc ,4
3dd9e578dace13af ,5745625155781073 ,0.07752686 ,0.44604492 ,0.56817627 ,3 ,Acc ,4
3dd9e578dace13af ,5745625271025865 ,-0.6287109 ,0.19434814 ,0.71154785 ,3 ,Acc ,4
3dd9e578dace13af ,5745625373371646 ,-0.10938721 ,0.008496094 ,0.0541626 ,3 ,Acc ,4
3dd9e578dace13af ,5745625485608104 ,1.1490967 ,-0.8028809 ,-1.268042 ,3 ,Acc ,4
3dd9e578dace13af ,5745625594323261 ,1.3614991 ,-1.2850342 ,-0.88359374 ,3 ,Acc ,4
3dd9e578dace13af ,5745625691080240 ,-0.51082766 ,-1.357251 ,-1.2563599 ,3 ,Acc ,4
3dd9e578dace13af ,5745625795083313 ,-0.32709962 ,-0.99298096 ,-0.8496094 ,3 ,Acc ,4
3dd9e578dace13af ,5745625912555969 ,-1.4730103 ,0.4439209 ,0.97280276 ,3 ,Acc ,4
3dd9e578dace13af ,5745626030574875 ,-0.32922363 ,1.2276856 ,1.7724975 ,3 ,Acc ,4
3dd9e578dace13af ,5745626129713573 ,-0.03186035 ,1.084314 ,1.4337158 ,3 ,Acc ,4
3dd9e578dace13af ,5745626230350708 ,-0.3982544 ,0.67437744 ,1.3009644 ,3 ,Acc ,4
3dd9e578dace13af ,5745626355313364 ,-0.17735596 ,0.16036378 ,0.52888185 ,3 ,Acc ,4
3dd9e578dace13af ,5745626470664198 ,0.23789063 ,-0.68074954 ,-0.61915284 ,3 ,Acc ,4
3dd9e578dace13af ,5745626573348156 ,1.9317993 ,-1.3105224 ,-1.3965454 ,3 ,Acc ,4
3dd9e578dace13af ,5745626690446385 ,-0.33240968 ,-1.8479004 ,-2.4574952 ,3 ,Acc ,4
3dd9e578dace13af ,5745626793424562 ,-0.1263794 ,-1.080066 ,-1.5229248 ,3 ,Acc ,4
3dd9e578dace13af ,5745626894938937 ,0.08496094 ,0.14230958 ,0.44604492 ,3 ,Acc ,4
3dd9e578dace13af ,5745627003267270 ,-0.86978763 ,1.2404298 ,2.8451295 ,3 ,Acc ,4
3dd9e578dace13af ,5745627112099302 ,-0.811377 ,1.260608 ,1.9179932 ,3 ,Acc ,4
3dd9e578dace13af ,5745627211936385 ,-0.115759276 ,0.56392825 ,1.1395386 ,3 ,Acc ,4
3dd9e578dace13af ,5745627315367531 ,0.107263185 ,0.45772704 ,0.88996583 ,3 ,Acc ,4
3dd9e578dace13af ,5745627433559249 ,-0.14868164 ,-0.025488282 ,-0.06478272 ,3 ,Acc ,4
3dd9e578dace13af ,5745627556491801 ,-0.1444336 ,-0.77102053 ,-1.3784913 ,3 ,Acc ,4
3dd9e578dace13af ,5745627631060135 ,-0.48034668 ,0.42163086 ,0.50079346 ,3 ,Acc ,15
3dd9e578dace13af ,5745627634574979 ,-13.010092 ,-3.6343982 ,0.8858546 ,3 ,Acc ,1
3dd9e578dace13af ,5745627671210708 ,1.3498169 ,-1.4719483 ,-1.8532104 ,3 ,Acc ,4
3dd9e578dace13af ,5745627777761176 ,0.28461915 ,-1.4390259 ,-2.3162477 ,3 ,Acc ,4
3dd9e578dace13af ,5745627896230187 ,-0.48640138 ,-0.4333008 ,0.05522461 ,3 ,Acc ,4
3dd9e578dace13af ,5745628010708520 ,-0.9632446 ,1.2181275 ,2.7559204 ,3 ,Acc ,4
3dd9e578dace13af ,5745628124790708 ,-0.32709962 ,1.2967163 ,2.4787354 ,3 ,Acc ,4
3dd9e578dace13af ,5745628236626697 ,-0.99298096 ,0.5501221 ,0.74447024 ,3 ,Acc ,4
3dd9e578dace13af ,5745628336857791 ,-1.6078857 ,0.3727661 ,0.88359374 ,3 ,Acc ,4
3dd9e578dace13af ,5745628452482009 ,-0.61065674 ,0.32497558 ,0.631897 ,3 ,Acc ,4
3dd9e578dace13af ,5745628553114562 ,0.31435546 ,-0.19753419 ,-0.3727661 ,3 ,Acc ,4
3dd9e578dace13af ,5745628677480291 ,3.0989501 ,-0.8315552 ,-1.5654052 ,3 ,Acc ,4
3dd9e578dace13af ,5745628778871384 ,2.9492066 ,-1.2882203 ,-1.9254273 ,3 ,Acc ,4
3dd9e578dace13af ,5745628896738207 ,-1.6535523 ,-1.1299804 ,-1.4825684 ,3 ,Acc ,4
3dd9e578dace13af ,5745628998063676 ,-0.7327881 ,-0.26868898 ,0.8729736 ,3 ,Acc ,4
3dd9e578dace13af ,5745629113383988 ,-1.1246704 ,0.9143921 ,2.5679443 ,3 ,Acc ,4
3dd9e578dace13af ,5745629216933884 ,1.8776368 ,0.8241211 ,1.0078491 ,3 ,Acc ,4
3dd9e578dace13af ,5745629317597895 ,-1.088562 ,0.16354981 ,0.58623046 ,3 ,Acc ,4
3dd9e578dace13af ,5745629417530551 ,-0.56605226 ,0.13487549 ,0.52888185 ,3 ,Acc ,4
3dd9e578dace13af ,5745629518681280 ,-0.5384399 ,0.32709962 ,0.5097656 ,3 ,Acc ,4
3dd9e578dace13af ,5745629637503259 ,0.8506714 ,-0.5628662 ,-1.260608 ,3 ,Acc ,4
3dd9e578dace13af ,5745629875799665 ,-0.7168579 ,-1.2117554 ,-1.7618774 ,3 ,Acc ,4
3dd9e578dace13af ,5745630193699040 ,-0.0063720704 ,1.2829102 ,2.166504 ,3 ,Acc ,4
3dd9e578dace13af ,5745630298892686 ,0.08920898 ,0.69349366 ,1.0673218 ,3 ,Acc ,4
3dd9e578dace13af ,5745630416105030 ,-0.94731444 ,0.45135498 ,0.95368654 ,3 ,Acc ,4
3dd9e578dace13af ,5745630533370446 ,-0.33028564 ,0.1996582 ,0.37489015 ,3 ,Acc ,4
3dd9e578dace13af ,5745630634512373 ,-14.580688 ,-2.9113493 ,1.9967642 ,3 ,Acc ,1
3dd9e578dace13af ,5745630634512373 ,-0.1901001 ,-0.85598147 ,-1.3030884 ,3 ,Acc ,4
3dd9e578dace13af ,5745630633815394 ,-0.4956665 ,0.4539795 ,0.57147217 ,3 ,Acc ,15
3dd9e578dace13af ,5745630739510498 ,0.54375 ,-1.176709 ,-2.3321779 ,3 ,Acc ,4
3dd9e578dace13af ,5745630853682113 ,3.169043 ,-1.2903442 ,-2.2387207 ,3 ,Acc ,4
3dd9e578dace13af ,5745630954303259 ,-0.68924564 ,-0.813501 ,-1.3423828 ,3 ,Acc ,4
3dd9e578dace13af ,5745631058813675 ,-0.542688 ,0.18903808 ,0.8379273 ,3 ,Acc ,4
3dd9e578dace13af ,5745631160462321 ,-1.1629028 ,1.5006226 ,3.5078247 ,3 ,Acc ,4
3dd9e578dace13af ,5745631274723050 ,1.8946289 ,0.90908206 ,2.3863404 ,3 ,Acc ,4
3dd9e578dace13af ,5745631376219717 ,0.65207523 ,0.6818115 ,0.48321533 ,3 ,Acc ,4
3dd9e578dace13af ,5745631479787060 ,-0.35789797 ,0.42905274 ,0.5511841 ,3 ,Acc ,4
3dd9e578dace13af ,5745631581927373 ,-0.7625244 ,0.020178223 ,0.5065796 ,3 ,Acc ,4
3dd9e578dace13af ,5745631680913883 ,0.23789063 ,-0.541626 ,-0.727478 ,3 ,Acc ,4
3dd9e578dace13af ,5745631808605342 ,2.34917 ,-1.3094605 ,-1.6769165 ,3 ,Acc ,4
3dd9e578dace13af ,5745631918838675 ,0.081774905 ,-1.720459 ,-1.8712647 ,3 ,Acc ,4
3dd9e578dace13af ,5745632041392112 ,0.14761963 ,-0.9154541 ,-1.3891114 ,3 ,Acc ,4
3dd9e578dace13af ,5745632160851643 ,-0.4343628 ,0.64995116 ,1.1809571 ,3 ,Acc ,4
3dd9e578dace13af ,5745632259723675 ,-1.0216553 ,1.6206299 ,3.1180665 ,3 ,Acc ,4
3dd9e578dace13af ,5745632361680237 ,0.69986576 ,1.4145997 ,1.9424194 ,3 ,Acc ,4
3dd9e578dace13af ,5745632477322268 ,-0.033984374 ,0.6605713 ,0.5787964 ,3 ,Acc ,4
3dd9e578dace13af ,5745632582860393 ,-0.362146 ,0.1731079 ,0.60959476 ,3 ,Acc ,4
3dd9e578dace13af ,5745632682120185 ,-0.8602295 ,-0.48109132 ,-0.270813 ,3 ,Acc ,4
3dd9e578dace13af ,5745632783187893 ,-0.76677245 ,-0.72641605 ,-0.99722904 ,3 ,Acc ,4
3dd9e578dace13af ,5745632899837008 ,1.9615357 ,-1.0312134 ,-1.453894 ,3 ,Acc ,4
3dd9e578dace13af ,5745633002450706 ,1.8319702 ,-0.8358032 ,-1.4740723 ,3 ,Acc ,4
3dd9e578dace13af ,5745633116999299 ,-0.6977417 ,-0.37595215 ,-0.22727051 ,3 ,Acc ,4
3dd9e578dace13af ,5745633220038935 ,-1.4592041 ,0.9897949 ,1.3041505 ,3 ,Acc ,4
3dd9e578dace13af ,5745633337484195 ,0.8506714 ,0.9600586 ,0.98448485 ,3 ,Acc ,4
3dd9e578dace13af ,5745633439121747 ,-1.0290893 ,0.26975098 ,0.71791995 ,3 ,Acc ,4
3dd9e578dace13af ,5745633562239091 ,-0.08071289 ,0.22196046 ,0.4895874 ,3 ,Acc ,4
3dd9e578dace13af ,5745633637086278 ,-0.4475708 ,0.49749756 ,0.48779297 ,3 ,Acc ,15
3dd9e578dace13af ,5745633637706903 ,-10.524911 ,-2.4660277 ,2.1787236 ,3 ,Acc ,1
3dd9e578dace13af ,5745633677134507 ,-0.41418457 ,0.14974366 ,0.39294434 ,3 ,Acc ,4
3dd9e578dace13af ,5745633784184143 ,-0.30373535 ,-0.63933104 ,-0.2538208 ,3 ,Acc ,4
3dd9e578dace13af ,5745633906326539 ,1.2935303 ,-1.1352905 ,-1.5579712 ,3 ,Acc ,4
3dd9e578dace13af ,5745634018178257 ,0.14549561 ,-1.2170655 ,-1.7756836 ,3 ,Acc ,4
3dd9e578dace13af ,5745634122825705 ,-0.14868164 ,-0.6042847 ,-0.45135498 ,3 ,Acc ,4
3dd9e578dace13af ,5745634223017997 ,-0.6945557 ,0.64570314 ,1.6885986 ,3 ,Acc ,4
3dd9e578dace13af ,5745634335999716 ,-1.1724609 ,1.1682129 ,2.889734 ,3 ,Acc ,4
3dd9e578dace13af ,5745634443792893 ,0.72641605 ,0.6074707 ,0.90908206 ,3 ,Acc ,4
3dd9e578dace13af ,5745634542149611 ,-0.75721437 ,0.07752686 ,0.19647217 ,3 ,Acc ,4
3dd9e578dace13af ,5745634641864663 ,-0.60959476 ,-0.08814698 ,0.33240968 ,3 ,Acc ,4
3dd9e578dace13af ,5745634744218309 ,-0.5012695 ,-0.0361084 ,0.1359375 ,3 ,Acc ,4
3dd9e578dace13af ,5745634863305913 ,-0.022302246 ,-0.47578126 ,-0.80394286 ,3 ,Acc ,4
3dd9e578dace13af ,5745634962957788 ,1.2956543 ,-0.998291 ,-1.4953126 ,3 ,Acc ,4
3dd9e578dace13af ,5745635080222267 ,-0.29523927 ,-1.1267945 ,-2.0475585 ,3 ,Acc ,4
3dd9e578dace13af ,5745635182466069 ,0.17523193 ,-0.59897465 ,-0.32922363 ,3 ,Acc ,4
3dd9e578dace13af ,5745635284575080 ,-0.47790527 ,0.28568116 ,1.450708 ,3 ,Acc ,4
3dd9e578dace13af ,5745635410424403 ,-0.87403566 ,1.2744141 ,2.5201538 ,3 ,Acc ,4
3dd9e578dace13af ,5745635521882632 ,1.0046631 ,0.6425171 ,0.99510497 ,3 ,Acc ,4
3dd9e578dace13af ,5745635621920236 ,-0.5936646 ,0.4609131 ,0.5055176 ,3 ,Acc ,4
3dd9e578dace13af ,5745635724492475 ,0.32816163 ,0.08496094 ,0.31223145 ,3 ,Acc ,4
3dd9e578dace13af ,5745635840707527 ,-0.07752686 ,-0.49489745 ,-0.630835 ,3 ,Acc ,4
3dd9e578dace13af ,5745635945078621 ,0.19647217 ,-0.63720703 ,-1.632312 ,3 ,Acc ,4
3dd9e578dace13af ,5745636061167319 ,3.3814454 ,-1.2383057 ,-1.6514282 ,3 ,Acc ,4
3dd9e578dace13af ,5745636180420079 ,-1.0471436 ,-0.8793457 ,-1.3678712 ,3 ,Acc ,4
3dd9e578dace13af ,5745636284818309 ,-0.31860352 ,-0.14549561 ,0.29523927 ,3 ,Acc ,4
3dd9e578dace13af ,5745636402657215 ,-0.65207523 ,1.3976074 ,2.4946656 ,3 ,Acc ,4
3dd9e578dace13af ,5745636531783256 ,0.29523927 ,1.4326538 ,1.7788696 ,3 ,Acc ,4
3dd9e578dace13af ,5745636640172736 ,-0.46514893 ,0.4855957 ,0.50146484 ,3 ,Acc ,15
3dd9e578dace13af ,5745636640866121 ,-6.5457473 ,-2.3463178 ,2.8538885 ,3 ,Acc ,1
3dd9e578dace13af ,5745636640866121 ,0.011682129 ,0.5129517 ,0.48321533 ,3 ,Acc ,4
3dd9e578dace13af ,5745636742111642 ,-0.56392825 ,0.2347046 ,0.40037844 ,3 ,Acc ,4
3dd9e578dace13af ,5745636846694090 ,-0.8750977 ,0.07434082 ,0.3334717 ,3 ,Acc ,4
3dd9e578dace13af ,5745636965741954 ,-0.3334717 ,-0.39506838 ,-0.5320679 ,3 ,Acc ,4
3dd9e578dace13af ,5745637065626642 ,1.7523193 ,-0.7391602 ,-1.4910644 ,3 ,Acc ,4
3dd9e578dace13af ,5745637166938777 ,0.63933104 ,-1.4337158 ,-1.5962037 ,3 ,Acc ,4
3dd9e578dace13af ,5745637266429402 ,0.18479005 ,-1.3158325 ,-1.9041871 ,3 ,Acc ,4
3dd9e578dace13af ,5745637386091537 ,-0.71791995 ,-0.29099122 ,-0.06690674 ,3 ,Acc ,4
3dd9e578dace13af ,5745637505405287 ,-0.5586182 ,1.176709 ,2.727246 ,3 ,Acc ,4
3dd9e578dace13af ,5745637607462423 ,-0.013806152 ,1.4145997 ,2.3258057 ,3 ,Acc ,4
3dd9e578dace13af ,5745637726179610 ,-0.14018555 ,0.5872925 ,0.6244629 ,3 ,Acc ,4
3dd9e578dace13af ,5745637823936798 ,-0.5564942 ,0.32922363 ,0.63826907 ,3 ,Acc ,4
3dd9e578dace13af ,5745637927953568 ,-0.724292 ,0.09239502 ,0.5936646 ,3 ,Acc ,4
3dd9e578dace13af ,5745638045325287 ,-0.33240968 ,-0.72004396 ,-0.5649902 ,3 ,Acc ,4
3dd9e578dace13af ,5745638168079506 ,1.2988404 ,-1.0535157 ,-1.7565674 ,3 ,Acc ,4
3dd9e578dace13af ,5745638288303829 ,1.3296387 ,-1.4400879 ,-1.6875366 ,3 ,Acc ,4
3dd9e578dace13af ,5745638389423933 ,-1.1182984 ,-1.2021973 ,-1.5654052 ,3 ,Acc ,4
3dd9e578dace13af ,5745638503537839 ,-0.3525879 ,0.008496094 ,0.74022216 ,3 ,Acc ,4
3dd9e578dace13af ,5745638607035026 ,-0.59472656 ,1.3678712 ,2.8674316 ,3 ,Acc ,4
3dd9e578dace13af ,5745638707472631 ,2.34386 ,1.351941 ,1.9530395 ,3 ,Acc ,4
3dd9e578dace13af ,5745638808156172 ,0.033984374 ,1.0142212 ,0.51188964 ,3 ,Acc ,4
3dd9e578dace13af ,5745638927709037 ,-0.72323 ,0.22196046 ,0.37382814 ,3 ,Acc ,4
3dd9e578dace13af ,5745639027639401 ,-0.013806152 ,-0.25700685 ,0.05628662 ,3 ,Acc ,4
3dd9e578dace13af ,5745639146874037 ,-0.632959 ,-0.86766356 ,-0.55968016 ,3 ,Acc ,4
3dd9e578dace13af ,5745639245652370 ,1.3052124 ,-1.1544068 ,-1.5494751 ,3 ,Acc ,4
3dd9e578dace13af ,5745639348481849 ,0.050976563 ,-1.3614991 ,-1.983838 ,3 ,Acc ,4
3dd9e578dace13af ,5745639448524089 ,0.32709962 ,-0.8814697 ,-1.1331666 ,3 ,Acc ,4
3dd9e578dace13af ,5745639566406745 ,-0.6202149 ,0.22302246 ,1.0142212 ,3 ,Acc ,4
3dd9e578dace13af ,5745639644839974 ,-13.13459 ,-2.6001031 ,0.6560113 ,3 ,Acc ,1
3dd9e578dace13af ,5745639644111641 ,-0.4928589 ,0.2633667 ,0.49639893 ,3 ,Acc ,15
3dd9e578dace13af ,5745639685058568 ,-1.1575928 ,1.3742431 ,2.822827 ,3 ,Acc ,4
3dd9e578dace13af ,5745639790155078 ,0.9866089 ,0.9781128 ,1.531421 ,3 ,Acc ,4
3dd9e578dace13af ,5745639909242943 ,-0.91864014 ,0.32816163 ,0.62764895 ,3 ,Acc ,4
3dd9e578dace13af ,5745640028174609 ,-0.38869628 ,0.078588866 ,0.76677245 ,3 ,Acc ,4
3dd9e578dace13af ,5745640130161536 ,0.3090454 ,-0.38657227 ,-0.36533204 ,3 ,Acc ,4
3dd9e578dace13af ,5745640246215859 ,-0.10301514 ,-0.817749 ,-1.7438233 ,3 ,Acc ,4
3dd9e578dace13af ,5745640347768359 ,0.3334717 ,-1.2574219 ,-2.5190918 ,3 ,Acc ,4
3dd9e578dace13af ,5745640450475755 ,-0.79332274 ,-1.0248413 ,-2.1452637 ,3 ,Acc ,4
3dd9e578dace13af ,5745640570597057 ,0.2516968 ,-0.47471926 ,-0.06584473 ,3 ,Acc ,4
3dd9e578dace13af ,5745640669193046 ,-0.5511841 ,0.7604004 ,1.9806519 ,3 ,Acc ,4
3dd9e578dace13af ,5745640763085286 ,-0.015930176 ,1.7459472 ,2.8684938 ,3 ,Acc ,4
3dd9e578dace13af ,5745640889349765 ,2.0082643 ,1.360437 ,1.6811646 ,3 ,Acc ,4
3dd9e578dace13af ,5745641010890651 ,-0.7986328 ,0.37382814 ,0.7083618 ,3 ,Acc ,4
3dd9e578dace13af ,5745641131316275 ,-0.06159668 ,-0.5649902 ,-0.40993652 ,3 ,Acc ,4
3dd9e578dace13af ,5745641247825494 ,-1.3009644 ,-1.1161743 ,-1.7491333 ,3 ,Acc ,4
3dd9e578dace13af ,5745641370749244 ,1.0906861 ,-0.79969484 ,-2.3619142 ,3 ,Acc ,4
3dd9e578dace13af ,5745641489886119 ,-0.6510132 ,-0.62977296 ,-1.5696534 ,3 ,Acc ,4
3dd9e578dace13af ,5745641589841119 ,-0.3164795 ,-0.2793091 ,0.12956543 ,3 ,Acc ,4
3dd9e578dace13af ,5745641711318202 ,-1.0736939 ,-0.04248047 ,3.0447876 ,3 ,Acc ,4
3dd9e578dace13af ,5745641829899504 ,-3.7372193 ,-0.7317261 ,3.815808 ,3 ,Acc ,4
3dd9e578dace13af ,5745641932023411 ,-2.5976808 ,-0.77951664 ,1.2744141 ,3 ,Acc ,4
3dd9e578dace13af ,5745642047793306 ,0.0637207 ,-0.50020754 ,-0.4439209 ,3 ,Acc ,4
3dd9e578dace13af ,5745642148656015 ,-1.0110352 ,-0.32178956 ,-0.057348635 ,3 ,Acc ,4
3dd9e578dace13af ,5745642251671379 ,-0.92713624 ,-0.078588866 ,0.06265869 ,3 ,Acc ,4
3dd9e578dace13af ,5745642369367004 ,-1.1172364 ,-0.3717041 ,0.43117675 ,3 ,Acc ,4
3dd9e578dace13af ,5745642492760025 ,-0.73703617 ,-0.59047854 ,0.49383545 ,3 ,Acc ,4
3dd9e578dace13af ,5745642610469556 ,-0.8782837 ,-0.5097656 ,0.46834716 ,3 ,Acc ,4
3dd9e578dace13af ,5745642648594660 ,-0.5135498 ,-0.13964844 ,0.8461914 ,3 ,Acc ,15
3dd9e578dace13af ,5745642649292056 ,-7.2065473 ,-2.2266076 ,3.6631286 ,3 ,Acc ,1
3dd9e578dace13af ,5745642729961171 ,-1.2298096 ,-0.29417726 ,0.060534667 ,3 ,Acc ,4
3dd9e578dace13af ,5745642828964869 ,-0.6117188 ,-0.16567384 ,-0.009558106 ,3 ,Acc ,4
3dd9e578dace13af ,5745642933209400 ,-1.0747559 ,0.025488282 ,0.35046387 ,3 ,Acc ,4
3dd9e578dace13af ,5745643032698931 ,-0.9483765 ,0.45878908 ,0.8517334 ,3 ,Acc ,4
3dd9e578dace13af ,5745643133468150 ,-0.9589966 ,-0.033984374 ,0.8230591 ,3 ,Acc ,4
3dd9e578dace13af ,5745643252966848 ,-2.4160767 ,-0.90058595 ,-0.28461915 ,3 ,Acc ,4
3dd9e578dace13af ,5745643372127160 ,-1.6514282 ,-1.0726318 ,-0.6531372 ,3 ,Acc ,4
3dd9e578dace13af ,5745643493158358 ,-1.2988404 ,-0.7827026 ,-0.21558838 ,3 ,Acc ,4
3dd9e578dace13af ,5745643610428358 ,-0.6488892 ,0.29311523 ,1.0513916 ,3 ,Acc ,4
3dd9e578dace13af ,5745643713533514 ,-0.48427734 ,0.36533204 ,2.6783936 ,3 ,Acc ,4
3dd9e578dace13af ,5745643815904556 ,0.12956543 ,0.5341919 ,1.1937011 ,3 ,Acc ,4
3dd9e578dace13af ,5745643931265701 ,-1.6705445 ,-0.29736328 ,0.2347046 ,3 ,Acc ,4
3dd9e578dace13af ,5745644033853358 ,-1.3243287 ,-0.038232423 ,0.13699952 ,3 ,Acc ,4
3dd9e578dace13af ,5745644134489035 ,-1.084314 ,0.65632325 ,0.721106 ,3 ,Acc ,4
3dd9e578dace13af ,5745644233902628 ,-1.1883911 ,0.59472656 ,-0.098767094 ,3 ,Acc ,4
3dd9e578dace13af ,5745644351998983 ,-1.1883911 ,0.0063720704 ,-1.3625611 ,3 ,Acc ,4
3dd9e578dace13af ,5745644454852003 ,-1.8351563 ,-0.29736328 ,-0.3717041 ,3 ,Acc ,4
3dd9e578dace13af ,5745644554288722 ,-0.3334717 ,-0.47471926 ,0.32285157 ,3 ,Acc ,4
3dd9e578dace13af ,5745644654169451 ,0.99722904 ,-0.68499756 ,0.5129517 ,3 ,Acc ,4
3dd9e578dace13af ,5745644754643462 ,0.15080567 ,-0.72323 ,0.38975832 ,3 ,Acc ,4
3dd9e578dace13af ,5745644855225649 ,-0.29948732 ,-0.1178833 ,0.18266602 ,3 ,Acc ,4
3dd9e578dace13af ,5745644975436639 ,0.18372802 ,0.31329346 ,0.052038576 ,3 ,Acc ,4
3dd9e578dace13af ,5745645074961430 ,0.9122681 ,0.28461915 ,0.54587406 ,3 ,Acc ,4
3dd9e578dace13af ,5745645193161170 ,0.16779785 ,0.13806152 ,0.813501 ,3 ,Acc ,4
3dd9e578dace13af ,5745645295026951 ,0.021240234 ,0.04991455 ,0.20072022 ,3 ,Acc ,4
3dd9e578dace13af ,5745645395200024 ,1.2276856 ,-0.15186767 ,-0.80819094 ,3 ,Acc ,4
3dd9e578dace13af ,5745645495976899 ,1.4220337 ,-0.96643066 ,-2.7410524 ,3 ,Acc ,4
3dd9e578dace13af ,5745645611827576 ,0.7975708 ,-0.9876709 ,-3.1573608 ,3 ,Acc ,4
3dd9e578dace13af ,5745645649721690 ,-0.16540527 ,-0.52612305 ,0.7282715 ,3 ,Acc ,15
3dd9e578dace13af ,5745645650423565 ,-6.83784 ,-2.7150247 ,0.63206923 ,3 ,Acc ,1
3dd9e578dace13af ,5745645712030284 ,0.6425171 ,-0.41843262 ,-1.2106934 ,3 ,Acc ,4
3dd9e578dace13af ,5745645816324920 ,0.5713623 ,0.59897465 ,1.2106934 ,3 ,Acc ,4
3dd9e578dace13af ,5745645940370961 ,-1.4400879 ,1.7969239 ,3.1796632 ,3 ,Acc ,4
3dd9e578dace13af ,5745646052722524 ,0.090270996 ,0.8612915 ,2.0741088 ,3 ,Acc ,4
3dd9e578dace13af ,5745646176727888 ,-0.15080567 ,0.41524658 ,0.92926025 ,3 ,Acc ,4
3dd9e578dace13af ,5745646294238565 ,-0.3079834 ,0.15611573 ,0.51826173 ,3 ,Acc ,4
3dd9e578dace13af ,5745646412976586 ,-0.22833252 ,-0.5299439 ,-1.2712281 ,3 ,Acc ,4
3dd9e578dace13af ,5745646542095075 ,0.9494385 ,-0.8846558 ,-2.4171388 ,3 ,Acc ,4
3dd9e578dace13af ,5745646654483930 ,0.44498292 ,-0.4258667 ,-3.2391357 ,3 ,Acc ,4
3dd9e578dace13af ,5745646752085127 ,1.5707153 ,-0.78164065 ,-1.5335449 ,3 ,Acc ,4
3dd9e578dace13af ,5745646856697992 ,-1.1055542 ,-0.1444336 ,0.60959476 ,3 ,Acc ,4
3dd9e578dace13af ,5745646980205440 ,0.45560303 ,0.92501223 ,2.8355713 ,3 ,Acc ,4
3dd9e578dace13af ,5745647097729502 ,1.3285767 ,1.7629395 ,2.0624268 ,3 ,Acc ,4
3dd9e578dace13af ,5745647213324242 ,-0.60959476 ,0.7104859 ,1.3370727 ,3 ,Acc ,4
3dd9e578dace13af ,5745647337832002 ,-0.8262451 ,0.4258667 ,1.1682129 ,3 ,Acc ,4
3dd9e578dace13af ,5745647455713148 ,-0.28674316 ,-0.27293703 ,-0.121069334 ,3 ,Acc ,4
3dd9e578dace13af ,5745647557311377 ,1.0333375 ,-0.97492677 ,-1.6705445 ,3 ,Acc ,4
3dd9e578dace13af ,5745647658233565 ,-0.47365722 ,-1.6599244 ,-2.6433473 ,3 ,Acc ,4
3dd9e578dace13af ,5745647778342783 ,0.13381349 ,-1.2213135 ,-2.066675 ,3 ,Acc ,4
3dd9e578dace13af ,5745647892679033 ,-0.009558106 ,-0.1444336 ,0.42692873 ,3 ,Acc ,4
3dd9e578dace13af ,5745647998681377 ,-0.20178223 ,0.91864014 ,3.071338 ,3 ,Acc ,4
3dd9e578dace13af ,5745648115780023 ,0.6595093 ,0.54906005 ,2.247217 ,3 ,Acc ,4
3dd9e578dace13af ,5745648215948877 ,0.045666505 ,0.727478 ,0.9398804 ,3 ,Acc ,4
3dd9e578dace13af ,5745648318027575 ,-0.817749 ,0.4885254 ,0.9770508 ,3 ,Acc ,4
3dd9e578dace13af ,5745648437821169 ,0.40462646 ,0.13912354 ,0.3706421 ,3 ,Acc ,4
3dd9e578dace13af ,5745648556861168 ,0.31860352 ,-0.7614624 ,-1.6429322 ,3 ,Acc ,4
3dd9e578dace13af ,5745648654349033 ,-0.5726929 ,-0.48132324 ,0.43823242 ,3 ,Acc ,15
3dd9e578dace13af ,5745648654967627 ,-9.160215 ,-2.753332 ,1.340753 ,3 ,Acc ,1
3dd9e578dace13af ,5745648672882210 ,0.6690674 ,-1.3753052 ,-2.6762695 ,3 ,Acc ,4
3dd9e578dace13af ,5745648779377002 ,0.26656494 ,-1.0991821 ,-2.527588 ,3 ,Acc ,4
3dd9e578dace13af ,5745648878954606 ,0.25700685 ,-0.56817627 ,-0.5341919 ,3 ,Acc ,4
3dd9e578dace13af ,5745648980207314 ,-0.58198243 ,0.7508423 ,1.8447144 ,3 ,Acc ,4
3dd9e578dace13af ,5745649095834814 ,0.3440918 ,1.540979 ,2.904602 ,3 ,Acc ,4
3dd9e578dace13af ,5745649200952887 ,-0.25063476 ,0.97386473 ,1.9264892 ,3 ,Acc ,4
3dd9e578dace13af ,5745649300423043 ,-0.38444826 ,0.6202149 ,1.089624 ,3 ,Acc ,4
3dd9e578dace13af ,5745649416008147 ,-0.5150757 ,0.3345337 ,0.81987303 ,3 ,Acc ,4
3dd9e578dace13af ,5745649519029085 ,0.32922363 ,-0.727478 ,-0.7168579 ,3 ,Acc ,4
3dd9e578dace13af ,5745649634014033 ,1.359375 ,-1.2839721 ,-2.2748291 ,3 ,Acc ,4
3dd9e578dace13af ,5745649740993512 ,0.6680054 ,-1.4326538 ,-2.430945 ,3 ,Acc ,4
3dd9e578dace13af ,5745649858190543 ,0.47790527 ,-1.0004151 ,-1.2149414 ,3 ,Acc ,4
3dd9e578dace13af ,5745650857841741 ,0.2899292 ,-1.2712281 ,-1.4177856 ,3 ,Acc ,4
3dd9e578dace13af ,5745650956458095 ,-0.81987303 ,-0.50020754 ,-0.0021240234 ,3 ,Acc ,4
3dd9e578dace13af ,5745651061805959 ,-0.9897949 ,0.8687256 ,2.1261475 ,3 ,Acc ,4
3dd9e578dace13af ,5745651159769136 ,0.67225343 ,1.2935303 ,2.0061402 ,3 ,Acc ,4
3dd9e578dace13af ,5745651262217417 ,0.5703003 ,0.903772 ,0.72216797 ,3 ,Acc ,4
3dd9e578dace13af ,5745651378388147 ,-0.43967286 ,0.5246338 ,0.5915405 ,3 ,Acc ,4
3dd9e578dace13af ,5745651481297626 ,-0.5872925 ,0.35895997 ,0.62340087 ,3 ,Acc ,4
3dd9e578dace13af ,5745651580436584 ,-0.08071289 ,-0.42799073 ,-0.14761963 ,3 ,Acc ,4
3dd9e578dace13af ,5745651657483146 ,-0.65441895 ,-0.46466064 ,0.36999512 ,3 ,Acc ,15
3dd9e578dace13af ,5745651661007209 ,-10.43872 ,-3.4380736 ,1.910573 ,3 ,Acc ,1
3dd9e578dace13af ,5745651697301688 ,1.1565307 ,-1.1278565 ,-1.1076783 ,3 ,Acc ,4
3dd9e578dace13af ,5745651800674969 ,-0.19222413 ,-1.536731 ,-1.9371094 ,3 ,Acc ,4
3dd9e578dace13af ,5745651902906063 ,0.2899292 ,-1.2043213 ,-1.4230957 ,3 ,Acc ,4
3dd9e578dace13af ,5745652020204396 ,-0.63720703 ,-0.1529297 ,0.5957886 ,3 ,Acc ,4
3dd9e578dace13af ,5745652117804084 ,-0.7625244 ,0.92713624 ,2.4107666 ,3 ,Acc ,4
3dd9e578dace13af ,5745652223480125 ,0.6467652 ,1.2584839 ,1.8925049 ,3 ,Acc ,4
3dd9e578dace13af ,5745652342466948 ,-0.25913087 ,0.43117675 ,0.632959 ,3 ,Acc ,4
3dd9e578dace13af ,5745652463567625 ,-0.89208984 ,0.2814331 ,0.8007569 ,3 ,Acc ,4
3dd9e578dace13af ,5745652581920386 ,-0.34090576 ,0.027612304 ,0.19753419 ,3 ,Acc ,4
3dd9e578dace13af ,5745652683132834 ,-0.41312256 ,-0.5649902 ,-1.0513916 ,3 ,Acc ,4
3dd9e578dace13af ,5745652783898511 ,1.2478638 ,-0.8782837 ,-1.7459472 ,3 ,Acc ,4
3dd9e578dace13af ,5745652883371375 ,0.3812622 ,-1.357251 ,-2.2790773 ,3 ,Acc ,4
3dd9e578dace13af ,5745653003524292 ,-0.0637207 ,-0.725354 ,-0.50445557 ,3 ,Acc ,4
3dd9e578dace13af ,5745653104185385 ,-0.63933104 ,0.40250245 ,1.6461182 ,3 ,Acc ,4
3dd9e578dace13af ,5745653220163979 ,-0.7455322 ,0.91864014 ,2.3141236 ,3 ,Acc ,4
3dd9e578dace13af ,5745653323890437 ,-0.5341919 ,0.4630371 ,0.9398804 ,3 ,Acc ,4
3dd9e578dace13af ,5745653443505958 ,-0.38657227 ,0.22196046 ,0.62764895 ,3 ,Acc ,4
3dd9e578dace13af ,5745653542026687 ,-0.8591675 ,0.26656494 ,0.7327881 ,3 ,Acc ,4
3dd9e578dace13af ,5745653644196375 ,-0.008496094 ,0.14761963 ,0.16142578 ,3 ,Acc ,4
3dd9e578dace13af ,5745653744861948 ,0.71154785 ,-0.452417 ,-1.3200806 ,3 ,Acc ,4
3dd9e578dace13af ,5745653844393041 ,0.72641605 ,-1.1289185 ,-1.6578003 ,3 ,Acc ,4
3dd9e578dace13af ,5745653963662833 ,-0.8209351 ,-1.4177856 ,-2.0093262 ,3 ,Acc ,4
3dd9e578dace13af ,5745654065244396 ,-0.11363526 ,-0.7455322 ,-0.61702883 ,3 ,Acc ,4
3dd9e578dace13af ,5745654180018145 ,-0.36639404 ,1.178833 ,2.3895264 ,3 ,Acc ,4
3dd9e578dace13af ,5745654282500698 ,0.81031495 ,1.350879 ,2.1590698 ,3 ,Acc ,4
3dd9e578dace13af ,5745654383626635 ,-0.06265869 ,0.46409914 ,0.7986328 ,3 ,Acc ,4
3dd9e578dace13af ,5745654484935177 ,-0.7455322 ,0.1985962 ,0.64995116 ,3 ,Acc ,4
3dd9e578dace13af ,5745654601139708 ,-0.46622315 ,0.1359375 ,0.7306641 ,3 ,Acc ,4
3dd9e578dace13af ,5745654659335437 ,-0.51000977 ,-0.5018921 ,0.21948242 ,3 ,Acc ,15
3dd9e578dace13af ,5745654679676218 ,-12.689269 ,-3.9743748 ,2.5953147 ,3 ,Acc ,1
3dd9e578dace13af ,5745654719678614 ,-0.2793091 ,-0.2548828 ,-0.28355715 ,3 ,Acc ,4
3dd9e578dace13af ,5745654826142468 ,1.7438233 ,-0.37382814 ,-0.8379273 ,3 ,Acc ,4
3dd9e578dace13af ,5745654924041583 ,2.6624634 ,-0.814563 ,-1.0492676 ,3 ,Acc ,4
3dd9e578dace13af ,5745655044910749 ,-1.0726318 ,-1.0078491 ,-1.5685914 ,3 ,Acc ,4
3dd9e578dace13af ,5745655143778718 ,-0.032922365 ,-0.70092773 ,-0.86553955 ,3 ,Acc ,4
3dd9e578dace13af ,5745655245955020 ,-0.7497803 ,0.45772704 ,0.8623535 ,3 ,Acc ,4
3dd9e578dace13af ,5745655343927051 ,0.014868164 ,0.96643066 ,1.538855 ,3 ,Acc ,4
3dd9e578dace13af ,5745655463468978 ,0.078588866 ,0.87191164 ,1.5908936 ,3 ,Acc ,4
3dd9e578dace13af ,5745655566311843 ,-0.032922365 ,0.5384399 ,1.1257324 ,3 ,Acc ,4
3dd9e578dace13af ,5745655666066530 ,-0.3812622 ,0.26019287 ,0.70305175 ,3 ,Acc ,4
3dd9e578dace13af ,5745655783202051 ,0.55755615 ,-0.3993164 ,-1.0152832 ,3 ,Acc ,4
3dd9e578dace13af ,5745655885224395 ,0.47578126 ,-1.1182984 ,-1.8510865 ,3 ,Acc ,4
3dd9e578dace13af ,5745655987359864 ,0.42799073 ,-0.9515625 ,-1.9190552 ,3 ,Acc ,4
3dd9e578dace13af ,5745656085425228 ,0.21983643 ,-0.48321533 ,-0.73703617 ,3 ,Acc ,4
3dd9e578dace13af ,5745656205182103 ,-0.44073486 ,0.4970215 ,1.3062744 ,3 ,Acc ,4
3dd9e578dace13af ,5745656314439343 ,0.57242435 ,0.98236084 ,1.2563599 ,3 ,Acc ,4
3dd9e578dace13af ,5745656427802728 ,-0.6053467 ,0.67650145 ,0.92501223 ,3 ,Acc ,4
3dd9e578dace13af ,5745656527533926 ,-0.06265869 ,0.39506838 ,1.0174073 ,3 ,Acc ,4
3dd9e578dace13af ,5745656628038197 ,-0.61702883 ,0.42161867 ,1.0174073 ,3 ,Acc ,4
3dd9e578dace13af ,5745656744320592 ,-0.40462646 ,-0.14761963 ,-0.14337158 ,3 ,Acc ,4
3dd9e578dace13af ,5745656863038926 ,1.4337158 ,-0.813501 ,-1.6588624 ,3 ,Acc ,4
3dd9e578dace13af ,5745656961950124 ,-0.06159668 ,-1.537793 ,-2.4638672 ,3 ,Acc ,4
3dd9e578dace13af ,5745657070396686 ,-0.09239502 ,-1.1565307 ,-1.6206299 ,3 ,Acc ,4
3dd9e578dace13af ,5745657184265384 ,-0.2984253 ,0.040356446 ,0.8772217 ,3 ,Acc ,4
3dd9e578dace13af ,5745657310362936 ,0.24001466 ,1.1214844 ,3.0522218 ,3 ,Acc ,4
3dd9e578dace13af ,5745657426414290 ,0.6573853 ,0.82836914 ,0.84536135 ,3 ,Acc ,4
3dd9e578dace13af ,5745657527210384 ,-1.075818 ,0.25913087 ,0.47790527 ,3 ,Acc ,4
3dd9e578dace13af ,5745657630993196 ,-0.542688 ,0.25806886 ,0.62977296 ,3 ,Acc ,4
3dd9e578dace13af ,5745657662693457 ,-0.58184814 ,-0.4751587 ,0.2906494 ,3 ,Acc ,15
3dd9e578dace13af ,5745657683111217 ,-10.67814 ,-3.4476504 ,3.289633 ,3 ,Acc ,1
3dd9e578dace13af ,5745657744880800 ,-0.09133301 ,0.14124756 ,0.14761963 ,3 ,Acc ,4
3dd9e578dace13af ,5745657847161894 ,0.6573853 ,-0.34833986 ,-1.1629028 ,3 ,Acc ,4
3dd9e578dace13af ,5745657951307936 ,1.537793 ,-0.9409424 ,-1.5229248 ,3 ,Acc ,4
3dd9e578dace13af ,5745658069658769 ,0.5246338 ,-1.177771 ,-1.9732178 ,3 ,Acc ,4
3dd9e578dace13af ,5745658190649238 ,-0.24532472 ,-0.4428589 ,-0.41949463 ,3 ,Acc ,4
3dd9e578dace13af ,5745658289080071 ,-0.49489745 ,0.56392825 ,1.2425537 ,3 ,Acc ,4
3dd9e578dace13af ,5745658390093092 ,-0.62552494 ,1.1363525 ,2.2111084 ,3 ,Acc ,4
3dd9e578dace13af ,5745658510153352 ,-0.52038574 ,0.45560303 ,1.5250489 ,3 ,Acc ,4
3dd9e578dace13af ,5745658625204029 ,-0.2516968 ,0.39400634 ,0.9897949 ,3 ,Acc ,4
3dd9e578dace13af ,5745658724894185 ,-0.61278075 ,0.3345337 ,0.7965088 ,3 ,Acc ,4
3dd9e578dace13af ,5745658844117623 ,-0.42905274 ,-0.2177124 ,-0.4885254 ,3 ,Acc ,4
3dd9e578dace13af ,5745658946808925 ,1.718335 ,-0.5097656 ,-1.1533448 ,3 ,Acc ,4
3dd9e578dace13af ,5745659070981894 ,0.25806886 ,-1.2510499 ,-2.2302246 ,3 ,Acc ,4
3dd9e578dace13af ,5745659170209081 ,0.61702883 ,-1.2574219 ,-2.1197755 ,3 ,Acc ,4
3dd9e578dace13af ,5745659270829029 ,-0.28568116 ,-0.32922363 ,-0.43861085 ,3 ,Acc ,4
3dd9e578dace13af ,5745659385168716 ,-0.34090576 ,1.1299804 ,2.7442384 ,3 ,Acc ,4
3dd9e578dace13af ,5745659490664810 ,-0.5872925 ,1.357251 ,2.3194337 ,3 ,Acc ,4
3dd9e578dace13af ,5745659591222571 ,-0.24001466 ,0.33665773 ,1.3211426 ,3 ,Acc ,4
3dd9e578dace13af ,5745659706906112 ,-0.635083 ,0.12213135 ,0.5915405 ,3 ,Acc ,4
3dd9e578dace13af ,5745659810062883 ,-0.28355715 ,0.3812622 ,0.77951664 ,3 ,Acc ,4
3dd9e578dace13af ,5745659911521737 ,-0.06478272 ,-0.16885987 ,-0.3525879 ,3 ,Acc ,4
3dd9e578dace13af ,5745660027856060 ,1.7501954 ,-0.44923097 ,-1.6843506 ,3 ,Acc ,4
3dd9e578dace13af ,5745660151075799 ,0.903772 ,-1.1161743 ,-2.2089844 ,3 ,Acc ,4
3dd9e578dace13af ,5745660269728195 ,0.38869628 ,-1.0227174 ,-1.5792115 ,3 ,Acc ,4
3dd9e578dace13af ,5745660371498091 ,-0.05628662 ,-0.0722168 ,0.20709229 ,3 ,Acc ,4
3dd9e578dace13af ,5745660491565956 ,-0.60322267 ,1.1565307 ,2.879114 ,3 ,Acc ,4
3dd9e578dace13af ,5745660610407153 ,0.03079834 ,1.2276856 ,1.7140869 ,3 ,Acc ,4
3dd9e578dace13af ,5745660666765956 ,-0.5814209 ,-0.46142578 ,0.3522339 ,3 ,Acc ,15
3dd9e578dace13af ,5745660686508143 ,-6.3063273 ,-2.8682537 ,3.6966474 ,3 ,Acc ,1
3dd9e578dace13af ,5745660726791893 ,-0.542688 ,0.20178223 ,0.58623046 ,3 ,Acc ,4
3dd9e578dace13af ,5745660829424497 ,-0.6701294 ,0.20072022 ,0.69349366 ,3 ,Acc ,4
3dd9e578dace13af ,5745660929039289 ,0.21877442 ,0.13487549 ,0.10407715 ,3 ,Acc ,4
3dd9e578dace13af ,5745661050165382 ,0.6488892 ,-0.30161133 ,-1.630188 ,3 ,Acc ,4
3dd9e578dace13af ,5745661172396580 ,1.2053833 ,-1.0588257 ,-2.165442 ,3 ,Acc ,4
3dd9e578dace13af ,5745661272035903 ,0.6467652 ,-0.901648 ,-1.8871949 ,3 ,Acc ,4
3dd9e578dace13af ,5745661372386684 ,0.24107666 ,-0.34727785 ,-0.4078125 ,3 ,Acc ,4
3dd9e578dace13af ,5745661489889757 ,-0.49171144 ,0.8729736 ,1.811792 ,3 ,Acc ,4
3dd9e578dace13af ,5745661593436789 ,-0.7104859 ,1.263794 ,2.3311157 ,3 ,Acc ,4
3dd9e578dace13af ,5745661712926111 ,0.48321533 ,0.5883545 ,1.1544068 ,3 ,Acc ,4
3dd9e578dace13af ,5745661811129966 ,-0.23258057 ,0.24213867 ,0.8251831 ,3 ,Acc ,4
3dd9e578dace13af ,5745661911422570 ,-0.38657227 ,0.24213867 ,0.5979126 ,3 ,Acc ,4
3dd9e578dace13af ,5745662011413924 ,0.038232423 ,-0.027612304 ,0.022302246 ,3 ,Acc ,4
3dd9e578dace13af ,5745662120036736 ,1.1480347 ,-0.33771974 ,-1.2595459 ,3 ,Acc ,4
3dd9e578dace13af ,5745662232479236 ,1.3402588 ,-1.0768799 ,-2.0199463 ,3 ,Acc ,4
3dd9e578dace13af ,5745662351885278 ,0.5214478 ,-1.09281 ,-2.179248 ,3 ,Acc ,4
3dd9e578dace13af ,5745662471105382 ,0.0063720704 ,-0.35046387 ,-0.62552494 ,3 ,Acc ,4
3dd9e578dace13af ,5745662573695746 ,-0.12850343 ,0.79226077 ,1.8171021 ,3 ,Acc ,4
3dd9e578dace13af ,5745662688547153 ,-0.93563235 ,1.3997315 ,2.2769532 ,3 ,Acc ,4
3dd9e578dace13af ,5745662790313715 ,0.42055663 ,0.62340087 ,1.5664673 ,3 ,Acc ,4
3dd9e578dace13af ,5745662891111528 ,0.06478272 ,0.31223145 ,0.76464844 ,3 ,Acc ,4
3dd9e578dace13af ,5745662993084705 ,0.5564942 ,0.22408448 ,0.6595093 ,3 ,Acc ,4
3dd9e578dace13af ,5745663093447621 ,0.8294312 ,-0.07540283 ,-0.1263794 ,3 ,Acc ,4
3dd9e578dace13af ,5745663209340590 ,0.87403566 ,-0.41737062 ,-1.4241577 ,3 ,Acc ,4
3dd9e578dace13af ,5745663313644132 ,2.6465333 ,-0.5246338 ,-1.8436524 ,3 ,Acc ,4
3dd9e578dace13af ,5745663435257517 ,0.39082032 ,-0.26444092 ,-2.2047365 ,3 ,Acc ,4
3dd9e578dace13af ,5745663555384444 ,1.3030884 ,0.29311523 ,-1.0397094 ,3 ,Acc ,4
3dd9e578dace13af ,5745663669954444 ,-0.6343384 ,-0.41583252 ,0.65148926 ,3 ,Acc ,15
3dd9e578dace13af ,5745663670569913 ,0.18797608 ,0.9420044 ,1.4900025 ,3 ,Acc ,4
3dd9e578dace13af ,5745663689026684 ,-10.515334 ,-1.6424223 ,1.292869 ,3 ,Acc ,1
3dd9e578dace13af ,5745663773597465 ,-2.541394 ,1.724707 ,2.9513307 ,3 ,Acc ,4
3dd9e578dace13af ,5745663875917725 ,0.39188233 ,1.3476928 ,1.5898316 ,3 ,Acc ,4
3dd9e578dace13af ,5745663993355225 ,-0.50445557 ,0.38444826 ,0.13806152 ,3 ,Acc ,4
3dd9e578dace13af ,5745664095919340 ,0.23045655 ,-0.06796875 ,-0.052038576 ,3 ,Acc ,4
3dd9e578dace13af ,5745664196265017 ,0.8251831 ,-0.39613038 ,-0.20178223 ,3 ,Acc ,4
3dd9e578dace13af ,5745664312862829 ,0.5883545 ,-0.9165161 ,-0.8814697 ,3 ,Acc ,4
3dd9e578dace13af ,5745664417339548 ,1.3614991 ,-0.99935305 ,-1.5526612 ,3 ,Acc ,4
3dd9e578dace13af ,5745664531641267 ,0.20390625 ,-0.9281983 ,-1.630188 ,3 ,Acc ,4
3dd9e578dace13af ,5745664652112152 ,0.37595215 ,-0.3971924 ,-0.45772704 ,3 ,Acc ,4
3dd9e578dace13af ,5745664756723037 ,-0.20390625 ,0.23364258 ,1.1586548 ,3 ,Acc ,4
3dd9e578dace13af ,5745664856209391 ,-1.2754761 ,0.8623535 ,2.4628053 ,3 ,Acc ,4
3dd9e578dace13af ,5745664973686214 ,-0.6223389 ,0.9430664 ,1.44646 ,3 ,Acc ,4
3dd9e578dace13af ,5745665073607985 ,0.19647217 ,0.65632325 ,0.6064087 ,3 ,Acc ,4
3dd9e578dace13af ,5745665176762256 ,0.36427003 ,0.19116211 ,0.24320069 ,3 ,Acc ,4
3dd9e578dace13af ,5745665277664495 ,0.07965088 ,-0.08814698 ,0.11682129 ,3 ,Acc ,4
3dd9e578dace13af ,5745665397492516 ,-0.47790527 ,-0.48321533 ,-0.5533081 ,3 ,Acc ,4
3dd9e578dace13af ,5745665515041787 ,1.4719483 ,-0.8591675 ,-1.6981567 ,3 ,Acc ,4
3dd9e578dace13af ,5745665617258454 ,0.1529297 ,-1.3370727 ,-2.0348146 ,3 ,Acc ,4
3dd9e578dace13af ,5745665715792308 ,0.033984374 ,-0.8358032 ,-0.75296634 ,3 ,Acc ,4
3dd9e578dace13af ,5745665816920068 ,-0.15186767 ,-0.10195313 ,0.83049315 ,3 ,Acc ,4
3dd9e578dace13af ,5745665917516474 ,-0.6117188 ,0.74447024 ,2.5445802 ,3 ,Acc ,4
3dd9e578dace13af ,5745666037040589 ,-1.0354614 ,0.814563 ,1.8595825 ,3 ,Acc ,4
3dd9e578dace13af ,5745666155381162 ,-0.13487549 ,0.24638672 ,0.5734863 ,3 ,Acc ,4
3dd9e578dace13af ,5745666272651526 ,0.16461182 ,-0.0998291 ,0.27612305 ,3 ,Acc ,4
3dd9e578dace13af ,5745666377996474 ,0.087084964 ,-0.16461182 ,-0.007434082 ,3 ,Acc ,4
3dd9e578dace13af ,5745666497221630 ,0.04885254 ,-0.26444092 ,-0.35046387 ,3 ,Acc ,4
3dd9e578dace13af ,5745666598794078 ,1.268042 ,-0.47365722 ,-1.5123047 ,3 ,Acc ,4
3dd9e578dace13af ,5745666673409234 ,-0.7017212 ,-0.35125732 ,0.6175537 ,3 ,Acc ,15
3dd9e578dace13af ,5745666694208974 ,-8.212111 ,-1.2641385 ,0.92895025 ,3 ,Acc ,1
3dd9e578dace13af ,5745666714121630 ,-0.03186035 ,-0.6711914 ,-1.3742431 ,3 ,Acc ,4
3dd9e578dace13af ,5745666816166734 ,-0.14549561 ,-0.3175415 ,-0.26019287 ,3 ,Acc ,4
3dd9e578dace13af ,5745666919130016 ,-0.49383545 ,0.12000733 ,1.1236085 ,3 ,Acc ,4
3dd9e578dace13af ,5745667020216995 ,-1.5346069 ,0.4056885 ,2.1134033 ,3 ,Acc ,4
3dd9e578dace13af ,5745667135907672 ,-1.2383057 ,0.6117188 ,1.3721192 ,3 ,Acc ,4
3dd9e578dace13af ,5745667255311578 ,-0.16885987 ,0.0361084 ,0.4067505 ,3 ,Acc ,4
3dd9e578dace13af ,5745667358951786 ,-0.20496826 ,-0.18903808 ,0.20284425 ,3 ,Acc ,4
3dd9e578dace13af ,5745667478328609 ,0.66481936 ,-0.14124756 ,-0.544812 ,3 ,Acc ,4
3dd9e578dace13af ,5745667598235640 ,0.64570314 ,-0.20603028 ,-1.3126465 ,3 ,Acc ,4
3dd9e578dace13af ,5745667699385328 ,2.1845582 ,0.16036378 ,-1.7969239 ,3 ,Acc ,4
3dd9e578dace13af ,5745667816789442 ,0.51932377 ,0.30373535 ,-1.7332032 ,3 ,Acc ,4
3dd9e578dace13af ,5745667915763453 ,-0.28780517 ,0.15505372 ,-1.0195313 ,3 ,Acc ,4
3dd9e578dace13af ,5745668018026734 ,-0.40356445 ,-0.11682129 ,0.2984253 ,3 ,Acc ,4
3dd9e578dace13af ,5745668119545588 ,-0.09664307 ,-0.37382814 ,1.906311 ,3 ,Acc ,4
3dd9e578dace13af ,5745668221531473 ,-1.0949341 ,0.14124756 ,1.6939087 ,3 ,Acc ,4
3dd9e578dace13af ,5745668336215223 ,0.2527588 ,0.04248047 ,1.2213135 ,3 ,Acc ,4
3dd9e578dace13af ,5745668440805848 ,-0.95368654 ,-0.03186035 ,0.6924316 ,3 ,Acc ,4
3dd9e578dace13af ,5745668555358869 ,-0.3440918 ,0.22408448 ,0.4630371 ,3 ,Acc ,4
3dd9e578dace13af ,5745668675166317 ,-0.6265869 ,-0.1709839 ,-0.24638672 ,3 ,Acc ,4
3dd9e578dace13af ,5745668779579390 ,0.046728518 ,-0.7412842 ,-1.4910644 ,3 ,Acc ,4
3dd9e578dace13af ,5745668881288713 ,-1.0269654 ,-1.2064453 ,-1.4369019 ,3 ,Acc ,4
3dd9e578dace13af ,5745668995954390 ,-1.7448853 ,-1.175647 ,0.3058594 ,3 ,Acc ,4
3dd9e578dace13af ,5745669120695900 ,-1.8680786 ,-0.89421386 ,1.8022339 ,3 ,Acc ,4
3dd9e578dace13af ,5745669218889598 ,-1.996582 ,-0.45135498 ,2.2493408 ,3 ,Acc ,4
3dd9e578dace13af ,5745669341249754 ,-1.9541016 ,-0.2347046 ,1.0259033 ,3 ,Acc ,4
3dd9e578dace13af ,5745669459207567 ,-1.1013062 ,-0.118945315 ,0.7784546 ,3 ,Acc ,4
3dd9e578dace13af ,5745669560476890 ,-0.7614624 ,-0.03717041 ,0.4970215 ,3 ,Acc ,4
3dd9e578dace13af ,5745669676932202 ,-0.24261475 ,-0.45422363 ,0.3484497 ,3 ,Acc ,15
3dd9e578dace13af ,5745669677622931 ,0.035046387 ,0.39506838 ,0.22833252 ,3 ,Acc ,4
3dd9e578dace13af ,5745669695855431 ,-10.6637745 ,-2.96881 ,2.8778305 ,3 ,Acc ,1
3dd9e578dace13af ,5745669780642983 ,0.26444092 ,0.11257324 ,-0.12956543 ,3 ,Acc ,4
3dd9e578dace13af ,5745669896041369 ,0.3791382 ,-0.06690674 ,-0.30267334 ,3 ,Acc ,4
3dd9e578dace13af ,5745669999147514 ,-0.53525394 ,-0.42374268 ,-0.035046387 ,3 ,Acc ,4
3dd9e578dace13af ,5745670101974077 ,-0.19541016 ,-0.14655761 ,0.28461915 ,3 ,Acc ,4
3dd9e578dace13af ,5745670221196525 ,-0.71367186 ,-0.27399904 ,0.41418457 ,3 ,Acc ,4
3dd9e578dace13af ,5745670321997046 ,-0.66588134 ,-0.22302246 ,0.36108398 ,3 ,Acc ,4
3dd9e578dace13af ,5745670439209910 ,-0.5787964 ,-0.17523193 ,0.2623169 ,3 ,Acc ,4
3dd9e578dace13af ,5745670560397723 ,-0.57242435 ,-0.27293703 ,0.22514649 ,3 ,Acc ,4
3dd9e578dace13af ,5745670660436733 ,-0.51188964 ,-0.29311523 ,0.17523193 ,3 ,Acc ,4
3dd9e578dace13af ,5745670763383660 ,0.118945315 ,-0.39082032 ,-0.098767094 ,3 ,Acc ,4
3dd9e578dace13af ,5745670883600170 ,0.025488282 ,-0.38444826 ,-0.36851808 ,3 ,Acc ,4
3dd9e578dace13af ,5745671001215170 ,0.20709229 ,-0.20921631 ,-0.56605226 ,3 ,Acc ,4
3dd9e578dace13af ,5745671105382358 ,0.37701416 ,0.04460449 ,-0.49277344 ,3 ,Acc ,4
3dd9e578dace13af ,5745671220197618 ,0.093457036 ,-0.16461182 ,-0.43754885 ,3 ,Acc ,4
3dd9e578dace13af ,5745671343388243 ,-0.38551027 ,0.22727051 ,0.16567384 ,3 ,Acc ,4
3dd9e578dace13af ,5745671460711524 ,-0.19222413 ,0.7147339 ,0.6701294 ,3 ,Acc ,4
3dd9e578dace13af ,5745671564472462 ,0.12956543 ,0.61065674 ,1.1597168 ,3 ,Acc ,4
3dd9e578dace13af ,5745671681387930 ,-0.3090454 ,0.49064943 ,0.727478 ,3 ,Acc ,4
3dd9e578dace13af ,5745671783770483 ,0.35152587 ,-0.26762697 ,-0.115759276 ,3 ,Acc ,4
3dd9e578dace13af ,5745671902537930 ,-0.18372802 ,-0.7434082 ,-0.9165161 ,3 ,Acc ,4
3dd9e578dace13af ,5745672002129910 ,0.046728518 ,-0.48215333 ,-0.5033936 ,3 ,Acc ,4
3dd9e578dace13af ,5745672118867201 ,-0.12956543 ,0.032922365 ,0.34727785 ,3 ,Acc ,4
3dd9e578dace13af ,5745672222449024 ,-0.23258057 ,0.24638672 ,0.5097656 ,3 ,Acc ,4
3dd9e578dace13af ,5745672344508243 ,-0.22727051 ,0.14337158 ,0.634021 ,3 ,Acc ,4
3dd9e578dace13af ,5745672462135639 ,-0.3069214 ,0.15186767 ,0.18903808 ,3 ,Acc ,4
3dd9e578dace13af ,5745672565243191 ,-0.08602295 ,-0.13381349 ,-0.107263185 ,3 ,Acc ,4
3dd9e578dace13af ,5745672680236888 ,-0.04046631 ,-0.60632324 ,0.2753296 ,3 ,Acc ,15
3dd9e578dace13af ,5745672680930222 ,0.07115479 ,-0.25700685 ,0.058410645 ,3 ,Acc ,4
3dd9e578dace13af ,5745672699245847 ,-9.203311 ,-2.2744915 ,2.4708161 ,3 ,Acc ,1
3dd9e578dace13af ,5745672781673711 ,0.12850343 ,-0.22089843 ,0.17629395 ,3 ,Acc ,4
3dd9e578dace13af ,5745672885166055 ,0.11363526 ,-0.107263185 ,0.035046387 ,3 ,Acc ,4
3dd9e578dace13af ,5745672985163034 ,0.19222413 ,0.045666505 ,-0.004248047 ,3 ,Acc ,4
3dd9e578dace13af ,5745673103747670 ,0.15611573 ,0.22302246 ,0.16779785 ,3 ,Acc ,4
3dd9e578dace13af ,5745673222140222 ,-0.13062744 ,0.19116211 ,0.25700685 ,3 ,Acc ,4
3dd9e578dace13af ,5745673326014649 ,0.04460449 ,0.08496094 ,-0.007434082 ,3 ,Acc ,4
3dd9e578dace13af ,5745673801661888 ,0.008496094 ,-0.070092775 ,-0.10407715 ,3 ,Acc ,4
3dd9e578dace13af ,5745673901706263 ,0.115759276 ,0.08814698 ,-0.050976563 ,3 ,Acc ,4
3dd9e578dace13af ,5745674006533555 ,-0.5299439 ,0.08283692 ,0.046728518 ,3 ,Acc ,4
3dd9e578dace13af ,5745674124249805 ,0.121069334 ,0.059472658 ,0.10195313 ,3 ,Acc ,4
