3dd9e578dace13af ,2048643981358 ,-3.4728699 ,4.9752655 ,-7.923416 ,0 ,Acc ,10
3dd9e578dace13af ,2048744464952 ,-0.7482605 ,-0.5572052 ,-0.16873169 ,0 ,Acc ,10
3dd9e578dace13af ,2048845287712 ,-0.0038757324 ,-0.16111755 ,-0.05848694 ,0 ,Acc ,10
3dd9e578dace13af ,2048944902452 ,-0.01852417 ,-0.029846191 ,-0.057937622 ,0 ,Acc ,10
3dd9e578dace13af ,2049047882504 ,0.10177612 ,-0.22911072 ,-0.22154236 ,0 ,Acc ,10
3dd9e578dace13af ,2049148710264 ,-0.04248047 ,-0.11943054 ,-0.08508301 ,0 ,Acc ,10
3dd9e578dace13af ,2049248653285 ,0.002670288 ,3.3569336E-4 ,0.014007568 ,0 ,Acc ,10
3dd9e578dace13af ,2049348703649 ,0.008102417 ,-0.04899597 ,-0.09442139 ,0 ,Acc ,10
3dd9e578dace13af ,2049448757139 ,0.13671875 ,-0.11026001 ,-0.17303467 ,0 ,Acc ,10
3dd9e578dace13af ,2049548658858 ,0.070129395 ,-0.0059051514 ,0.016448975 ,0 ,Acc ,10
3dd9e578dace13af ,2049649830420 ,-0.08821106 ,0.06324768 ,0.09564209 ,0 ,Acc ,10
3dd9e578dace13af ,2049770097035 ,0.07685852 ,-0.05996704 ,-0.13423157 ,0 ,Acc ,10
3dd9e578dace13af ,2049890166982 ,0.0096588135 ,-0.10089111 ,-0.11430359 ,0 ,Acc ,10
3dd9e578dace13af ,2049989564795 ,0.092803955 ,0.07873535 ,-0.017471313 ,0 ,Acc ,10
3dd9e578dace13af ,2050090444430 ,-0.036117554 ,-0.047180176 ,-0.04524231 ,0 ,Acc ,10
3dd9e578dace13af ,2050189686253 ,0.011947632 ,-0.054519653 ,-0.15742493 ,0 ,Acc ,10
3dd9e578dace13af ,2050290661461 ,0.034454346 ,-0.017822266 ,-0.10316467 ,0 ,Acc ,10
3dd9e578dace13af ,2050410822347 ,0.020111084 ,-0.0073547363 ,-0.037078857 ,0 ,Acc ,10
3dd9e578dace13af ,2050530851670 ,0.010253906 ,-0.05189514 ,-0.08589172 ,0 ,Acc ,10
3dd9e578dace13af ,2050630375368 ,0.00491333 ,-0.038467407 ,-0.10551453 ,0 ,Acc ,10
3dd9e578dace13af ,2050731081461 ,0.02217102 ,0.037261963 ,-0.10479736 ,0 ,Acc ,10
3dd9e578dace13af ,2050830595784 ,0.007949829 ,0.033187866 ,-0.0597229 ,0 ,Acc ,10
3dd9e578dace13af ,2050931330576 ,0.14057922 ,0.04588318 ,-0.015106201 ,0 ,Acc ,10
3dd9e578dace13af ,2051051478753 ,-0.073394775 ,-0.086257935 ,-0.019515991 ,0 ,Acc ,10
3dd9e578dace13af ,2051150797138 ,-0.06111145 ,-0.31152344 ,0.013580322 ,0 ,Acc ,10
3dd9e578dace13af ,2051251669065 ,0.065597534 ,0.19407654 ,-0.06274414 ,0 ,Acc ,10
3dd9e578dace13af ,2051371726773 ,-0.017288208 ,0.004135132 ,-0.06411743 ,0 ,Acc ,10
3dd9e578dace13af ,2051491873440 ,0.79571533 ,1.0539856 ,1.1591644 ,0 ,Acc ,10
3dd9e578dace13af ,2051611944273 ,-0.28430176 ,-2.566925 ,1.2036438 ,0 ,Acc ,10
3dd9e578dace13af ,2051652151305 ,-0.15766907 ,-9.761902 ,0.92222595 ,0 ,Acc ,9
3dd9e578dace13af ,2051653824846 ,0.37908936 ,-0.55615234 ,0.6043091 ,3 ,Acc ,15
3dd9e578dace13af ,2051728366878 ,-0.33247375 ,-0.8088684 ,-0.007522583 ,0 ,Acc ,10
3dd9e578dace13af ,2051831682086 ,0.81170654 ,1.5657959 ,-0.13919067 ,0 ,Acc ,10
3dd9e578dace13af ,2051951389534 ,0.41455078 ,-0.014144897 ,-2.046814 ,0 ,Acc ,10
3dd9e578dace13af ,2052075106513 ,0.067993164 ,-1.2180328 ,-0.542923 ,0 ,Acc ,10
3dd9e578dace13af ,2052191988440 ,0.5456848 ,0.16275024 ,-0.6147003 ,0 ,Acc ,10
3dd9e578dace13af ,2052292705419 ,0.77142334 ,0.37608337 ,-0.92370605 ,0 ,Acc ,10
3dd9e578dace13af ,2052394190054 ,0.071777344 ,0.13739014 ,-0.31880188 ,0 ,Acc ,10
3dd9e578dace13af ,2052810698231 ,-0.15829468 ,1.3418884 ,2.164688 ,0 ,Acc ,10
3dd9e578dace13af ,2052912702762 ,-0.18399048 ,1.8866577 ,1.7675476 ,0 ,Acc ,10
3dd9e578dace13af ,2053013612190 ,-0.697464 ,2.4130707 ,0.41773987 ,0 ,Acc ,10
3dd9e578dace13af ,2053133605262 ,-2.5650635 ,0.7749634 ,-2.7486877 ,0 ,Acc ,10
3dd9e578dace13af ,2053253781721 ,0.5528259 ,-0.4228363 ,-0.51016235 ,0 ,Acc ,10
3dd9e578dace13af ,2053373921721 ,1.5494385 ,-1.2771912 ,0.79811096 ,0 ,Acc ,10
3dd9e578dace13af ,2053490624689 ,-0.09951782 ,0.98602295 ,1.8892975 ,0 ,Acc ,10
3dd9e578dace13af ,2053591058179 ,-0.5181427 ,0.2788391 ,0.5533905 ,0 ,Acc ,10
3dd9e578dace13af ,2053694315366 ,-0.33018494 ,0.29351807 ,0.27952576 ,0 ,Acc ,10
3dd9e578dace13af ,2053793838804 ,-0.23963928 ,0.24864197 ,0.15208435 ,0 ,Acc ,10
3dd9e578dace13af ,2053894539273 ,-0.25776672 ,0.4270172 ,0.298172 ,0 ,Acc ,10
3dd9e578dace13af ,2053993839950 ,-0.19192505 ,0.48568726 ,0.4477539 ,0 ,Acc ,10
3dd9e578dace13af ,2054094568752 ,-0.1399231 ,0.25106812 ,0.28118896 ,0 ,Acc ,10
3dd9e578dace13af ,2054214755991 ,-0.094680786 ,0.18910217 ,0.2150116 ,0 ,Acc ,10
3dd9e578dace13af ,2054334840574 ,-0.29768372 ,0.027526855 ,-0.060455322 ,0 ,Acc ,10
3dd9e578dace13af ,2054434486147 ,-0.37580872 ,0.22276306 ,-0.068862915 ,0 ,Acc ,10
3dd9e578dace13af ,2054535052814 ,-0.22201538 ,0.43811035 ,-0.15821838 ,0 ,Acc ,10
3dd9e578dace13af ,2054634705418 ,0.30741882 ,0.31515503 ,0.28018188 ,0 ,Acc ,10
3dd9e578dace13af ,2054672440314 ,2.6924438 ,-5.5241547 ,7.642288 ,0 ,Acc ,9
3dd9e578dace13af ,2054673590210 ,0.2939453 ,-0.15472412 ,0.7606201 ,3 ,Acc ,15
3dd9e578dace13af ,2054750949949 ,-0.77944946 ,1.0571442 ,0.9077759 ,0 ,Acc ,10
3dd9e578dace13af ,2054851692293 ,-0.058441162 ,-0.24645996 ,0.24057007 ,0 ,Acc ,10
3dd9e578dace13af ,2054955120262 ,-0.37590027 ,-1.0345612 ,0.8097534 ,0 ,Acc ,10
3dd9e578dace13af ,2055055732085 ,-1.0527496 ,-0.8243561 ,1.4988861 ,0 ,Acc ,10
3dd9e578dace13af ,2055175942397 ,2.7004852 ,-0.74320984 ,0.67681885 ,0 ,Acc ,10
3dd9e578dace13af ,2055295954116 ,5.444687 ,0.3466339 ,0.7144623 ,0 ,Acc ,10
3dd9e578dace13af ,2055416188334 ,-0.053726196 ,2.8310242 ,-3.7307892 ,0 ,Acc ,10
3dd9e578dace13af ,2055515697032 ,-2.3258667 ,1.6838531 ,-1.6914978 ,0 ,Acc ,10
3dd9e578dace13af ,2055616262189 ,-2.8140259 ,-1.0125732 ,-2.9196167 ,0 ,Acc ,10
3dd9e578dace13af ,2055715832136 ,-2.0016937 ,-1.3513947 ,-2.7585907 ,0 ,Acc ,10
3dd9e578dace13af ,2055816503543 ,-1.0148773 ,-2.0051727 ,-1.5470734 ,0 ,Acc ,10
3dd9e578dace13af ,2055916190991 ,-1.0486908 ,-1.6158752 ,-0.26745605 ,0 ,Acc ,10
3dd9e578dace13af ,2056016754168 ,-1.0147095 ,-1.6760559 ,1.8941956 ,0 ,Acc ,10
3dd9e578dace13af ,2056116600418 ,-0.31526184 ,-2.4770355 ,2.8762817 ,0 ,Acc ,10
3dd9e578dace13af ,2056216997501 ,1.3245697 ,-3.1689606 ,2.94664 ,0 ,Acc ,10
3dd9e578dace13af ,2056337137761 ,-0.56430054 ,2.0911865 ,3.704956 ,0 ,Acc ,10
3dd9e578dace13af ,2056436658022 ,1.1572113 ,-2.1590424 ,-0.4265747 ,0 ,Acc ,10
3dd9e578dace13af ,2056537250990 ,-0.44232178 ,-0.82418823 ,-0.48106384 ,0 ,Acc ,10
3dd9e578dace13af ,2056636878751 ,-0.20690918 ,0.27609253 ,-2.0418549 ,0 ,Acc ,10
3dd9e578dace13af ,2056737696355 ,-1.0547943 ,0.40324402 ,-2.852356 ,0 ,Acc ,10
3dd9e578dace13af ,2056857600782 ,-1.1719818 ,0.036193848 ,-1.9176483 ,0 ,Acc ,10
3dd9e578dace13af ,2056977249896 ,5.341446 ,-1.730011 ,1.1433563 ,0 ,Acc ,10
3dd9e578dace13af ,2057077229428 ,-0.7901764 ,-4.968933 ,0.10467529 ,0 ,Acc ,10
3dd9e578dace13af ,2057178050573 ,-1.7149658 ,-3.0895996 ,0.57769775 ,0 ,Acc ,10
3dd9e578dace13af ,2057298140000 ,-2.293335 ,-2.7284088 ,6.4086914E-4 ,0 ,Acc ,10
3dd9e578dace13af ,2057397636875 ,-2.1045227 ,-0.15782166 ,-0.04446411 ,0 ,Acc ,10
3dd9e578dace13af ,2057517832657 ,1.7271423 ,-1.8402405 ,0.026992798 ,0 ,Acc ,10
3dd9e578dace13af ,2057637965938 ,4.12265 ,-3.1588593 ,0.2665863 ,0 ,Acc ,10
3dd9e578dace13af ,2057675910938 ,0.4048462 ,-0.43426514 ,0.65515137 ,3 ,Acc ,15
3dd9e578dace13af ,2057674748282 ,9.1813965 ,-1.8713837 ,2.893097 ,0 ,Acc ,9
3dd9e578dace13af ,2057754273386 ,0.258255 ,0.8446655 ,-2.0901337 ,0 ,Acc ,10
3dd9e578dace13af ,2057855348646 ,-2.1829376 ,1.1199951 ,-2.146988 ,0 ,Acc ,10
3dd9e578dace13af ,2057957237240 ,-1.7505798 ,2.0773315 ,-2.2835846 ,0 ,Acc ,10
3dd9e578dace13af ,2058058648542 ,2.9874268 ,1.754364 ,-1.1191254 ,0 ,Acc ,10
3dd9e578dace13af ,2058158660417 ,3.1345367 ,-0.3000641 ,0.8138733 ,0 ,Acc ,10
3dd9e578dace13af ,2058258672604 ,1.1039734 ,-1.077652 ,2.0670776 ,0 ,Acc ,10
3dd9e578dace13af ,2058378236302 ,-2.9497986 ,-1.3856812 ,-1.2726746 ,0 ,Acc ,10
3dd9e578dace13af ,2058499461146 ,-3.2328644 ,-2.1679688 ,0.6429138 ,0 ,Acc ,10
3dd9e578dace13af ,2058598876562 ,1.7401886 ,-2.8113098 ,1.6331024 ,0 ,Acc ,10
3dd9e578dace13af ,2058698662864 ,2.2134857 ,-1.5056 ,2.490387 ,0 ,Acc ,10
3dd9e578dace13af ,2058798716458 ,4.6633453 ,-0.80714417 ,0.5801239 ,0 ,Acc ,10
3dd9e578dace13af ,2058899730208 ,-2.1460724 ,2.5959015 ,-0.83317566 ,0 ,Acc ,10
3dd9e578dace13af ,2059020036041 ,-1.9625397 ,2.8743591 ,-2.0694885 ,0 ,Acc ,10
3dd9e578dace13af ,2059119483646 ,0.85720825 ,2.3118286 ,-1.1953583 ,0 ,Acc ,10
3dd9e578dace13af ,2059220219843 ,2.994461 ,0.62742615 ,-0.37365723 ,0 ,Acc ,10
3dd9e578dace13af ,2059340320677 ,3.5762634 ,-1.8521729 ,2.2760773 ,0 ,Acc ,10
3dd9e578dace13af ,2059460429791 ,-4.2158813 ,-2.6141205 ,-0.58073425 ,0 ,Acc ,10
3dd9e578dace13af ,2059580643437 ,-2.7697296 ,-3.5664825 ,1.6117554 ,0 ,Acc ,10
3dd9e578dace13af ,2059700727083 ,3.2493591 ,-3.0881042 ,1.3793335 ,0 ,Acc ,10
3dd9e578dace13af ,2059820837604 ,3.852356 ,-4.766815 ,1.2005005 ,0 ,Acc ,10
3dd9e578dace13af ,2059940991822 ,-1.5558014 ,1.3289795 ,-2.4975128 ,0 ,Acc ,10
3dd9e578dace13af ,2060061064999 ,-1.2090912 ,1.0576019 ,-3.8050842 ,0 ,Acc ,10
3dd9e578dace13af ,2060160610051 ,3.564331 ,0.6518707 ,-3.10701 ,0 ,Acc ,10
3dd9e578dace13af ,2060260990312 ,1.8982544 ,1.5622253 ,-2.9258423 ,0 ,Acc ,10
3dd9e578dace13af ,2060360844687 ,3.5005646 ,-1.7446747 ,0.9541626 ,0 ,Acc ,10
3dd9e578dace13af ,2060461591562 ,-2.9621277 ,-1.9514008 ,-0.89997864 ,0 ,Acc ,10
3dd9e578dace13af ,2060584438332 ,-1.570282 ,-3.2869568 ,1.1500244 ,0 ,Acc ,10
3dd9e578dace13af ,2060678597239 ,0.4173584 ,-0.463562 ,0.5281372 ,3 ,Acc ,15
3dd9e578dace13af ,2060677911510 ,9.561966 ,-0.08558655 ,2.1752472 ,0 ,Acc ,9
3dd9e578dace13af ,2060698085155 ,1.1327515 ,-3.7565918 ,3.2924347 ,0 ,Acc ,10
3dd9e578dace13af ,2060821603957 ,0.6125183 ,-2.8413696 ,1.9278412 ,0 ,Acc ,10
3dd9e578dace13af ,2060921417759 ,3.902649 ,-2.972107 ,-0.5182953 ,0 ,Acc ,10
3dd9e578dace13af ,2061022171093 ,-2.60318 ,0.967926 ,-2.8899841 ,0 ,Acc ,10
3dd9e578dace13af ,2061121650572 ,-0.9608917 ,0.58421326 ,-4.100189 ,0 ,Acc ,10
3dd9e578dace13af ,2061222314166 ,2.1554565 ,0.79104614 ,-2.66745 ,0 ,Acc ,10
3dd9e578dace13af ,2061321829895 ,3.3807526 ,0.6129761 ,-1.059082 ,0 ,Acc ,10
3dd9e578dace13af ,2061439218540 ,2.63974 ,-1.1149445 ,0.9691925 ,0 ,Acc ,10
3dd9e578dace13af ,2061542698124 ,-4.0127106 ,-2.110443 ,1.1231537 ,0 ,Acc ,10
3dd9e578dace13af ,2061662900415 ,-2.8260803 ,-2.875595 ,1.111908 ,0 ,Acc ,10
3dd9e578dace13af ,2061783028072 ,4.912216 ,-3.9193573 ,2.3750458 ,0 ,Acc ,10
3dd9e578dace13af ,2061903100884 ,2.8116608 ,-4.241562 ,0.45202637 ,0 ,Acc ,10
3dd9e578dace13af ,2062002689269 ,-1.2481537 ,0.41044617 ,-1.2790833 ,0 ,Acc ,10
3dd9e578dace13af ,2062103349894 ,-3.5876007 ,0.8186798 ,-3.0373077 ,0 ,Acc ,10
3dd9e578dace13af ,2062202774426 ,-0.42243958 ,1.5508728 ,-2.93367 ,0 ,Acc ,10
3dd9e578dace13af ,2062303574946 ,2.9614563 ,0.2992401 ,-1.7370453 ,0 ,Acc ,10
3dd9e578dace13af ,2062424284165 ,3.034851 ,-1.987503 ,0.64100647 ,0 ,Acc ,10
3dd9e578dace13af ,2062544304113 ,-3.3827515 ,-0.625473 ,-0.34324646 ,0 ,Acc ,10
3dd9e578dace13af ,2062643426873 ,-3.782318 ,-2.309616 ,0.1822815 ,0 ,Acc ,10
3dd9e578dace13af ,2062744550571 ,-0.9397125 ,-2.9707336 ,2.1724243 ,0 ,Acc ,10
3dd9e578dace13af ,2062843625102 ,4.0703278 ,-2.9389648 ,2.9667969 ,0 ,Acc ,10
3dd9e578dace13af ,2062944756404 ,3.5713196 ,-4.375778 ,1.0955505 ,0 ,Acc ,10
3dd9e578dace13af ,2063064834738 ,-3.5008087 ,0.32852173 ,-1.3704376 ,0 ,Acc ,10
3dd9e578dace13af ,2063184959477 ,-1.5030518 ,0.4790802 ,-3.004654 ,0 ,Acc ,10
3dd9e578dace13af ,2063304816821 ,3.4001312 ,0.8879852 ,-1.3686371 ,0 ,Acc ,10
3dd9e578dace13af ,2063424880727 ,1.9523315 ,-1.1113586 ,0.690567 ,0 ,Acc ,10
3dd9e578dace13af ,2063544883592 ,-3.4140625 ,-0.7762451 ,-1.2032471 ,0 ,Acc ,10
3dd9e578dace13af ,2063644460258 ,-3.2856293 ,-2.30661 ,-0.044326782 ,0 ,Acc ,10
3dd9e578dace13af ,2063687616925 ,0.44158936 ,-0.3965454 ,0.6455078 ,3 ,Acc ,15
3dd9e578dace13af ,2063685528123 ,9.3293 ,-0.85672 ,2.898346 ,0 ,Acc ,9
3dd9e578dace13af ,2063760814165 ,2.5147552 ,-3.9219666 ,2.6697693 ,0 ,Acc ,10
3dd9e578dace13af ,2063865227758 ,1.3219299 ,-2.41214 ,2.9347382 ,0 ,Acc ,10
3dd9e578dace13af ,2063964656508 ,3.5387878 ,-3.801239 ,0.27409363 ,0 ,Acc ,10
3dd9e578dace13af ,2064085031248 ,-3.5698395 ,0.12808228 ,-1.5691681 ,0 ,Acc ,10
3dd9e578dace13af ,2064185582810 ,-2.095459 ,0.061401367 ,-2.949936 ,0 ,Acc ,10
3dd9e578dace13af ,2064305649269 ,3.861374 ,0.8609009 ,-1.7696686 ,0 ,Acc ,10
3dd9e578dace13af ,2064425936508 ,1.243454 ,-0.63591003 ,-0.4994812 ,0 ,Acc ,10
3dd9e578dace13af ,2064545996143 ,-2.4567566 ,-0.7626953 ,-1.3340454 ,0 ,Acc ,10
3dd9e578dace13af ,2064662259216 ,-2.1941376 ,-2.8145905 ,0.17897034 ,0 ,Acc ,10
3dd9e578dace13af ,2064765585935 ,0.314682 ,-3.5409088 ,2.2585602 ,0 ,Acc ,10
3dd9e578dace13af ,2064866321768 ,3.3273163 ,-3.7114258 ,3.0530243 ,0 ,Acc ,10
3dd9e578dace13af ,2064965882550 ,4.5901794 ,-4.6492615 ,1.0757141 ,0 ,Acc ,10
3dd9e578dace13af ,2065066517602 ,-2.8117218 ,0.074783325 ,-0.95350647 ,0 ,Acc ,10
3dd9e578dace13af ,2065186658904 ,-2.4651642 ,0.31333923 ,-2.9750214 ,0 ,Acc ,10
3dd9e578dace13af ,2065306732133 ,5.1942596 ,0.44932556 ,-2.2605743 ,0 ,Acc ,10
3dd9e578dace13af ,2065427036872 ,1.8880768 ,-0.29222107 ,-0.9281311 ,0 ,Acc ,10
3dd9e578dace13af ,2065526478487 ,-2.123932 ,-0.20658875 ,-0.78292847 ,0 ,Acc ,10
3dd9e578dace13af ,2065627182758 ,-4.1973267 ,-2.1929321 ,-0.1998291 ,0 ,Acc ,10
3dd9e578dace13af ,2065731457081 ,-0.94181824 ,-3.1421814 ,2.2828064 ,0 ,Acc ,10
3dd9e578dace13af ,2065846864060 ,4.9637146 ,-4.247299 ,4.175522 ,0 ,Acc ,10
3dd9e578dace13af ,2065947546403 ,2.842514 ,-4.3547516 ,0.94747925 ,0 ,Acc ,10
3dd9e578dace13af ,2066046458643 ,-1.3774109 ,0.23316956 ,-1.0805817 ,0 ,Acc ,10
3dd9e578dace13af ,2066147289945 ,-2.777298 ,0.32398987 ,-2.783142 ,0 ,Acc ,10
3dd9e578dace13af ,2066247217445 ,1.0093536 ,1.3333282 ,-2.9857178 ,0 ,Acc ,10
3dd9e578dace13af ,2066347251559 ,3.9398804 ,1.1765137 ,-2.0327454 ,0 ,Acc ,10
3dd9e578dace13af ,2066467470518 ,3.5816345 ,-0.66548157 ,0.5905762 ,0 ,Acc ,10
3dd9e578dace13af ,2066588213330 ,-4.6680756 ,-1.1809235 ,0.0012512207 ,0 ,Acc ,10
3dd9e578dace13af ,2066689319320 ,9.346283 ,-0.09837341 ,2.967743 ,0 ,Acc ,9
3dd9e578dace13af ,2066690982132 ,0.48443604 ,-0.33764648 ,0.66693115 ,3 ,Acc ,15
3dd9e578dace13af ,2066687666820 ,-2.556137 ,-3.7779236 ,1.0145874 ,0 ,Acc ,10
3dd9e578dace13af ,2066807903643 ,5.1893616 ,-4.3452454 ,2.3374329 ,0 ,Acc ,10
3dd9e578dace13af ,2066908491299 ,1.443039 ,-4.865204 ,1.7068329 ,0 ,Acc ,10
3dd9e578dace13af ,2067028604424 ,-1.2078094 ,0.1073761 ,-0.9215851 ,0 ,Acc ,10
3dd9e578dace13af ,2067128060622 ,-3.437683 ,0.5731964 ,-2.7955627 ,0 ,Acc ,10
3dd9e578dace13af ,2067228513278 ,1.2759705 ,1.7101593 ,-3.0786743 ,0 ,Acc ,10
3dd9e578dace13af ,2067348974007 ,3.0410767 ,1.4006805 ,-1.4818268 ,0 ,Acc ,10
3dd9e578dace13af ,2067448664007 ,3.2608337 ,-1.0685883 ,1.1145935 ,0 ,Acc ,10
3dd9e578dace13af ,2067548660621 ,-3.2670593 ,-1.0407867 ,-0.89263916 ,0 ,Acc ,10
3dd9e578dace13af ,2067648648851 ,-1.7285004 ,-4.391571 ,0.56285095 ,0 ,Acc ,10
3dd9e578dace13af ,2067749504163 ,0.32196045 ,-4.7868347 ,2.1225586 ,0 ,Acc ,10
3dd9e578dace13af ,2067848671767 ,2.6247559 ,-4.1248016 ,2.9165955 ,0 ,Acc ,10
3dd9e578dace13af ,2067949647757 ,4.4608307 ,-4.8790436 ,0.16149902 ,0 ,Acc ,10
3dd9e578dace13af ,2068049247705 ,-1.6115112 ,0.51579285 ,-1.3809662 ,0 ,Acc ,10
3dd9e578dace13af ,2068149679892 ,-2.2389374 ,0.28503418 ,-3.4174957 ,0 ,Acc ,10
3dd9e578dace13af ,2068249411611 ,1.6109314 ,1.2584686 ,-3.3601074 ,0 ,Acc ,10
3dd9e578dace13af ,2068350146246 ,2.7153168 ,1.1980438 ,-2.0165558 ,0 ,Acc ,10
3dd9e578dace13af ,2068449278954 ,5.467972 ,-0.72268677 ,-0.3280182 ,0 ,Acc ,10
3dd9e578dace13af ,2068565985569 ,-4.0326843 ,-1.1654358 ,-1.3427734 ,0 ,Acc ,10
3dd9e578dace13af ,2068666583798 ,-1.7778778 ,-4.2182007 ,0.1416626 ,0 ,Acc ,10
3dd9e578dace13af ,2068769905673 ,2.8289948 ,-5.383148 ,2.5100708 ,0 ,Acc ,10
3dd9e578dace13af ,2068890086246 ,1.9099426 ,-5.205887 ,2.0262146 ,0 ,Acc ,10
3dd9e578dace13af ,2068990818121 ,2.2875824 ,-1.7223663 ,-0.64482117 ,0 ,Acc ,10
3dd9e578dace13af ,2069110913121 ,-2.541565 ,-0.54885864 ,-3.0129547 ,0 ,Acc ,10
3dd9e578dace13af ,2069216927860 ,0.5451355 ,1.1397858 ,-3.8005219 ,0 ,Acc ,10
3dd9e578dace13af ,2069330501975 ,2.6956024 ,0.7356262 ,-2.773407 ,0 ,Acc ,10
3dd9e578dace13af ,2069431384840 ,4.3318024 ,-1.1856079 ,-1.2188263 ,0 ,Acc ,10
3dd9e578dace13af ,2069530844787 ,-2.8937378 ,-0.6846161 ,-1.2987518 ,0 ,Acc ,10
3dd9e578dace13af ,2069631498225 ,-2.8917084 ,-2.896408 ,0.32003784 ,0 ,Acc ,10
3dd9e578dace13af ,2069715142444 ,0.5313721 ,-0.29516602 ,0.67785645 ,3 ,Acc ,15
3dd9e578dace13af ,2069713321454 ,9.458725 ,0.38630676 ,2.5599518 ,0 ,Acc ,9
3dd9e578dace13af ,2069749158954 ,1.0264282 ,-3.7109222 ,3.326294 ,0 ,Acc ,10
3dd9e578dace13af ,2069871589579 ,0.59820557 ,-3.1349335 ,2.8255615 ,0 ,Acc ,10
3dd9e578dace13af ,2069971202027 ,4.642761 ,-3.788498 ,0.18234253 ,0 ,Acc ,10
3dd9e578dace13af ,2070091402548 ,-3.7150269 ,-0.26782227 ,-2.6285248 ,0 ,Acc ,10
3dd9e578dace13af ,2070192027183 ,-0.678833 ,0.044036865 ,-3.4073029 ,0 ,Acc ,10
3dd9e578dace13af ,2070291470933 ,3.5279236 ,0.4706726 ,-2.679062 ,0 ,Acc ,10
3dd9e578dace13af ,2070411770100 ,1.0697784 ,-0.7738495 ,-1.4566498 ,0 ,Acc ,10
3dd9e578dace13af ,2070512478068 ,0.065704346 ,-0.9058075 ,-0.9322357 ,0 ,Acc ,10
3dd9e578dace13af ,2070632592964 ,-3.1820679 ,-2.5887299 ,-0.49882507 ,0 ,Acc ,10
3dd9e578dace13af ,2070736923016 ,-1.16893 ,-3.2217102 ,1.786438 ,0 ,Acc ,10
3dd9e578dace13af ,2070849711193 ,2.8174438 ,-3.5503082 ,3.2512817 ,0 ,Acc ,10
3dd9e578dace13af ,2070952898745 ,4.126068 ,-4.6533966 ,0.7105255 ,0 ,Acc ,10
3dd9e578dace13af ,2071052418693 ,-2.594574 ,-0.35708618 ,-1.7931976 ,0 ,Acc ,10
3dd9e578dace13af ,2071153116141 ,-1.172699 ,-0.49169922 ,-3.6476288 ,0 ,Acc ,10
3dd9e578dace13af ,2071252674266 ,1.6706696 ,1.1247711 ,-2.8592834 ,0 ,Acc ,10
3dd9e578dace13af ,2071353317495 ,3.0554504 ,0.45663452 ,-2.068573 ,0 ,Acc ,10
3dd9e578dace13af ,2071452881974 ,3.5956726 ,-1.2858124 ,0.07435608 ,0 ,Acc ,10
3dd9e578dace13af ,2071553587807 ,-1.9216156 ,-1.0341644 ,-1.8840485 ,0 ,Acc ,10
3dd9e578dace13af ,2071673680099 ,-2.1059875 ,-4.5852966 ,-0.042526245 ,0 ,Acc ,10
3dd9e578dace13af ,2071793831609 ,3.3835602 ,-4.4753265 ,2.0428314 ,0 ,Acc ,10
3dd9e578dace13af ,2071913957286 ,0.2846985 ,-4.7409515 ,1.3637695 ,0 ,Acc ,10
3dd9e578dace13af ,2072013518641 ,2.823349 ,-2.2446594 ,-0.88150024 ,0 ,Acc ,10
3dd9e578dace13af ,2072114202963 ,-3.1353607 ,-0.08004761 ,-2.8109436 ,0 ,Acc ,10
3dd9e578dace13af ,2072219464266 ,-0.94677734 ,0.45251465 ,-4.144943 ,0 ,Acc ,10
3dd9e578dace13af ,2072333830307 ,4.140442 ,0.29371643 ,-2.5253754 ,0 ,Acc ,10
3dd9e578dace13af ,2072434615203 ,1.0895538 ,-0.49501038 ,-1.2741394 ,0 ,Acc ,10
3dd9e578dace13af ,2072552009161 ,-1.6348267 ,-0.90849304 ,-1.6903229 ,0 ,Acc ,10
3dd9e578dace13af ,2072654226140 ,-3.1620636 ,-3.3928528 ,-1.2884979 ,0 ,Acc ,10
3dd9e578dace13af ,2072731044161 ,9.08345 ,0.5393982 ,3.65654 ,0 ,Acc ,9
3dd9e578dace13af ,2072731737599 ,0.4376831 ,-0.3493042 ,0.6157837 ,3 ,Acc ,15
3dd9e578dace13af ,2072770474942 ,0.82992554 ,-4.853241 ,1.6237335 ,0 ,Acc ,10
3dd9e578dace13af ,2072874996765 ,2.5371094 ,-3.9401245 ,2.40831 ,0 ,Acc ,10
3dd9e578dace13af ,2072995125203 ,5.7145386 ,-4.246216 ,0.07321167 ,0 ,Acc ,10
3dd9e578dace13af ,2073094565880 ,-2.5488434 ,-0.16317749 ,-2.1417542 ,0 ,Acc ,10
3dd9e578dace13af ,2073194747755 ,-1.6038055 ,-0.20466614 ,-3.7672882 ,0 ,Acc ,10
3dd9e578dace13af ,2073315385567 ,4.168106 ,0.5939636 ,-3.7793884 ,0 ,Acc ,10
3dd9e578dace13af ,2073435696973 ,2.1206665 ,-0.09451294 ,-2.4940796 ,0 ,Acc ,10
3dd9e578dace13af ,2073536993484 ,1.4835968 ,-1.5683594 ,-1.408844 ,0 ,Acc ,10
3dd9e578dace13af ,2073654165932 ,-3.0369873 ,-3.7789917 ,-0.34396362 ,0 ,Acc ,10
3dd9e578dace13af ,2073756019890 ,-0.9259033 ,-5.106018 ,1.5750427 ,0 ,Acc ,10
3dd9e578dace13af ,2073872498327 ,4.8350677 ,-4.7339783 ,3.5845795 ,0 ,Acc ,10
3dd9e578dace13af ,2073976045723 ,3.8675537 ,-4.5847473 ,-0.012298584 ,0 ,Acc ,10
3dd9e578dace13af ,2074076266869 ,0.23890686 ,-0.45822144 ,-1.7929993 ,0 ,Acc ,10
3dd9e578dace13af ,2074175930879 ,-1.4316254 ,-0.101364136 ,-4.2337036 ,0 ,Acc ,10
3dd9e578dace13af ,2074276419890 ,1.097168 ,1.3905945 ,-4.8847656 ,0 ,Acc ,10
3dd9e578dace13af ,2074375960306 ,2.4673462 ,0.9749756 ,-3.4892273 ,0 ,Acc ,10
3dd9e578dace13af ,2074476706244 ,3.544159 ,-0.45718384 ,-3.4160461 ,0 ,Acc ,10
3dd9e578dace13af ,2074596931140 ,0.05455017 ,-2.9573517 ,-0.98657227 ,0 ,Acc ,10
3dd9e578dace13af ,2074716329160 ,-0.6973419 ,-5.156616 ,1.1016083 ,0 ,Acc ,10
3dd9e578dace13af ,2074816559265 ,0.8591919 ,-6.179245 ,2.3888855 ,0 ,Acc ,10
3dd9e578dace13af ,2074917229160 ,2.3066711 ,-4.1753845 ,2.5489502 ,0 ,Acc ,10
3dd9e578dace13af ,2075016640098 ,6.4566193 ,-4.820999 ,-0.15768433 ,0 ,Acc ,10
3dd9e578dace13af ,2075117466400 ,0.45791626 ,0.7981415 ,-2.3641815 ,0 ,Acc ,10
3dd9e578dace13af ,2075237500879 ,0.7428894 ,0.9947815 ,-4.9736176 ,0 ,Acc ,10
3dd9e578dace13af ,2075357599004 ,2.880661 ,1.9209137 ,-4.190796 ,0 ,Acc ,10
3dd9e578dace13af ,2075477253327 ,2.8528137 ,0.6838989 ,-2.3695984 ,0 ,Acc ,10
3dd9e578dace13af ,2075577294629 ,5.2972107 ,-1.5253754 ,0.30386353 ,0 ,Acc ,10
3dd9e578dace13af ,2075677948743 ,-2.4062805 ,-4.2696533 ,-0.5243988 ,0 ,Acc ,10
3dd9e578dace13af ,2075739945514 ,0.3914795 ,-0.35534668 ,0.53204346 ,3 ,Acc ,15
3dd9e578dace13af ,2075738281243 ,8.694565 ,1.3700562 ,4.324066 ,0 ,Acc ,9
3dd9e578dace13af ,2075795315775 ,-1.1007385 ,-5.9064636 ,0.4741974 ,0 ,Acc ,10
3dd9e578dace13af ,2075897662181 ,4.7572327 ,-5.469803 ,0.3391266 ,0 ,Acc ,10
3dd9e578dace13af ,2076017815775 ,0.75177 ,-3.921814 ,-1.0887451 ,0 ,Acc ,10
3dd9e578dace13af ,2076118477337 ,2.6188812 ,-1.0329742 ,-2.690216 ,0 ,Acc ,10
3dd9e578dace13af ,2076238606608 ,-1.2757416 ,0.17248535 ,-4.735565 ,0 ,Acc ,10
3dd9e578dace13af ,2076357281035 ,1.1404266 ,0.76997375 ,-4.306534 ,0 ,Acc ,10
3dd9e578dace13af ,2076461127649 ,2.852295 ,0.1809845 ,-3.2742004 ,0 ,Acc ,10
3dd9e578dace13af ,2076578507806 ,3.7633667 ,-2.5404663 ,-0.33288574 ,0 ,Acc ,10
3dd9e578dace13af ,2076678657181 ,-1.4005127 ,-2.8574066 ,-1.7089996 ,0 ,Acc ,10
3dd9e578dace13af ,2076778648066 ,-1.7100983 ,-4.937332 ,-0.6644287 ,0 ,Acc ,10
3dd9e578dace13af ,2076898802337 ,1.3842468 ,-5.2056427 ,1.7420349 ,0 ,Acc ,10
3dd9e578dace13af ,2076998646295 ,5.0766144 ,-4.424515 ,1.7870483 ,0 ,Acc ,10
3dd9e578dace13af ,2077098739472 ,4.2902527 ,-4.2697144 ,-0.9180298 ,0 ,Acc ,10
3dd9e578dace13af ,2077199535566 ,-0.7346344 ,-0.69651794 ,-2.4404907 ,0 ,Acc ,10
3dd9e578dace13af ,2077298661191 ,-0.3146057 ,-0.6242218 ,-4.376831 ,0 ,Acc ,10
3dd9e578dace13af ,2077399833691 ,0.87802124 ,0.70329285 ,-4.7816925 ,0 ,Acc ,10
3dd9e578dace13af ,2077520060514 ,5.277405 ,-0.68814087 ,-2.6199646 ,0 ,Acc ,10
3dd9e578dace13af ,2077640186763 ,1.9784851 ,-1.5551605 ,-1.2682495 ,0 ,Acc ,10
3dd9e578dace13af ,2077739648899 ,-2.4002075 ,-2.4645233 ,-1.2893677 ,0 ,Acc ,10
3dd9e578dace13af ,2077840465409 ,-0.46876526 ,-4.9812927 ,0.69322205 ,0 ,Acc ,10
3dd9e578dace13af ,2077960506399 ,3.9076385 ,-5.0420227 ,1.9953156 ,0 ,Acc ,10
3dd9e578dace13af ,2078060049107 ,1.8031311 ,-4.204071 ,0.9122772 ,0 ,Acc ,10
3dd9e578dace13af ,2078176817805 ,3.9608612 ,-3.3687286 ,-1.2132568 ,0 ,Acc ,10
3dd9e578dace13af ,2078280862961 ,-1.2968597 ,-0.517334 ,-3.4207764 ,0 ,Acc ,10
3dd9e578dace13af ,2078400979107 ,1.160141 ,0.28904724 ,-4.3362274 ,0 ,Acc ,10
3dd9e578dace13af ,2078500514315 ,3.6454315 ,0.3708496 ,-4.343277 ,0 ,Acc ,10
3dd9e578dace13af ,2078601251138 ,2.7395477 ,-0.5011139 ,-2.961731 ,0 ,Acc ,10
3dd9e578dace13af ,2078700732909 ,3.6534424 ,-2.2854156 ,-0.91978455 ,0 ,Acc ,10
3dd9e578dace13af ,2078742202596 ,0.37298584 ,-0.29284668 ,0.68182373 ,3 ,Acc ,15
3dd9e578dace13af ,2078741484003 ,8.187241 ,0.15844727 ,5.395767 ,0 ,Acc ,9
3dd9e578dace13af ,2078817055930 ,-1.3275146 ,-3.3311005 ,-0.9991913 ,0 ,Acc ,10
3dd9e578dace13af ,2078921542753 ,-0.73509216 ,-5.3889923 ,-0.14230347 ,0 ,Acc ,10
3dd9e578dace13af ,2079041380982 ,0.047927856 ,-5.461014 ,0.3868103 ,0 ,Acc ,10
3dd9e578dace13af ,2079141228273 ,4.039551 ,-4.6044464 ,1.353714 ,0 ,Acc ,10
3dd9e578dace13af ,2079241923638 ,2.4826202 ,-4.7564545 ,-0.8267975 ,0 ,Acc ,10
3dd9e578dace13af ,2079361991867 ,1.3961945 ,-0.22428894 ,-3.6392822 ,0 ,Acc ,10
3dd9e578dace13af ,2079461564836 ,0.8441162 ,-0.2038269 ,-5.168808 ,0 ,Acc ,10
3dd9e578dace13af ,2079581722752 ,0.22486877 ,1.352356 ,-5.9233856 ,0 ,Acc ,10
3dd9e578dace13af ,2079682394784 ,1.5488281 ,0.07574463 ,-5.29097 ,0 ,Acc ,10
3dd9e578dace13af ,2079781955669 ,5.309433 ,-2.3914795 ,-2.5955658 ,0 ,Acc ,10
3dd9e578dace13af ,2079882652492 ,3.2999878 ,-3.8047028 ,3.3571167 ,0 ,Acc ,10
3dd9e578dace13af ,2080002686710 ,-0.29130554 ,-2.1081238 ,-0.71458435 ,0 ,Acc ,10
3dd9e578dace13af ,2080122856763 ,-0.84059143 ,-6.258957 ,1.0964508 ,0 ,Acc ,10
3dd9e578dace13af ,2080242946658 ,0.114089966 ,-6.1005096 ,-0.14320374 ,0 ,Acc ,10
3dd9e578dace13af ,2080363066658 ,-0.20478821 ,-4.8663483 ,-0.91897583 ,0 ,Acc ,10
3dd9e578dace13af ,2080483212023 ,3.779358 ,-7.138443 ,1.3352966 ,0 ,Acc ,10
3dd9e578dace13af ,2080582738325 ,1.0291595 ,-6.5532074 ,-1.266983 ,0 ,Acc ,10
3dd9e578dace13af ,2080683411814 ,1.2074432 ,-6.4306183 ,-0.81069946 ,0 ,Acc ,10
3dd9e578dace13af ,2080782878481 ,1.7493744 ,-7.356827 ,-2.638626 ,0 ,Acc ,10
3dd9e578dace13af ,2080883647335 ,1.9621582 ,-5.8876953 ,-3.545288 ,0 ,Acc ,10
3dd9e578dace13af ,2081003797335 ,0.7566681 ,-3.7896423 ,-2.7916718 ,0 ,Acc ,10
3dd9e578dace13af ,2081103285668 ,0.1967926 ,-1.879425 ,-1.2968445 ,0 ,Acc ,10
3dd9e578dace13af ,2081204006189 ,0.2499237 ,-0.26812744 ,1.5006409 ,0 ,Acc ,10
3dd9e578dace13af ,2081303552022 ,1.00737 ,-0.37039185 ,0.77038574 ,0 ,Acc ,10
3dd9e578dace13af ,2081404209939 ,3.059082 ,3.831833 ,0.84210205 ,0 ,Acc ,10
3dd9e578dace13af ,2081524361814 ,0.6661835 ,3.5242462 ,-0.39346313 ,0 ,Acc ,10
3dd9e578dace13af ,2081623999366 ,-1.2767639 ,0.83110046 ,-0.5891571 ,0 ,Acc ,10
3dd9e578dace13af ,2081723485876 ,-0.3788452 ,0.48007202 ,0.053619385 ,0 ,Acc ,10
3dd9e578dace13af ,2081742232491 ,0.3579712 ,0.44158936 ,0.30145264 ,3 ,Acc ,15
3dd9e578dace13af ,2081741556762 ,8.746628 ,-2.7640686 ,3.467926 ,0 ,Acc ,9
3dd9e578dace13af ,2081844725251 ,2.379486 ,-2.6000214 ,2.8462677 ,0 ,Acc ,10
3dd9e578dace13af ,2081962417699 ,-2.4515686 ,0.18510437 ,2.4558868 ,0 ,Acc ,10
3dd9e578dace13af ,2082064393376 ,-2.173645 ,-3.1301422 ,2.0467072 ,0 ,Acc ,10
3dd9e578dace13af ,2082165104001 ,-1.7098694 ,-2.2235107 ,2.530136 ,0 ,Acc ,10
3dd9e578dace13af ,2082264604730 ,3.5093079 ,-3.4901276 ,1.3164215 ,0 ,Acc ,10
3dd9e578dace13af ,2082365278168 ,0.6127777 ,-4.0348663 ,0.96247864 ,0 ,Acc ,10
3dd9e578dace13af ,2082464823324 ,-2.7270203 ,-3.316391 ,1.6916656 ,0 ,Acc ,10
3dd9e578dace13af ,2082565493897 ,-2.7932434 ,-1.761261 ,0.8903351 ,0 ,Acc ,10
3dd9e578dace13af ,2082685638480 ,-2.1029968 ,-1.6121979 ,2.064865 ,0 ,Acc ,10
3dd9e578dace13af ,2082805784626 ,2.436966 ,-2.0131836 ,2.7986145 ,0 ,Acc ,10
3dd9e578dace13af ,2082925902334 ,3.2474518 ,-3.3644562 ,3.0408478 ,0 ,Acc ,10
3dd9e578dace13af ,2083046524574 ,-1.7755127 ,-0.13131714 ,0.2308197 ,0 ,Acc ,10
3dd9e578dace13af ,2083166163428 ,-4.2144623 ,-0.43875122 ,-1.3212433 ,0 ,Acc ,10
3dd9e578dace13af ,2083265692959 ,-1.1308441 ,0.13647461 ,-0.5648346 ,0 ,Acc ,10
3dd9e578dace13af ,2083366341084 ,2.7142181 ,-1.3254089 ,0.7814636 ,0 ,Acc ,10
3dd9e578dace13af ,2083465949990 ,1.6579285 ,-3.1122131 ,3.931778 ,0 ,Acc ,10
3dd9e578dace13af ,2083566585511 ,-2.7246857 ,-2.2399902 ,0.5629883 ,0 ,Acc ,10
3dd9e578dace13af ,2083686718428 ,-3.3078613 ,-3.8635101 ,1.2962494 ,0 ,Acc ,10
3dd9e578dace13af ,2083806799365 ,1.4003906 ,-4.3107605 ,2.840866 ,0 ,Acc ,10
3dd9e578dace13af ,2083926955511 ,2.2241669 ,-4.7400208 ,3.2796478 ,0 ,Acc ,10
3dd9e578dace13af ,2084046492542 ,0.33839417 ,-0.9911194 ,0.5425873 ,0 ,Acc ,10
3dd9e578dace13af ,2084146564938 ,-4.2597656 ,-0.47401428 ,-1.3349609 ,0 ,Acc ,10
3dd9e578dace13af ,2084278596448 ,-2.24617 ,1.047821 ,-1.6722412 ,0 ,Acc ,10
3dd9e578dace13af ,2084386082282 ,2.0183258 ,-0.18067932 ,-0.2515869 ,0 ,Acc ,10
3dd9e578dace13af ,2084487602021 ,3.4542084 ,-2.006897 ,2.4913635 ,0 ,Acc ,10
3dd9e578dace13af ,2084607253792 ,-3.9063568 ,-2.0451965 ,0.24380493 ,0 ,Acc ,10
3dd9e578dace13af ,2084707167542 ,-3.307373 ,-4.1597595 ,1.355423 ,0 ,Acc ,10
3dd9e578dace13af ,2084748653375 ,0.41937256 ,0.47235107 ,0.56073 ,3 ,Acc ,15
3dd9e578dace13af ,2084747914886 ,9.571762 ,0.7923889 ,1.9808655 ,0 ,Acc ,9
3dd9e578dace13af ,2084823688948 ,3.2604065 ,-5.3592834 ,3.7079468 ,0 ,Acc ,10
3dd9e578dace13af ,2084928057646 ,1.5143433 ,-4.6598816 ,3.6463623 ,0 ,Acc ,10
3dd9e578dace13af ,2085047855615 ,0.7842865 ,-1.882843 ,0.04107666 ,0 ,Acc ,10
3dd9e578dace13af ,2085168799209 ,-4.467224 ,-0.725296 ,-2.5911102 ,0 ,Acc ,10
3dd9e578dace13af ,2085285531813 ,1.8990021 ,0.0940094 ,-1.9363708 ,0 ,Acc ,10
3dd9e578dace13af ,2085387241552 ,1.7173004 ,-0.20129395 ,-1.1916962 ,0 ,Acc ,10
3dd9e578dace13af ,2085489024104 ,2.6352997 ,-2.7173767 ,2.056549 ,0 ,Acc ,10
3dd9e578dace13af ,2085608979729 ,-4.402313 ,-2.0225677 ,0.68504333 ,0 ,Acc ,10
3dd9e578dace13af ,2085728659417 ,-2.32193 ,-5.370682 ,2.67247 ,0 ,Acc ,10
3dd9e578dace13af ,2085848656344 ,1.9059296 ,-4.616211 ,2.9917297 ,0 ,Acc ,10
3dd9e578dace13af ,2085948652906 ,6.031296 ,-6.0475006 ,1.5648193 ,0 ,Acc ,10
3dd9e578dace13af ,2086049335667 ,-0.4837799 ,-0.84902954 ,-0.22183228 ,0 ,Acc ,10
3dd9e578dace13af ,2086148649469 ,-3.8478699 ,-0.10897827 ,-2.3503723 ,0 ,Acc ,10
3dd9e578dace13af ,2086248890041 ,-1.8384552 ,1.4219971 ,-2.8885956 ,0 ,Acc ,10
3dd9e578dace13af ,2086348710354 ,2.0329437 ,0.24975586 ,-1.4194336 ,0 ,Acc ,10
3dd9e578dace13af ,2086449660406 ,3.3539886 ,-1.8736267 ,-0.2960205 ,0 ,Acc ,10
3dd9e578dace13af ,2086569850875 ,-2.03714 ,-2.518631 ,-0.06939697 ,0 ,Acc ,10
3dd9e578dace13af ,2086689919156 ,-3.3736115 ,-4.2062225 ,1.2181702 ,0 ,Acc ,10
3dd9e578dace13af ,2086810078947 ,2.2250366 ,-5.197403 ,3.6563568 ,0 ,Acc ,10
3dd9e578dace13af ,2086930137593 ,1.7273712 ,-5.125168 ,3.3784027 ,0 ,Acc ,10
3dd9e578dace13af ,2087050317489 ,2.0722656 ,-2.469345 ,0.43492126 ,0 ,Acc ,10
3dd9e578dace13af ,2087149756604 ,-3.6720123 ,-0.88171387 ,-1.7684174 ,0 ,Acc ,10
3dd9e578dace13af ,2087250543114 ,-1.611969 ,0.1418457 ,-2.7235718 ,0 ,Acc ,10
3dd9e578dace13af ,2087370669572 ,2.495285 ,0.5604248 ,-1.5475922 ,0 ,Acc ,10
3dd9e578dace13af ,2087470483322 ,1.655304 ,-1.021286 ,0.41938782 ,0 ,Acc ,10
3dd9e578dace13af ,2087570998426 ,-0.66833496 ,-2.1078339 ,0.10371399 ,0 ,Acc ,10
3dd9e578dace13af ,2087688971655 ,-2.5863953 ,-4.9665527 ,1.2512207 ,0 ,Acc ,10
3dd9e578dace13af ,2087753794624 ,0.3723755 ,0.5140991 ,0.57684326 ,3 ,Acc ,15
3dd9e578dace13af ,2087752121239 ,9.396561 ,2.0620117 ,1.9033813 ,0 ,Acc ,9
3dd9e578dace13af ,2087808688791 ,1.6443329 ,-6.14888 ,3.6845703 ,0 ,Acc ,10
3dd9e578dace13af ,2087910628270 ,2.8173065 ,-5.968338 ,3.8354187 ,0 ,Acc ,10
3dd9e578dace13af ,2088030787385 ,3.585312 ,-2.9638214 ,0.29336548 ,0 ,Acc ,10
3dd9e578dace13af ,2088131512020 ,-3.5612488 ,-0.59576416 ,-1.7221527 ,0 ,Acc ,10
3dd9e578dace13af ,2088235936812 ,-1.5231476 ,0.44203186 ,-3.1316528 ,0 ,Acc ,10
3dd9e578dace13af ,2088351197957 ,2.9139404 ,0.52423096 ,-2.0993958 ,0 ,Acc ,10
3dd9e578dace13af ,2088451960718 ,1.3316498 ,-1.1412964 ,-1.0008698 ,0 ,Acc ,10
3dd9e578dace13af ,2088572017072 ,-1.5537415 ,-1.8690186 ,-0.47802734 ,0 ,Acc ,10
3dd9e578dace13af ,2088671590145 ,-3.535202 ,-3.714569 ,0.91825867 ,0 ,Acc ,10
3dd9e578dace13af ,2088772248478 ,-1.310379 ,-5.1272736 ,2.7394867 ,0 ,Acc ,10
3dd9e578dace13af ,2088891290249 ,2.9596252 ,-4.929825 ,3.7667236 ,0 ,Acc ,10
3dd9e578dace13af ,2088991831551 ,4.4896545 ,-5.079727 ,0.81565857 ,0 ,Acc ,10
3dd9e578dace13af ,2089092507488 ,-2.3680725 ,-0.9820862 ,-0.90008545 ,0 ,Acc ,10
3dd9e578dace13af ,2089212649051 ,-1.9570007 ,-0.005722046 ,-3.0286865 ,0 ,Acc ,10
3dd9e578dace13af ,2089332722644 ,2.9692688 ,0.73301697 ,-2.2597961 ,0 ,Acc ,10
3dd9e578dace13af ,2089453023634 ,1.798523 ,-1.020813 ,-0.26423645 ,0 ,Acc ,10
3dd9e578dace13af ,2089552605509 ,-1.4096527 ,-1.634201 ,-0.9326019 ,0 ,Acc ,10
3dd9e578dace13af ,2089653160926 ,-2.644928 ,-5.179016 ,0.08757019 ,0 ,Acc ,10
3dd9e578dace13af ,2089757557280 ,-1.2559509 ,-6.1138306 ,1.9747925 ,0 ,Acc ,10
3dd9e578dace13af ,2089872845925 ,4.537903 ,-5.5138855 ,2.6595764 ,0 ,Acc ,10
3dd9e578dace13af ,2089973467019 ,3.7414856 ,-5.667572 ,0.577301 ,0 ,Acc ,10
3dd9e578dace13af ,2090093589571 ,-2.590683 ,-0.75520325 ,-1.1363678 ,0 ,Acc ,10
3dd9e578dace13af ,2090213724155 ,-2.0454407 ,0.32336426 ,-3.5168304 ,0 ,Acc ,10
3dd9e578dace13af ,2090333804779 ,3.1272278 ,0.14271545 ,-2.015442 ,0 ,Acc ,10
3dd9e578dace13af ,2090433591238 ,1.7278748 ,-0.676651 ,-1.0839233 ,0 ,Acc ,10
3dd9e578dace13af ,2090534182331 ,1.0769958 ,-2.1173248 ,-0.061965942 ,0 ,Acc ,10
3dd9e578dace13af ,2090633565509 ,-3.5236664 ,-3.443283 ,0.21434021 ,0 ,Acc ,10
3dd9e578dace13af ,2090733763217 ,-2.7521667 ,-5.0290527 ,1.6413269 ,0 ,Acc ,10
3dd9e578dace13af ,2090776733581 ,0.3774414 ,0.4873047 ,0.60601807 ,3 ,Acc ,15
3dd9e578dace13af ,2090775069154 ,9.291885 ,2.0690308 ,2.355896 ,0 ,Acc ,9
3dd9e578dace13af ,2090852002852 ,4.5668488 ,-5.3408966 ,2.759903 ,0 ,Acc ,10
3dd9e578dace13af ,2090971426342 ,4.061432 ,-5.7194977 ,0.47317505 ,0 ,Acc ,10
3dd9e578dace13af ,2091074192279 ,-1.951477 ,-1.1494751 ,-0.78067017 ,0 ,Acc ,10
3dd9e578dace13af ,2091174771029 ,-2.9056091 ,-0.9967346 ,-3.1758728 ,0 ,Acc ,10
3dd9e578dace13af ,2091274330612 ,0.75286865 ,-0.2202301 ,-2.6612396 ,0 ,Acc ,10
3dd9e578dace13af ,2091375043112 ,2.977417 ,-0.81121826 ,-2.0987701 ,0 ,Acc ,10
3dd9e578dace13af ,2091474537279 ,1.7100677 ,-3.0228424 ,0.61790466 ,0 ,Acc ,10
3dd9e578dace13af ,2091592062800 ,-3.3889313 ,-1.6611481 ,-0.44587708 ,0 ,Acc ,10
3dd9e578dace13af ,2091695355925 ,-3.324463 ,-4.6546173 ,0.38305664 ,0 ,Acc ,10
3dd9e578dace13af ,2091794919831 ,1.1204529 ,-5.9972534 ,2.937912 ,0 ,Acc ,10
3dd9e578dace13af ,2091895059466 ,3.146881 ,-4.8164215 ,3.061798 ,0 ,Acc ,10
3dd9e578dace13af ,2091994994623 ,3.929245 ,-5.6788025 ,0.09365845 ,0 ,Acc ,10
3dd9e578dace13af ,2092095829414 ,-2.2695923 ,-1.31633 ,-1.0383453 ,0 ,Acc ,10
3dd9e578dace13af ,2092195572279 ,-3.241867 ,-1.2527924 ,-3.5235138 ,0 ,Acc ,10
3dd9e578dace13af ,2092295956810 ,2.1602173 ,-0.6263275 ,-2.703003 ,0 ,Acc ,10
3dd9e578dace13af ,2092416171341 ,3.0313416 ,-1.2782593 ,-1.2920532 ,0 ,Acc ,10
3dd9e578dace13af ,2092515718008 ,1.6989288 ,-2.5684662 ,0.945282 ,0 ,Acc ,10
3dd9e578dace13af ,2092616446445 ,-4.178177 ,-2.4183044 ,0.2099762 ,0 ,Acc ,10
3dd9e578dace13af ,2092715847018 ,-2.3674011 ,-5.257492 ,1.3219757 ,0 ,Acc ,10
3dd9e578dace13af ,2092816592435 ,2.9070587 ,-5.4862976 ,2.8892212 ,0 ,Acc ,10
3dd9e578dace13af ,2092936724674 ,-0.022109985 ,-4.561142 ,1.9589233 ,0 ,Acc ,10
3dd9e578dace13af ,2093056827851 ,0.8234558 ,-2.8299408 ,-0.444458 ,0 ,Acc ,10
3dd9e578dace13af ,2093176971341 ,-3.8820496 ,-1.9194183 ,-2.769455 ,0 ,Acc ,10
3dd9e578dace13af ,2093276519310 ,1.025589 ,-1.1670837 ,-2.695755 ,0 ,Acc ,10
3dd9e578dace13af ,2093377198060 ,3.6209717 ,-1.2662506 ,-2.1329346 ,0 ,Acc ,10
3dd9e578dace13af ,2093476748372 ,0.50520325 ,-2.3241425 ,-0.66496277 ,0 ,Acc ,10
3dd9e578dace13af ,2093577440820 ,-1.3708344 ,-2.5325928 ,-0.60287476 ,0 ,Acc ,10
3dd9e578dace13af ,2093676954882 ,-4.23584 ,-4.1567535 ,-0.0047912598 ,0 ,Acc ,10
3dd9e578dace13af ,2093778768841 ,9.178284 ,2.3297577 ,2.5497894 ,0 ,Acc ,9
3dd9e578dace13af ,2093780432591 ,0.34991455 ,0.4975586 ,0.6022949 ,3 ,Acc ,15
3dd9e578dace13af ,2093777115455 ,-0.24293518 ,-5.348938 ,2.2130585 ,0 ,Acc ,10
3dd9e578dace13af ,2093880145611 ,4.301346 ,-5.25325 ,3.0303802 ,0 ,Acc ,10
3dd9e578dace13af ,2093997194570 ,5.086609 ,-5.339142 ,0.36953735 ,0 ,Acc ,10
3dd9e578dace13af ,2094117437747 ,-3.4878845 ,-1.4538879 ,-1.6903534 ,0 ,Acc ,10
3dd9e578dace13af ,2094218105090 ,-2.3125458 ,-0.78186035 ,-3.644577 ,0 ,Acc ,10
3dd9e578dace13af ,2094338191184 ,3.1996002 ,-0.29322815 ,-2.8396301 ,0 ,Acc ,10
3dd9e578dace13af ,2094458475090 ,2.1364746 ,-2.210968 ,-0.81121826 ,0 ,Acc ,10
3dd9e578dace13af ,2094578537695 ,-1.9888916 ,-2.4154358 ,-1.1916046 ,0 ,Acc ,10
3dd9e578dace13af ,2094795541392 ,-0.15505981 ,-5.524521 ,2.0119476 ,0 ,Acc ,10
3dd9e578dace13af ,2095436243684 ,3.615387 ,-2.0368042 ,-1.982666 ,0 ,Acc ,10
3dd9e578dace13af ,2095555692590 ,2.1582184 ,-2.4580536 ,0.090774536 ,0 ,Acc ,10
3dd9e578dace13af ,2095659648684 ,-2.8389282 ,-2.6531372 ,-0.48727417 ,0 ,Acc ,10
3dd9e578dace13af ,2095779787486 ,-2.4401703 ,-4.6226807 ,1.3094025 ,0 ,Acc ,10
3dd9e578dace13af ,2095879351861 ,0.71502686 ,-5.3004913 ,1.5624695 ,0 ,Acc ,10
3dd9e578dace13af ,2095999475767 ,2.2001038 ,-4.370163 ,2.441208 ,0 ,Acc ,10
3dd9e578dace13af ,2096100329413 ,4.9905243 ,-4.42659 ,-0.47084045 ,0 ,Acc ,10
3dd9e578dace13af ,2096199518319 ,-1.4229584 ,-1.1647644 ,-2.1127777 ,0 ,Acc ,10
3dd9e578dace13af ,2096300520923 ,-1.0863342 ,-0.8139343 ,-3.6905518 ,0 ,Acc ,10
3dd9e578dace13af ,2096420478788 ,-0.425354 ,-0.13032532 ,-3.394455 ,0 ,Acc ,10
3dd9e578dace13af ,2096520138527 ,1.4438324 ,-1.5036621 ,-1.7868652 ,0 ,Acc ,10
3dd9e578dace13af ,2096620686860 ,1.6936646 ,-2.7832794 ,-0.47029114 ,0 ,Acc ,10
3dd9e578dace13af ,2096740465090 ,-0.2722473 ,-3.7244263 ,-0.070892334 ,0 ,Acc ,10
3dd9e578dace13af ,2096781943371 ,0.36029053 ,0.41082764 ,0.6754761 ,3 ,Acc ,15
3dd9e578dace13af ,2096781224048 ,8.762756 ,1.9441528 ,3.9502563 ,0 ,Acc ,9
3dd9e578dace13af ,2096858903475 ,-1.5745544 ,-5.4501343 ,-0.11476135 ,0 ,Acc ,10
3dd9e578dace13af ,2096960465506 ,-1.4838562 ,-5.610077 ,0.9200592 ,0 ,Acc ,10
3dd9e578dace13af ,2097061170871 ,3.024292 ,-4.5186768 ,1.0362091 ,0 ,Acc ,10
3dd9e578dace13af ,2097163941912 ,2.720169 ,-4.067795 ,0.65615845 ,0 ,Acc ,10
3dd9e578dace13af ,2097280862068 ,3.0567017 ,-2.7218018 ,-2.3382263 ,0 ,Acc ,10
3dd9e578dace13af ,2097381515558 ,-1.5662689 ,-0.7485504 ,-3.3493195 ,0 ,Acc ,10
3dd9e578dace13af ,2097501613266 ,-1.1035614 ,-0.062438965 ,-4.1327057 ,0 ,Acc ,10
3dd9e578dace13af ,2097621761600 ,2.5486908 ,-1.5192108 ,-2.8843384 ,0 ,Acc ,10
3dd9e578dace13af ,2097721564308 ,3.747528 ,-2.4013672 ,-1.2697906 ,0 ,Acc ,10
3dd9e578dace13af ,2097822016131 ,3.687439 ,-4.5486145 ,0.78012085 ,0 ,Acc ,10
3dd9e578dace13af ,2097940780818 ,-2.5720673 ,-3.4381561 ,-1.3943176 ,0 ,Acc ,10
3dd9e578dace13af ,2098062310662 ,-0.9428406 ,-5.0012665 ,-0.9004364 ,0 ,Acc ,10
3dd9e578dace13af ,2098161672693 ,2.9628448 ,-4.772049 ,0.34321594 ,0 ,Acc ,10
3dd9e578dace13af ,2098262453266 ,1.7831726 ,-3.8453674 ,0.46424866 ,0 ,Acc ,10
3dd9e578dace13af ,2098361997120 ,4.811905 ,-5.1831207 ,-1.1000214 ,0 ,Acc ,10
3dd9e578dace13af ,2098462792068 ,-2.067337 ,-2.1368256 ,-3.0604706 ,0 ,Acc ,10
3dd9e578dace13af ,2098582800766 ,-1.0675354 ,-2.2852173 ,-4.671295 ,0 ,Acc ,10
3dd9e578dace13af ,2098682368005 ,2.4517975 ,-2.874237 ,-3.4154358 ,0 ,Acc ,10
3dd9e578dace13af ,2098783055818 ,3.8563538 ,-2.9197388 ,-2.231842 ,0 ,Acc ,10
3dd9e578dace13af ,2098882635922 ,2.9108887 ,-3.8948517 ,-0.44656372 ,0 ,Acc ,10
3dd9e578dace13af ,2099002714464 ,-3.4089813 ,-2.9046936 ,-0.7609253 ,0 ,Acc ,10
3dd9e578dace13af ,2099123581234 ,-2.3120422 ,-4.528427 ,1.0162964 ,0 ,Acc ,10
3dd9e578dace13af ,2099223505505 ,4.130707 ,-5.0693817 ,1.6645966 ,0 ,Acc ,10
3dd9e578dace13af ,2099323055193 ,1.4406738 ,-4.6690826 ,1.6582794 ,0 ,Acc ,10
3dd9e578dace13af ,2099423734880 ,4.2728424 ,-4.7157135 ,-1.6204224 ,0 ,Acc ,10
3dd9e578dace13af ,2099543869516 ,-2.923462 ,-1.9500122 ,-3.3662872 ,0 ,Acc ,10
3dd9e578dace13af ,2099663950609 ,-0.754776 ,-1.0033112 ,-4.4041443 ,0 ,Acc ,10
3dd9e578dace13af ,2099785820557 ,7.6273804 ,-0.93507385 ,6.0925293 ,0 ,Acc ,9
3dd9e578dace13af ,2099787483838 ,0.29241943 ,0.32226563 ,0.5194092 ,3 ,Acc ,15
3dd9e578dace13af ,2099784166911 ,2.3518372 ,-1.3945618 ,-2.8715363 ,0 ,Acc ,10
3dd9e578dace13af ,2099900459359 ,2.3179016 ,-4.051941 ,-0.159729 ,0 ,Acc ,10
3dd9e578dace13af ,2100003694984 ,-1.003006 ,-4.2100067 ,-0.0010528564 ,0 ,Acc ,10
3dd9e578dace13af ,2100104488734 ,-2.0447388 ,-4.6581573 ,0.5282898 ,0 ,Acc ,10
3dd9e578dace13af ,2100203721703 ,-1.2783813 ,-5.343277 ,1.5363159 ,0 ,Acc ,10
3dd9e578dace13af ,2100304705869 ,3.7594147 ,-4.874771 ,1.7710724 ,0 ,Acc ,10
3dd9e578dace13af ,2100424816286 ,3.9810638 ,-5.720581 ,-0.050460815 ,0 ,Acc ,10
3dd9e578dace13af ,2100544975140 ,-1.4397888 ,-0.7504425 ,-2.3221588 ,0 ,Acc ,10
3dd9e578dace13af ,2100662524776 ,-0.8321533 ,-0.6118622 ,-4.194031 ,0 ,Acc ,10
3dd9e578dace13af ,2100764585296 ,0.73654175 ,0.26402283 ,-3.7364197 ,0 ,Acc ,10
3dd9e578dace13af ,2100865318890 ,2.6322174 ,-1.3641357 ,-2.8856049 ,0 ,Acc ,10
3dd9e578dace13af ,2100981873265 ,5.370224 ,-4.511902 ,0.31599426 ,0 ,Acc ,10
3dd9e578dace13af ,2101084341494 ,-2.7616272 ,-3.0152893 ,-1.1697845 ,0 ,Acc ,10
3dd9e578dace13af ,2101185628473 ,-0.2971344 ,-6.5776215 ,-1.3547058 ,0 ,Acc ,10
3dd9e578dace13af ,2101305829150 ,2.5985413 ,-5.3162994 ,0.7810974 ,0 ,Acc ,10
3dd9e578dace13af ,2101425926911 ,1.9370117 ,-4.5365143 ,0.12155151 ,0 ,Acc ,10
3dd9e578dace13af ,2101546039879 ,3.6961975 ,-0.7898712 ,-3.3063507 ,0 ,Acc ,10
3dd9e578dace13af ,2101645626963 ,-1.3407593 ,0.4229889 ,-4.4607544 ,0 ,Acc ,10
3dd9e578dace13af ,2101746217692 ,-0.54182434 ,1.6837769 ,-5.3375244 ,0 ,Acc ,10
3dd9e578dace13af ,2101845708942 ,3.5501404 ,0.20228577 ,-4.58934 ,0 ,Acc ,10
3dd9e578dace13af ,2101946443056 ,4.6063995 ,-2.0092163 ,-2.3879395 ,0 ,Acc ,10
3dd9e578dace13af ,2102066596181 ,2.0015717 ,-3.1534119 ,-3.3858337 ,0 ,Acc ,10
3dd9e578dace13af ,2102186699098 ,-1.2290802 ,-5.2145386 ,-3.0912933 ,0 ,Acc ,10
3dd9e578dace13af ,2102303466285 ,-0.6059418 ,-4.618271 ,-0.7340851 ,0 ,Acc ,10
3dd9e578dace13af ,2102406326129 ,5.248581 ,-3.8365326 ,-0.54875183 ,0 ,Acc ,10
3dd9e578dace13af ,2102507046806 ,4.310791 ,-5.251343 ,-1.5327454 ,0 ,Acc ,10
3dd9e578dace13af ,2102606620608 ,2.2746582 ,-1.483963 ,-3.8479767 ,0 ,Acc ,10
3dd9e578dace13af ,2102707251806 ,0.11581421 ,-0.83192444 ,-5.701477 ,0 ,Acc ,10
3dd9e578dace13af ,2102790567066 ,0.30999756 ,0.070373535 ,0.7536011 ,3 ,Acc ,15
3dd9e578dace13af ,2102788903629 ,5.376358 ,-2.4574432 ,7.824707 ,0 ,Acc ,9
3dd9e578dace13af ,2102823597587 ,2.1174774 ,-0.24676514 ,-6.313034 ,0 ,Acc ,10
3dd9e578dace13af ,2102926245400 ,3.53125 ,-0.5130768 ,-5.918503 ,0 ,Acc ,10
3dd9e578dace13af ,2103027595504 ,3.2688446 ,-2.1922302 ,-4.368683 ,0 ,Acc ,10
3dd9e578dace13af ,2103147771597 ,2.2072601 ,-3.182541 ,-1.9587555 ,0 ,Acc ,10
3dd9e578dace13af ,2103267856858 ,-0.1917572 ,-4.405609 ,-1.8423157 ,0 ,Acc ,10
3dd9e578dace13af ,2103372305608 ,-1.5510406 ,-5.298416 ,-0.093307495 ,0 ,Acc ,10
3dd9e578dace13af ,2103487606858 ,5.909027 ,-4.8208923 ,-0.6665497 ,0 ,Acc ,10
3dd9e578dace13af ,2103607600608 ,4.435257 ,-4.5329742 ,-2.7413788 ,0 ,Acc ,10
3dd9e578dace13af ,2103708368733 ,0.58569336 ,-0.91215515 ,-4.4180603 ,0 ,Acc ,10
3dd9e578dace13af ,2103828460087 ,0.012634277 ,-1.0289154 ,-6.3321075 ,0 ,Acc ,10
3dd9e578dace13af ,2103948547326 ,2.2924957 ,-0.7555542 ,-5.565338 ,0 ,Acc ,10
3dd9e578dace13af ,2104068722535 ,4.5744324 ,-2.4115448 ,-2.8372192 ,0 ,Acc ,10
3dd9e578dace13af ,2104188887795 ,3.3596191 ,-2.758133 ,-1.7901459 ,0 ,Acc ,10
3dd9e578dace13af ,2104291198576 ,-2.0599823 ,-3.2099915 ,-2.2246094 ,0 ,Acc ,10
3dd9e578dace13af ,2104415064826 ,-0.5252228 ,-4.029129 ,-1.1863708 ,0 ,Acc ,10
3dd9e578dace13af ,2104528673837 ,4.521515 ,-4.3987885 ,-0.835022 ,0 ,Acc ,10
3dd9e578dace13af ,2104628681128 ,1.9264984 ,-2.8379211 ,-1.434845 ,0 ,Acc ,10
3dd9e578dace13af ,2104749491284 ,3.807434 ,-1.0401459 ,-3.5186462 ,0 ,Acc ,10
3dd9e578dace13af ,2104869620451 ,1.113617 ,-0.2103424 ,-4.948242 ,0 ,Acc ,10
3dd9e578dace13af ,2104989662795 ,0.74661255 ,0.6695099 ,-4.814987 ,0 ,Acc ,10
3dd9e578dace13af ,2105109766440 ,2.4982147 ,-0.8197479 ,-4.192978 ,0 ,Acc ,10
3dd9e578dace13af ,2105230009357 ,4.5150757 ,-2.4907837 ,-1.7707825 ,0 ,Acc ,10
3dd9e578dace13af ,2105329552482 ,2.4197388 ,-1.5981445 ,-3.1904602 ,0 ,Acc ,10
3dd9e578dace13af ,2105430145399 ,-0.2970581 ,-1.5496216 ,-2.8199005 ,0 ,Acc ,10
3dd9e578dace13af ,2105547905138 ,0.69921875 ,-0.8807373 ,-2.8708649 ,0 ,Acc ,10
3dd9e578dace13af ,2105649868836 ,0.6178131 ,1.0461884 ,-3.9099884 ,0 ,Acc ,10
3dd9e578dace13af ,2105749549201 ,3.1708984 ,0.6529236 ,-4.5097046 ,0 ,Acc ,10
3dd9e578dace13af ,2105792209305 ,0.4668579 ,-0.17071533 ,0.8583374 ,3 ,Acc ,15
3dd9e578dace13af ,2105791219096 ,7.435364 ,-4.03537 ,4.959961 ,0 ,Acc ,9
3dd9e578dace13af ,2105866911232 ,1.5164948 ,2.2792053 ,-3.8029785 ,0 ,Acc ,10
3dd9e578dace13af ,2105970153367 ,2.729248 ,2.7443237 ,-3.8738708 ,0 ,Acc ,10
3dd9e578dace13af ,2106070882378 ,1.2758179 ,2.483841 ,-3.610077 ,0 ,Acc ,10
3dd9e578dace13af ,2106191018992 ,3.0446167 ,2.1317139 ,-3.9990082 ,0 ,Acc ,10
3dd9e578dace13af ,2106290580607 ,2.0589294 ,2.2011566 ,-3.6867218 ,0 ,Acc ,10
3dd9e578dace13af ,2106391214565 ,2.1566162 ,1.6292877 ,-4.488617 ,0 ,Acc ,10
3dd9e578dace13af ,2106490795398 ,1.3306274 ,1.0226746 ,-2.6207275 ,0 ,Acc ,10
3dd9e578dace13af ,2106610932221 ,1.3007507 ,2.419464 ,-1.3601074 ,0 ,Acc ,10
3dd9e578dace13af ,2106711652065 ,1.9202881 ,2.5505981 ,-1.8913879 ,0 ,Acc ,10
3dd9e578dace13af ,2106831746440 ,2.1414795 ,1.8414764 ,-1.4662781 ,0 ,Acc ,10
3dd9e578dace13af ,2106951867898 ,3.5029144 ,1.1044159 ,-1.3492584 ,0 ,Acc ,10
3dd9e578dace13af ,2107072037846 ,3.973297 ,1.1632843 ,-1.4681244 ,0 ,Acc ,10
3dd9e578dace13af ,2107171599617 ,3.298294 ,1.2374573 ,-1.7570343 ,0 ,Acc ,10
3dd9e578dace13af ,2107272232221 ,3.5113373 ,-0.011703491 ,-1.3228607 ,0 ,Acc ,10
3dd9e578dace13af ,2107371940138 ,4.450302 ,-1.564621 ,-1.0372467 ,0 ,Acc ,10
3dd9e578dace13af ,2107471408575 ,3.4578857 ,-1.9741364 ,-0.6027832 ,0 ,Acc ,10
3dd9e578dace13af ,2107571951440 ,4.2824097 ,-3.8382874 ,-0.5067749 ,0 ,Acc ,10
3dd9e578dace13af ,2107672677794 ,2.4670258 ,-1.5067444 ,-0.96661377 ,0 ,Acc ,10
3dd9e578dace13af ,2107792788679 ,1.4906921 ,-0.24810791 ,-1.8047638 ,0 ,Acc ,10
3dd9e578dace13af ,2107892365294 ,0.70018005 ,0.16127014 ,-0.6214905 ,0 ,Acc ,10
3dd9e578dace13af ,2107993057116 ,1.9521332 ,0.14039612 ,-0.7134552 ,0 ,Acc ,10
3dd9e578dace13af ,2108092631335 ,2.7697601 ,-0.5248718 ,-1.3912811 ,0 ,Acc ,10
3dd9e578dace13af ,2108212712325 ,2.8890991 ,-1.4816589 ,-0.8320923 ,0 ,Acc ,10
3dd9e578dace13af ,2108331719356 ,0.9584503 ,-4.508896 ,-1.255127 ,0 ,Acc ,10
3dd9e578dace13af ,2108433453991 ,2.11763 ,1.1065063 ,-2.2327423 ,0 ,Acc ,10
3dd9e578dace13af ,2108553646491 ,2.3821259 ,-4.4694824 ,0.28614807 ,0 ,Acc ,10
3dd9e578dace13af ,2108673716700 ,1.8616943 ,-1.6004486 ,-1.2550201 ,0 ,Acc ,10
3dd9e578dace13af ,2108793855450 ,2.223404 ,-1.5740204 ,-1.5152435 ,0 ,Acc ,10
3dd9e578dace13af ,2108795507168 ,-0.09715271 ,-6.726761 ,7.1352234 ,0 ,Acc ,9
3dd9e578dace13af ,2108797171022 ,0.16687012 ,-0.32922363 ,0.822876 ,3 ,Acc ,15
3dd9e578dace13af ,2108914042741 ,2.671051 ,-1.5949097 ,-1.1686096 ,0 ,Acc ,10
3dd9e578dace13af ,2109031776699 ,1.3982849 ,-0.079696655 ,-3.199768 ,0 ,Acc ,10
3dd9e578dace13af ,2109133560293 ,1.1058044 ,-1.332901 ,-2.2255554 ,0 ,Acc ,10
3dd9e578dace13af ,2109234348887 ,1.5936584 ,-1.4967499 ,-1.3898163 ,0 ,Acc ,10
3dd9e578dace13af ,2109333895293 ,2.1859436 ,-0.33267212 ,-1.484024 ,0 ,Acc ,10
3dd9e578dace13af ,2109434520241 ,2.267105 ,-1.0996857 ,-1.7060547 ,0 ,Acc ,10
3dd9e578dace13af ,2109533971387 ,1.5617218 ,-0.91926575 ,-1.801117 ,0 ,Acc ,10
3dd9e578dace13af ,2109633641074 ,1.4572754 ,-0.82403564 ,-1.5952759 ,0 ,Acc ,10
3dd9e578dace13af ,2109734457012 ,0.9361725 ,-0.54237366 ,-0.9976349 ,0 ,Acc ,10
3dd9e578dace13af ,2109835158001 ,0.6234436 ,-0.24739075 ,-0.9741211 ,0 ,Acc ,10
3dd9e578dace13af ,2109955172793 ,0.22276306 ,-0.19282532 ,-0.48416138 ,0 ,Acc ,10
3dd9e578dace13af ,2110054728991 ,0.44047546 ,0.1368866 ,-0.5303955 ,0 ,Acc ,10
3dd9e578dace13af ,2110155318001 ,0.90875244 ,-0.26838684 ,-0.5969696 ,0 ,Acc ,10
3dd9e578dace13af ,2110254731959 ,0.20758057 ,-0.07489014 ,-0.45587158 ,0 ,Acc ,10
3dd9e578dace13af ,2110355673626 ,0.36608887 ,-0.3503418 ,-0.35385132 ,0 ,Acc ,10
