3dd9e578dace13af ,5324184942805434 ,-0.4850464 ,-0.21057129 ,-0.7319336 ,3 ,Acc ,15
3dd9e578dace13af ,5324185061009549 ,8.749619 ,-1.0675354 ,4.298233 ,0 ,Acc ,9
3dd9e578dace13af ,5324185160686007 ,1.936554 ,-0.011260986 ,9.613525 ,0 ,Acc ,9
3dd9e578dace13af ,5324185261241944 ,1.9519348 ,0.0031433105 ,9.610413 ,0 ,Acc ,9
3dd9e578dace13af ,5324185381284288 ,1.9516754 ,0.02017212 ,9.610458 ,0 ,Acc ,9
3dd9e578dace13af ,5324185481000486 ,1.9560852 ,0.03555298 ,9.609512 ,0 ,Acc ,9
3dd9e578dace13af ,5324185583992830 ,1.9525299 ,0.043182373 ,9.610199 ,0 ,Acc ,9
3dd9e578dace13af ,5324185701715590 ,1.9353027 ,0.04537964 ,9.613678 ,0 ,Acc ,9
3dd9e578dace13af ,5324185805909965 ,1.948288 ,0.04408264 ,9.611053 ,0 ,Acc ,9
3dd9e578dace13af ,5324185907347777 ,1.9568787 ,0.03437805 ,9.60936 ,0 ,Acc ,9
3dd9e578dace13af ,5324186023376371 ,1.9511261 ,0.025970459 ,9.61055 ,0 ,Acc ,9
3dd9e578dace13af ,5324186127577152 ,1.9473419 ,0.017929077 ,9.611343 ,0 ,Acc ,9
3dd9e578dace13af ,5324186246592413 ,1.9569244 ,0.010131836 ,9.6094055 ,0 ,Acc ,9
3dd9e578dace13af ,5324186366776736 ,1.9639282 ,-0.021774292 ,9.607956 ,0 ,Acc ,9
3dd9e578dace13af ,5324186467986163 ,1.9661713 ,-0.044143677 ,9.607407 ,0 ,Acc ,9
3dd9e578dace13af ,5324186567022048 ,1.9746552 ,-0.054122925 ,9.605621 ,0 ,Acc ,9
3dd9e578dace13af ,5324186687115381 ,1.9747314 ,-0.06689453 ,9.60553 ,0 ,Acc ,9
3dd9e578dace13af ,5324186788046215 ,1.9747314 ,-0.0814209 ,9.605423 ,0 ,Acc ,9
3dd9e578dace13af ,5324186903300173 ,1.9959869 ,-0.09136963 ,9.600937 ,0 ,Acc ,9
3dd9e578dace13af ,5324187007437673 ,2.0362396 ,-0.08828735 ,9.592499 ,0 ,Acc ,9
3dd9e578dace13af ,5324187108122673 ,2.0356598 ,-0.070129395 ,9.592773 ,0 ,Acc ,9
3dd9e578dace13af ,5324187224402256 ,2.0216217 ,-0.068984985 ,9.595749 ,0 ,Acc ,9
3dd9e578dace13af ,5324187345123975 ,2.0436707 ,-0.10346985 ,9.590775 ,0 ,Acc ,9
3dd9e578dace13af ,5324187468494391 ,2.0653381 ,-0.13511658 ,9.585739 ,0 ,Acc ,9
3dd9e578dace13af ,5324187568006058 ,2.1150208 ,-0.17732239 ,9.5742035 ,0 ,Acc ,9
3dd9e578dace13af ,5324187688179131 ,2.1510925 ,-0.22589111 ,9.56514 ,0 ,Acc ,9
3dd9e578dace13af ,5324187788736683 ,2.1596527 ,-0.27326965 ,9.561981 ,0 ,Acc ,9
3dd9e578dace13af ,5324187906852620 ,2.1960297 ,-0.3685913 ,9.550491 ,0 ,Acc ,9
3dd9e578dace13af ,5324187949918818 ,-0.109680176 ,-0.03643799 ,-0.8673706 ,3 ,Acc ,15
3dd9e578dace13af ,5324188024095329 ,2.2270966 ,-0.5866699 ,9.532364 ,0 ,Acc ,9
3dd9e578dace13af ,5324188127819443 ,2.0608826 ,-0.98521423 ,9.536896 ,0 ,Acc ,9
3dd9e578dace13af ,5324188228043610 ,1.7093964 ,-1.7862549 ,9.489853 ,0 ,Acc ,9
3dd9e578dace13af ,5324188328463558 ,1.2336273 ,-3.476242 ,9.086472 ,0 ,Acc ,9
3dd9e578dace13af ,5324188429258558 ,0.5418854 ,-6.467911 ,7.3513794 ,0 ,Acc ,9
3dd9e578dace13af ,5324188530596370 ,-0.18141174 ,-9.702347 ,1.4148102 ,0 ,Acc ,9
3dd9e578dace13af ,5324188647882985 ,-0.23384094 ,-8.460632 ,-4.9530945 ,0 ,Acc ,9
3dd9e578dace13af ,5324188748470120 ,-0.12962341 ,-8.151291 ,-5.4506836 ,0 ,Acc ,9
3dd9e578dace13af ,5324188849484912 ,-0.27105713 ,-8.4396515 ,-4.9868927 ,0 ,Acc ,9
3dd9e578dace13af ,5324188949392151 ,-0.49954224 ,-8.805084 ,-4.288498 ,0 ,Acc ,9
3dd9e578dace13af ,5324189049098297 ,-0.7609558 ,-9.079529 ,-3.6267395 ,0 ,Acc ,9
3dd9e578dace13af ,5324189149742047 ,-1.2767792 ,-9.106506 ,-3.4075623 ,0 ,Acc ,9
3dd9e578dace13af ,5324189268299547 ,-1.5060883 ,-9.211746 ,-3.0075836 ,0 ,Acc ,9
3dd9e578dace13af ,5324189369329547 ,-1.560791 ,-9.39296 ,-2.3465729 ,0 ,Acc ,9
3dd9e578dace13af ,5324189470438349 ,-1.5289001 ,-9.514069 ,-1.8207703 ,0 ,Acc ,9
3dd9e578dace13af ,5324189590962307 ,-1.5219574 ,-9.592331 ,-1.3568573 ,0 ,Acc ,9
3dd9e578dace13af ,5324189690313818 ,-3.342102 ,-9.056564 ,1.7260132 ,0 ,Acc ,9
3dd9e578dace13af ,5324189791095380 ,-2.9826508 ,-9.011276 ,2.4639435 ,0 ,Acc ,9
3dd9e578dace13af ,5324189892103557 ,-2.4846191 ,-9.073441 ,2.769394 ,0 ,Acc ,9
3dd9e578dace13af ,5324190010674755 ,-1.772934 ,-8.892456 ,3.7351227 ,0 ,Acc ,9
3dd9e578dace13af ,5324190111413036 ,-1.2603455 ,-8.685364 ,4.3756256 ,0 ,Acc ,9
3dd9e578dace13af ,5324190212775015 ,-0.86906433 ,-8.522675 ,4.7727203 ,0 ,Acc ,9
3dd9e578dace13af ,5324190311414547 ,-0.67944336 ,-8.848755 ,4.172287 ,0 ,Acc ,9
3dd9e578dace13af ,5324190431745224 ,-0.5944061 ,-8.481964 ,4.886032 ,0 ,Acc ,9
3dd9e578dace13af ,5324190532905224 ,-0.80081177 ,-8.135788 ,5.416443 ,0 ,Acc ,9
3dd9e578dace13af ,5324190651374286 ,-0.8774872 ,-7.531479 ,6.2190857 ,0 ,Acc ,9
3dd9e578dace13af ,5324190768482776 ,-0.9149475 ,-6.9984894 ,6.80838 ,0 ,Acc ,9
3dd9e578dace13af ,5324190891624286 ,-1.0520935 ,-7.0930176 ,6.689728 ,0 ,Acc ,9
3dd9e578dace13af ,5324190951966890 ,-0.048828125 ,0.39666748 ,-0.88049316 ,3 ,Acc ,15
3dd9e578dace13af ,5324191009964546 ,-1.2961884 ,-7.1896515 ,6.5420837 ,0 ,Acc ,9
3dd9e578dace13af ,5324191112590328 ,-1.8387299 ,-7.5775604 ,5.9472504 ,0 ,Acc ,9
3dd9e578dace13af ,5324191230611317 ,-2.6074066 ,-7.445343 ,5.8256683 ,0 ,Acc ,9
3dd9e578dace13af ,5324191332497775 ,-2.9116058 ,-7.4939575 ,5.615448 ,0 ,Acc ,9
3dd9e578dace13af ,5324191432954390 ,-2.5681 ,-7.6982574 ,5.505615 ,0 ,Acc ,9
3dd9e578dace13af ,5324191534003869 ,-1.956131 ,-7.841446 ,5.554764 ,0 ,Acc ,9
3dd9e578dace13af ,5324191651274650 ,-1.3466034 ,-8.003433 ,5.50473 ,0 ,Acc ,9
3dd9e578dace13af ,5324191751828192 ,-0.9251709 ,-8.14653 ,5.380356 ,0 ,Acc ,9
3dd9e578dace13af ,5324191851469181 ,-0.6569824 ,-8.242081 ,5.2731934 ,0 ,Acc ,9
3dd9e578dace13af ,5324191952505900 ,-0.72914124 ,-8.501617 ,4.833313 ,0 ,Acc ,9
3dd9e578dace13af ,5324192052621994 ,-0.84254456 ,-8.286606 ,5.1761475 ,0 ,Acc ,9
3dd9e578dace13af ,5324192171842410 ,-1.0648041 ,-8.28241 ,5.1417847 ,0 ,Acc ,9
3dd9e578dace13af ,5324192273821473 ,-1.3442535 ,-8.560074 ,4.5921936 ,0 ,Acc ,9
3dd9e578dace13af ,5324192373241837 ,-1.4894257 ,-8.764313 ,4.1398773 ,0 ,Acc ,9
3dd9e578dace13af ,5324192493250744 ,-1.6069641 ,-9.002014 ,3.5428314 ,0 ,Acc ,9
3dd9e578dace13af ,5324192594137514 ,-1.1438141 ,-9.278595 ,2.9613495 ,0 ,Acc ,9
3dd9e578dace13af ,5324192714304494 ,0.11042786 ,-9.512817 ,2.3799744 ,0 ,Acc ,9
3dd9e578dace13af ,5324192833857150 ,1.0068665 ,-9.743179 ,0.47650146 ,0 ,Acc ,9
3dd9e578dace13af ,5324192933734962 ,1.214386 ,-9.105209 ,-3.433731 ,0 ,Acc ,9
3dd9e578dace13af ,5324193034080223 ,1.3538818 ,-8.1002655 ,-5.359375 ,0 ,Acc ,9
3dd9e578dace13af ,5324193133191785 ,1.3070679 ,-8.652496 ,-4.4267426 ,0 ,Acc ,9
3dd9e578dace13af ,5324193234023660 ,2.059494 ,-8.758804 ,-3.9002533 ,0 ,Acc ,9
3dd9e578dace13af ,5324193334584077 ,3.298996 ,-9.231705 ,0.25016785 ,0 ,Acc ,9
3dd9e578dace13af ,5324193435242514 ,3.6341095 ,-8.349167 ,3.6407013 ,0 ,Acc ,9
3dd9e578dace13af ,5324193554127722 ,3.0353699 ,-8.058258 ,4.6926727 ,0 ,Acc ,9
3dd9e578dace13af ,5324193675781941 ,4.8241577 ,-7.172714 ,4.631378 ,0 ,Acc ,9
3dd9e578dace13af ,5324193793493712 ,6.755951 ,-4.769043 ,5.2710114 ,0 ,Acc ,9
3dd9e578dace13af ,5324193892076108 ,7.534439 ,-4.1035156 ,4.750107 ,0 ,Acc ,9
3dd9e578dace13af ,5324193956593972 ,-0.36956787 ,0.37390137 ,-0.8015137 ,3 ,Acc ,15
3dd9e578dace13af ,5324194011061160 ,8.192566 ,-3.2063293 ,4.332611 ,0 ,Acc ,9
3dd9e578dace13af ,5324194114456368 ,8.307388 ,-2.9304504 ,4.3092957 ,0 ,Acc ,9
3dd9e578dace13af ,5324194236045222 ,8.1800995 ,-3.5540009 ,4.077408 ,0 ,Acc ,9
3dd9e578dace13af ,5324194351395066 ,7.6222534 ,-3.9298248 ,4.7568817 ,0 ,Acc ,9
3dd9e578dace13af ,5324194452105691 ,7.0736847 ,-3.8055725 ,5.6259155 ,0 ,Acc ,9
3dd9e578dace13af ,5324194556359910 ,5.5045776 ,-5.346039 ,6.1065216 ,0 ,Acc ,9
3dd9e578dace13af ,5324194672644649 ,4.055313 ,-5.5593414 ,6.987015 ,0 ,Acc ,9
3dd9e578dace13af ,5324194772080014 ,5.448349 ,-5.36586 ,6.1394806 ,0 ,Acc ,9
3dd9e578dace13af ,5324194874919284 ,5.801483 ,-5.1348114 ,6.012207 ,0 ,Acc ,9
3dd9e578dace13af ,5324194994165691 ,4.3746185 ,-6.300247 ,6.110626 ,0 ,Acc ,9
3dd9e578dace13af ,5324195096253034 ,2.564621 ,-7.3487396 ,5.965637 ,0 ,Acc ,9
3dd9e578dace13af ,5324195195900951 ,0.15592957 ,-8.370789 ,5.1064453 ,0 ,Acc ,9
3dd9e578dace13af ,5324195316324545 ,-0.18197632 ,-8.776901 ,4.3707123 ,0 ,Acc ,9
3dd9e578dace13af ,5324195437332513 ,2.886444 ,-7.2112427 ,5.986374 ,0 ,Acc ,9
3dd9e578dace13af ,5324195557398347 ,6.938614 ,-3.9872284 ,5.6681213 ,0 ,Acc ,9
3dd9e578dace13af ,5324195673986420 ,8.565308 ,-0.36038208 ,4.761902 ,0 ,Acc ,9
3dd9e578dace13af ,5324195774099649 ,8.486984 ,-1.5498962 ,4.6625214 ,0 ,Acc ,9
3dd9e578dace13af ,5324195877725117 ,8.173981 ,-2.2741241 ,4.9177856 ,0 ,Acc ,9
3dd9e578dace13af ,5324195977201211 ,7.452881 ,-3.6367035 ,5.234421 ,0 ,Acc ,9
3dd9e578dace13af ,5324196077996628 ,6.7970276 ,-5.020508 ,4.9764404 ,0 ,Acc ,9
3dd9e578dace13af ,5324196195851159 ,7.5951843 ,-4.2285004 ,4.5390472 ,0 ,Acc ,9
3dd9e578dace13af ,5324196297545065 ,8.266449 ,-2.8692017 ,4.4276123 ,0 ,Acc ,9
3dd9e578dace13af ,5324196417198867 ,8.024261 ,-3.2426605 ,4.611557 ,0 ,Acc ,9
3dd9e578dace13af ,5324196536529596 ,7.1737823 ,-3.8806763 ,5.4449463 ,0 ,Acc ,9
3dd9e578dace13af ,5324196657671055 ,8.859787 ,-3.711853 ,1.9739838 ,0 ,Acc ,9
3dd9e578dace13af ,5324196758032565 ,8.718246 ,-3.8405457 ,2.3264923 ,0 ,Acc ,9
3dd9e578dace13af ,5324196858065638 ,9.491577 ,-1.3254242 ,2.0793152 ,0 ,Acc ,9
3dd9e578dace13af ,5324196973819648 ,9.501907 ,-0.8261566 ,2.2806702 ,0 ,Acc ,9
3dd9e578dace13af ,5324196974591888 ,-0.61450195 ,0.07824707 ,-0.7844238 ,3 ,Acc ,15
3dd9e578dace13af ,5324197074266002 ,9.319 ,-0.74909973 ,2.960617 ,0 ,Acc ,9
3dd9e578dace13af ,5324197178036731 ,9.200378 ,0.116104126 ,3.392624 ,0 ,Acc ,9
3dd9e578dace13af ,5324197297904909 ,8.860916 ,2.1947632 ,3.5829315 ,0 ,Acc ,9
3dd9e578dace13af ,5324197399276158 ,9.042496 ,1.3799744 ,3.5354156 ,0 ,Acc ,9
3dd9e578dace13af ,5324197517671992 ,9.475021 ,0.74142456 ,2.4175415 ,0 ,Acc ,9
3dd9e578dace13af ,5324197637995221 ,9.504669 ,-1.2176208 ,2.085373 ,0 ,Acc ,9
3dd9e578dace13af ,5324197739215117 ,8.94133 ,-3.3855743 ,2.1818695 ,0 ,Acc ,9
3dd9e578dace13af ,5324197839866106 ,8.183044 ,-4.801651 ,2.4803314 ,0 ,Acc ,9
3dd9e578dace13af ,5324197956684335 ,8.410858 ,-4.62883 ,2.0003967 ,0 ,Acc ,9
3dd9e578dace13af ,5324198076257460 ,9.727127 ,-1.2032776 ,0.32450867 ,0 ,Acc ,9
3dd9e578dace13af ,5324198179375169 ,9.806427 ,0.058685303 ,0.026931763 ,0 ,Acc ,9
3dd9e578dace13af ,5324198299714231 ,9.743027 ,0.26257324 ,1.083786 ,0 ,Acc ,9
3dd9e578dace13af ,5324198400517773 ,9.645096 ,1.1253662 ,1.3696289 ,0 ,Acc ,9
3dd9e578dace13af ,5324198518335429 ,9.689453 ,1.027832 ,1.1082153 ,0 ,Acc ,9
3dd9e578dace13af ,5324198619433554 ,9.797073 ,-0.1279602 ,0.41384888 ,0 ,Acc ,9
3dd9e578dace13af ,5324198720569179 ,9.619614 ,-1.8969421 ,-0.18655396 ,0 ,Acc ,9
3dd9e578dace13af ,5324198820232200 ,9.062607 ,-3.6810913 ,-0.699173 ,0 ,Acc ,9
3dd9e578dace13af ,5324198920979700 ,8.474548 ,-4.908264 ,-0.5108795 ,0 ,Acc ,9
3dd9e578dace13af ,5324199040524179 ,8.510666 ,-4.821579 ,-0.7007446 ,0 ,Acc ,9
3dd9e578dace13af ,5324199142191470 ,9.289413 ,-2.858551 ,-1.3060455 ,0 ,Acc ,9
3dd9e578dace13af ,5324199256262252 ,9.540375 ,-0.7547302 ,-2.1405334 ,0 ,Acc ,9
3dd9e578dace13af ,5324199357616054 ,9.361496 ,-1.9781647 ,-2.1493225 ,0 ,Acc ,9
3dd9e578dace13af ,5324199460653085 ,9.180862 ,-2.7504425 ,-2.0777435 ,0 ,Acc ,9
3dd9e578dace13af ,5324199561306158 ,9.320709 ,-2.110611 ,-2.1999817 ,0 ,Acc ,9
3dd9e578dace13af ,5324199661168137 ,9.45018 ,-1.0469818 ,-2.4016724 ,0 ,Acc ,9
3dd9e578dace13af ,5324199778661678 ,9.147186 ,-2.6504974 ,-2.3396606 ,0 ,Acc ,9
3dd9e578dace13af ,5324199882009491 ,8.579376 ,-4.463333 ,-1.6257324 ,0 ,Acc ,9
3dd9e578dace13af ,5324199978547303 ,-0.6522827 ,-0.33355713 ,-0.28289795 ,3 ,Acc ,15
3dd9e578dace13af ,5324199997295428 ,7.477997 ,-6.3252716 ,-0.49043274 ,0 ,Acc ,9
3dd9e578dace13af ,5324200117371574 ,6.486679 ,-7.2973175 ,0.91773987 ,0 ,Acc ,9
3dd9e578dace13af ,5324200221819751 ,6.754486 ,-7.109619 ,0.020401001 ,0 ,Acc ,9
3dd9e578dace13af ,5324200322616626 ,7.8405914 ,-5.8652954 ,-0.5419922 ,0 ,Acc ,9
3dd9e578dace13af ,5324200440887303 ,8.426163 ,-4.8212585 ,-1.3876343 ,0 ,Acc ,9
3dd9e578dace13af ,5324200558663084 ,9.116791 ,-2.9550934 ,-2.0788422 ,0 ,Acc ,9
3dd9e578dace13af ,5324200662153553 ,9.526871 ,-0.4284668 ,-2.2859192 ,0 ,Acc ,9
3dd9e578dace13af ,5324200782358397 ,9.508118 ,-0.40496826 ,-2.3668213 ,0 ,Acc ,9
3dd9e578dace13af ,5324200902197928 ,8.902527 ,-3.5819855 ,-2.0210266 ,0 ,Acc ,9
3dd9e578dace13af ,5324201003227720 ,7.385727 ,-6.4511566 ,-0.061172485 ,0 ,Acc ,9
3dd9e578dace13af ,5324201119095220 ,5.5450287 ,-8.068848 ,0.56259155 ,0 ,Acc ,9
3dd9e578dace13af ,5324201340722042 ,8.142838 ,-5.3094177 ,-1.2940216 ,0 ,Acc ,9
3dd9e578dace13af ,5324201560746626 ,8.620468 ,-4.3329773 ,-1.7558746 ,0 ,Acc ,9
3dd9e578dace13af ,5324201679261469 ,9.146179 ,-3.1117249 ,-1.6836548 ,0 ,Acc ,9
3dd9e578dace13af ,5324201779866001 ,9.599319 ,0.12617493 ,-2.0018463 ,0 ,Acc ,9
3dd9e578dace13af ,5324201884211417 ,9.605545 ,0.63386536 ,-1.8713837 ,0 ,Acc ,9
3dd9e578dace13af ,5324202001651313 ,9.120651 ,-2.8136292 ,-2.251114 ,0 ,Acc ,9
3dd9e578dace13af ,5324202100577094 ,8.2148285 ,-5.3204193 ,-0.6162567 ,0 ,Acc ,9
3dd9e578dace13af ,5324202219079698 ,7.081009 ,-6.6959076 ,1.0927887 ,0 ,Acc ,9
3dd9e578dace13af ,5324202321990011 ,6.799286 ,-6.9943237 ,1.0096436 ,0 ,Acc ,9
3dd9e578dace13af ,5324202424191521 ,7.328781 ,-6.5029755 ,-0.41299438 ,0 ,Acc ,9
3dd9e578dace13af ,5324202525063657 ,8.321777 ,-5.125473 ,-0.8048096 ,0 ,Acc ,9
3dd9e578dace13af ,5324202644343761 ,8.976471 ,-3.5591736 ,-1.7103882 ,0 ,Acc ,9
3dd9e578dace13af ,5324202761851990 ,9.463394 ,-2.1029663 ,-1.4805145 ,0 ,Acc ,9
3dd9e578dace13af ,5324202882033708 ,9.66954 ,0.5628967 ,-1.5340881 ,0 ,Acc ,9
3dd9e578dace13af ,5324202981769177 ,-0.6894531 ,-0.27288818 ,-0.6382446 ,3 ,Acc ,15
3dd9e578dace13af ,5324203000464333 ,9.7534485 ,0.30718994 ,-0.9727478 ,0 ,Acc ,9
3dd9e578dace13af ,5324203104179594 ,9.54982 ,-1.6930084 ,-1.4507904 ,0 ,Acc ,9
3dd9e578dace13af ,5324203224885740 ,8.574387 ,-4.6250153 ,-1.1221313 ,0 ,Acc ,9
3dd9e578dace13af ,5324203342833135 ,7.466675 ,-6.339676 ,-0.477005 ,0 ,Acc ,9
3dd9e578dace13af ,5324203445153656 ,7.5062714 ,-6.2946014 ,-0.45185852 ,0 ,Acc ,9
3dd9e578dace13af ,5324203561537667 ,9.032425 ,-3.526062 ,-1.467102 ,0 ,Acc ,9
3dd9e578dace13af ,5324203662064333 ,9.470184 ,-1.9640503 ,-1.6212158 ,0 ,Acc ,9
3dd9e578dace13af ,5324203762488760 ,9.4696045 ,-2.1985016 ,-1.2897644 ,0 ,Acc ,9
3dd9e578dace13af ,5324203886420271 ,9.602783 ,-1.8106995 ,-0.8235321 ,0 ,Acc ,9
3dd9e578dace13af ,5324204006422562 ,9.7283325 ,0.8678589 ,-0.8811798 ,0 ,Acc ,9
3dd9e578dace13af ,5324204121687562 ,9.724625 ,1.2154083 ,-0.35289 ,0 ,Acc ,9
3dd9e578dace13af ,5324204225788448 ,9.798706 ,-0.33085632 ,-0.21469116 ,0 ,Acc ,9
3dd9e578dace13af ,5324204342912406 ,9.380203 ,-2.7856598 ,-0.6496887 ,0 ,Acc ,9
3dd9e578dace13af ,5324204462528187 ,8.268585 ,-5.2703094 ,-0.1566925 ,0 ,Acc ,9
3dd9e578dace13af ,5324204562981989 ,8.141266 ,-5.466751 ,-0.06704712 ,0 ,Acc ,9
3dd9e578dace13af ,5324204664061729 ,9.15802 ,-3.3704834 ,-0.96984863 ,0 ,Acc ,9
3dd9e578dace13af ,5324204763871364 ,9.588165 ,-1.5870514 ,-1.3109283 ,0 ,Acc ,9
3dd9e578dace13af ,5324204866593343 ,9.661133 ,-1.4551544 ,-0.8457794 ,0 ,Acc ,9
3dd9e578dace13af ,5324204967732770 ,9.77301 ,-0.7444153 ,-0.32284546 ,0 ,Acc ,9
3dd9e578dace13af ,5324205084328239 ,9.788376 ,0.57855225 ,-0.15255737 ,0 ,Acc ,9
3dd9e578dace13af ,5324205183096624 ,9.791626 ,0.5107727 ,-0.1829071 ,0 ,Acc ,9
3dd9e578dace13af ,5324205287976260 ,9.769196 ,-0.31211853 ,-0.7972412 ,0 ,Acc ,9
3dd9e578dace13af ,5324205406256937 ,9.539825 ,-1.8983612 ,-1.2482758 ,0 ,Acc ,9
3dd9e578dace13af ,5324205523492353 ,8.999466 ,-3.7301483 ,-1.1250458 ,0 ,Acc ,9
3dd9e578dace13af ,5324205627947457 ,8.858231 ,-4.1061707 ,-0.91729736 ,0 ,Acc ,9
3dd9e578dace13af ,5324205728311937 ,9.395264 ,-2.4868164 ,-1.3095703 ,0 ,Acc ,9
3dd9e578dace13af ,5324205848582509 ,9.638351 ,-1.2076111 ,-1.3468933 ,0 ,Acc ,9
3dd9e578dace13af ,5324205949538239 ,9.695618 ,-1.2203369 ,-0.82225037 ,0 ,Acc ,9
3dd9e578dace13af ,5324205983930895 ,-0.69525146 ,-0.2177124 ,-0.6300049 ,3 ,Acc ,15
3dd9e578dace13af ,5324206063254332 ,9.797775 ,-0.32351685 ,-0.263031 ,0 ,Acc ,9
3dd9e578dace13af ,5324206164453134 ,9.786942 ,0.5515137 ,-0.28598022 ,0 ,Acc ,9
3dd9e578dace13af ,5324206268290218 ,9.777405 ,0.45976257 ,-0.6010895 ,0 ,Acc ,9
3dd9e578dace13af ,5324206388276468 ,9.605026 ,-1.400589 ,-1.3971558 ,0 ,Acc ,9
3dd9e578dace13af ,5324206504475738 ,9.039368 ,-3.6004486 ,-1.2234802 ,0 ,Acc ,9
3dd9e578dace13af ,5324206604345217 ,8.068146 ,-5.5312195 ,-0.6934967 ,0 ,Acc ,9
3dd9e578dace13af ,5324206708305895 ,7.365158 ,-6.470566 ,-0.237854 ,0 ,Acc ,9
3dd9e578dace13af ,5324206824079488 ,8.38121 ,-4.972046 ,-1.0974121 ,0 ,Acc ,9
3dd9e578dace13af ,5324206924832665 ,9.270691 ,-2.8361206 ,-1.4767456 ,0 ,Acc ,9
3dd9e578dace13af ,5324207024256103 ,9.406952 ,-2.4278107 ,-1.3361206 ,0 ,Acc ,9
3dd9e578dace13af ,5324207130057561 ,9.579178 ,-1.9971619 ,-0.6487274 ,0 ,Acc ,9
3dd9e578dace13af ,5324207229292248 ,9.80629 ,0.064437866 ,-0.052749634 ,0 ,Acc ,9
3dd9e578dace13af ,5324207330066832 ,9.617676 ,1.8494873 ,0.4999237 ,0 ,Acc ,9
3dd9e578dace13af ,5324207450137353 ,9.78775 ,-0.04475403 ,-0.60679626 ,0 ,Acc ,9
3dd9e578dace13af ,5324207550755165 ,9.3364105 ,-2.6440735 ,-1.4179535 ,0 ,Acc ,9
3dd9e578dace13af ,5324207650421832 ,8.231583 ,-5.3050995 ,-0.51686096 ,0 ,Acc ,9
3dd9e578dace13af ,5324207750849644 ,6.34317 ,-7.470978 ,0.345047 ,0 ,Acc ,9
3dd9e578dace13af ,5324207850766363 ,5.275238 ,-8.202896 ,1.0268555 ,0 ,Acc ,9
3dd9e578dace13af ,5324207970073238 ,7.3187103 ,-6.51886 ,-0.33328247 ,0 ,Acc ,9
3dd9e578dace13af ,5324208087436727 ,9.086243 ,-3.3950958 ,-1.4435272 ,0 ,Acc ,9
3dd9e578dace13af ,5324208190443134 ,9.318268 ,-2.5895996 ,-1.6229553 ,0 ,Acc ,9
3dd9e578dace13af ,5324208291160165 ,9.624786 ,-1.4068298 ,-1.2467499 ,0 ,Acc ,9
3dd9e578dace13af ,5324208407499071 ,9.666809 ,1.4672852 ,-0.7550354 ,0 ,Acc ,9
3dd9e578dace13af ,5324208508219175 ,9.639038 ,1.7108612 ,-0.57632446 ,0 ,Acc ,9
3dd9e578dace13af ,5324208611162925 ,9.722794 ,-0.39790344 ,-1.216156 ,0 ,Acc ,9
3dd9e578dace13af ,5324208728639383 ,9.081116 ,-3.4807892 ,-1.2599487 ,0 ,Acc ,9
3dd9e578dace13af ,5324208851681258 ,7.7817535 ,-5.966461 ,-0.12608337 ,0 ,Acc ,9
3dd9e578dace13af ,5324208969073342 ,6.6470795 ,-7.2076263 ,0.1912384 ,0 ,Acc ,9
3dd9e578dace13af ,5324208987416154 ,-0.680603 ,-0.16607666 ,-0.34631348 ,3 ,Acc ,15
3dd9e578dace13af ,5324209087124071 ,7.591797 ,-6.2070313 ,-0.08746338 ,0 ,Acc ,9
3dd9e578dace13af ,5324209191474279 ,8.749344 ,-4.3538666 ,-0.8143463 ,0 ,Acc ,9
3dd9e578dace13af ,5324209292300060 ,9.074875 ,-3.498932 ,-1.2546844 ,0 ,Acc ,9
3dd9e578dace13af ,5324209407525321 ,9.439621 ,-2.4445038 ,-1.0431671 ,0 ,Acc ,9
3dd9e578dace13af ,5324209507961258 ,9.752487 ,-0.36810303 ,-0.9611206 ,0 ,Acc ,9
3dd9e578dace13af ,5324209612596206 ,9.789856 ,0.51686096 ,0.24853516 ,0 ,Acc ,9
3dd9e578dace13af ,5324209711985633 ,9.804123 ,-0.22221375 ,-0.004486084 ,0 ,Acc ,9
3dd9e578dace13af ,5324209812524539 ,9.679245 ,-1.330368 ,-0.8441467 ,0 ,Acc ,9
3dd9e578dace13af ,5324209929085477 ,9.117294 ,-3.3605042 ,-1.3237 ,0 ,Acc ,9
3dd9e578dace13af ,5324210032457039 ,8.381943 ,-4.976898 ,-1.0694122 ,0 ,Acc ,9
3dd9e578dace13af ,5324210133104643 ,8.528824 ,-4.6124115 ,-1.4680023 ,0 ,Acc ,9
3dd9e578dace13af ,5324210249221831 ,9.1501465 ,-3.0226135 ,-1.8190002 ,0 ,Acc ,9
3dd9e578dace13af ,5324210351738758 ,9.110458 ,-3.3716888 ,-1.3421783 ,0 ,Acc ,9
3dd9e578dace13af ,5324210453482456 ,9.178192 ,-3.413086 ,-0.53105164 ,0 ,Acc ,9
3dd9e578dace13af ,5324210554528028 ,9.613876 ,-1.929596 ,0.14245605 ,0 ,Acc ,9
3dd9e578dace13af ,5324210669067091 ,9.745926 ,0.89108276 ,0.6268921 ,0 ,Acc ,9
3dd9e578dace13af ,5324210771695580 ,9.780334 ,0.3255005 ,0.6398163 ,0 ,Acc ,9
3dd9e578dace13af ,5324210873276987 ,9.738907 ,-0.99235535 ,-0.5822754 ,0 ,Acc ,9
3dd9e578dace13af ,5324210974164278 ,9.308273 ,-2.9385986 ,-0.9439392 ,0 ,Acc ,9
3dd9e578dace13af ,5324211094160424 ,8.410751 ,-5.0291443 ,-0.37049866 ,0 ,Acc ,9
3dd9e578dace13af ,5324211211250112 ,8.2395935 ,-5.3106537 ,-0.27592468 ,0 ,Acc ,9
3dd9e578dace13af ,5324211334433549 ,9.076523 ,-3.4872437 ,-1.2751465 ,0 ,Acc ,9
3dd9e578dace13af ,5324211455087976 ,9.102402 ,-3.3494873 ,-1.448288 ,0 ,Acc ,9
3dd9e578dace13af ,5324211573833497 ,9.124008 ,-3.0760803 ,-1.8602295 ,0 ,Acc ,9
3dd9e578dace13af ,5324211691944174 ,9.593887 ,-0.69444275 ,-1.9092865 ,0 ,Acc ,9
3dd9e578dace13af ,5324211792558132 ,9.637665 ,0.4452057 ,-1.7570953 ,0 ,Acc ,9
3dd9e578dace13af ,5324211914369018 ,9.459045 ,-1.6466827 ,-1.9962769 ,0 ,Acc ,9
3dd9e578dace13af ,5324211991574747 ,-0.6942749 ,-0.302063 ,-0.46759033 ,3 ,Acc ,15
3dd9e578dace13af ,5324212030621934 ,8.802246 ,-4.220459 ,-0.9372101 ,0 ,Acc ,9
3dd9e578dace13af ,5324212135748445 ,7.8592987 ,-5.86528 ,0.011672974 ,0 ,Acc ,9
3dd9e578dace13af ,5324212234881309 ,6.9917297 ,-6.8472443 ,0.6333618 ,0 ,Acc ,9
3dd9e578dace13af ,5324212336034694 ,7.4711304 ,-6.3476257 ,0.24497986 ,0 ,Acc ,9
3dd9e578dace13af ,5324212456101361 ,8.925003 ,-4.0049133 ,-0.68925476 ,0 ,Acc ,9
3dd9e578dace13af ,5324212574131986 ,9.305878 ,-2.857254 ,-1.1861725 ,0 ,Acc ,9
3dd9e578dace13af ,5324212675243340 ,9.494919 ,-2.0323029 ,-1.3734589 ,0 ,Acc ,9
3dd9e578dace13af ,5324212790372038 ,9.674759 ,0.370224 ,-1.5595245 ,0 ,Acc ,9
3dd9e578dace13af ,5324212891290944 ,9.650177 ,1.7062225 ,-0.36491394 ,0 ,Acc ,9
3dd9e578dace13af ,5324212995247767 ,9.79805 ,-0.40296936 ,-0.078689575 ,0 ,Acc ,9
3dd9e578dace13af ,5324213096295267 ,9.395294 ,-2.699829 ,-0.780777 ,0 ,Acc ,9
3dd9e578dace13af ,5324213214090788 ,8.148163 ,-5.446228 ,-0.341156 ,0 ,Acc ,9
3dd9e578dace13af ,5324213334051465 ,6.4442444 ,-7.3158417 ,1.0584412 ,0 ,Acc ,9
3dd9e578dace13af ,5324213436052090 ,6.5842133 ,-7.212372 ,0.89437866 ,0 ,Acc ,9
3dd9e578dace13af ,5324213557246673 ,8.64856 ,-4.591873 ,-0.5359955 ,0 ,Acc ,9
3dd9e578dace13af ,5324213656916465 ,9.262802 ,-3.0834808 ,-0.92884827 ,0 ,Acc ,9
3dd9e578dace13af ,5324213758005892 ,9.319 ,-2.8557434 ,-1.0821991 ,0 ,Acc ,9
3dd9e578dace13af ,5324213874049850 ,9.663437 ,-1.4248352 ,-0.8707428 ,0 ,Acc ,9
3dd9e578dace13af ,5324213977386152 ,9.694519 ,1.0662231 ,-1.0246124 ,0 ,Acc ,9
3dd9e578dace13af ,5324214092521256 ,9.675781 ,1.5018463 ,-0.5420227 ,0 ,Acc ,9
3dd9e578dace13af ,5324214193372662 ,9.730698 ,-0.63316345 ,-1.0405426 ,0 ,Acc ,9
3dd9e578dace13af ,5324214297616360 ,9.246094 ,-3.1042328 ,-1.0216217 ,0 ,Acc ,9
3dd9e578dace13af ,5324214397079381 ,8.012772 ,-5.6506195 ,-0.18995667 ,0 ,Acc ,9
3dd9e578dace13af ,5324214498100683 ,6.494644 ,-7.307831 ,0.7650604 ,0 ,Acc ,9
3dd9e578dace13af ,5324214614191569 ,6.7499084 ,-7.095413 ,0.5137329 ,0 ,Acc ,9
3dd9e578dace13af ,5324214717536412 ,8.42128 ,-5.0135345 ,-0.3417511 ,0 ,Acc ,9
3dd9e578dace13af ,5324214818241933 ,8.849991 ,-4.1621246 ,-0.7241974 ,0 ,Acc ,9
3dd9e578dace13af ,5324214918090787 ,8.777786 ,-4.1423645 ,-1.4004974 ,0 ,Acc ,9
3dd9e578dace13af ,5324214993788235 ,-0.7203369 ,-0.18084717 ,-0.5543213 ,3 ,Acc ,15
3dd9e578dace13af ,5324215033415371 ,9.497635 ,-2.3085022 ,-0.7974396 ,0 ,Acc ,9
3dd9e578dace13af ,5324215137637506 ,9.738419 ,1.1357269 ,-0.20896912 ,0 ,Acc ,9
3dd9e578dace13af ,5324215237989120 ,9.765945 ,0.8888855 ,0.080718994 ,0 ,Acc ,9
3dd9e578dace13af ,5324215338714537 ,9.744156 ,-0.6637573 ,-0.8836975 ,0 ,Acc ,9
3dd9e578dace13af ,5324215458951672 ,9.2178955 ,-3.1765442 ,-1.0536194 ,0 ,Acc ,9
3dd9e578dace13af ,5324215574084016 ,7.797699 ,-5.9420166 ,-0.24177551 ,0 ,Acc ,9
3dd9e578dace13af ,5324215677917766 ,6.8076324 ,-7.0186462 ,0.75154114 ,0 ,Acc ,9
3dd9e578dace13af ,5324215794284693 ,7.870407 ,-5.8359833 ,0.4100647 ,0 ,Acc ,9
3dd9e578dace13af ,5324215899201047 ,8.88858 ,-4.08432 ,-0.6939392 ,0 ,Acc ,9
3dd9e578dace13af ,5324216017456620 ,9.212433 ,-3.3302307 ,-0.45933533 ,0 ,Acc ,9
3dd9e578dace13af ,5324216139580735 ,9.719757 ,-1.3023529 ,-0.01763916 ,0 ,Acc ,9
3dd9e578dace13af ,5324216256973703 ,9.598694 ,1.9567261 ,0.45446777 ,0 ,Acc ,9
3dd9e578dace13af ,5324216359883235 ,9.632751 ,1.6430359 ,0.8250122 ,0 ,Acc ,9
3dd9e578dace13af ,5324216459874328 ,9.786499 ,0.45648193 ,-0.43154907 ,0 ,Acc ,9
3dd9e578dace13af ,5324216561050162 ,9.540817 ,-2.1198578 ,-0.8056946 ,0 ,Acc ,9
3dd9e578dace13af ,5324216677747037 ,8.028564 ,-5.620407 ,0.35116577 ,0 ,Acc ,9
3dd9e578dace13af ,5324216779716359 ,6.9381866 ,-6.8637695 ,0.9593506 ,0 ,Acc ,9
3dd9e578dace13af ,5324216879830318 ,7.6451874 ,-6.1277313 ,0.41490173 ,0 ,Acc ,9
3dd9e578dace13af ,5324216980718026 ,9.046661 ,-3.7265015 ,-0.6641998 ,0 ,Acc ,9
3dd9e578dace13af ,5324217098384276 ,9.500916 ,-2.2095795 ,-1.0102539 ,0 ,Acc ,9
3dd9e578dace13af ,5324217200172088 ,9.680817 ,-1.3493195 ,-0.7945709 ,0 ,Acc ,9
3dd9e578dace13af ,5324217300929276 ,9.763718 ,0.6992035 ,-0.5926361 ,0 ,Acc ,9
3dd9e578dace13af ,5324217421005995 ,9.292862 ,3.1325378 ,0.010238647 ,0 ,Acc ,9
3dd9e578dace13af ,5324217540399901 ,9.738907 ,1.0063782 ,-0.5576782 ,0 ,Acc ,9
3dd9e578dace13af ,5324217640602870 ,9.562683 ,-1.9100647 ,-1.0378113 ,0 ,Acc ,9
3dd9e578dace13af ,5324217741386932 ,8.698288 ,-4.517395 ,-0.32089233 ,0 ,Acc ,9
3dd9e578dace13af ,5324217840847192 ,7.4570007 ,-6.2695923 ,1.1204834 ,0 ,Acc ,9
3dd9e578dace13af ,5324217941227557 ,6.863495 ,-6.901062 ,1.1990662 ,0 ,Acc ,9
3dd9e578dace13af ,5324217997998963 ,-0.6937256 ,-0.06414795 ,-0.49127197 ,3 ,Acc ,15
3dd9e578dace13af ,5324218056807869 ,8.265015 ,-5.235977 ,-0.6664734 ,0 ,Acc ,9
3dd9e578dace13af ,5324218159409380 ,9.292633 ,-2.7564697 ,-1.489624 ,0 ,Acc ,9
3dd9e578dace13af ,5324218262038911 ,9.442032 ,-2.0276031 ,-1.7050323 ,0 ,Acc ,9
3dd9e578dace13af ,5324218381879640 ,9.7165985 ,-0.5843048 ,-1.1901398 ,0 ,Acc ,9
3dd9e578dace13af ,5324218481226932 ,9.691696 ,1.4182281 ,-0.47930908 ,0 ,Acc ,9
3dd9e578dace13af ,5324218598362192 ,9.66806 ,1.5358429 ,0.5831604 ,0 ,Acc ,9
3dd9e578dace13af ,5324218702494432 ,9.805466 ,-0.073913574 ,0.13256836 ,0 ,Acc ,9
3dd9e578dace13af ,5324218822186515 ,9.609467 ,-1.9096069 ,-0.42619324 ,0 ,Acc ,9
3dd9e578dace13af ,5324218938076984 ,8.774765 ,-4.378769 ,-0.0023345947 ,0 ,Acc ,9
3dd9e578dace13af ,5324219042193025 ,7.875351 ,-5.8155518 ,0.5730438 ,0 ,Acc ,9
3dd9e578dace13af ,5324219142959588 ,8.056168 ,-5.5912323 ,0.08113098 ,0 ,Acc ,9
3dd9e578dace13af ,5324219261850733 ,9.185089 ,-3.2046509 ,-1.2387085 ,0 ,Acc ,9
3dd9e578dace13af ,5324219360890369 ,9.318115 ,-2.6114502 ,-1.5884857 ,0 ,Acc ,9
3dd9e578dace13af ,5324219461790317 ,9.360016 ,-2.2041016 ,-1.9241028 ,0 ,Acc ,9
3dd9e578dace13af ,5324219564293077 ,9.574341 ,-0.858902 ,-1.9402466 ,0 ,Acc ,9
3dd9e578dace13af ,5324219681277400 ,9.692505 ,0.9010925 ,-1.1889801 ,0 ,Acc ,9
3dd9e578dace13af ,5324219783610160 ,9.766098 ,0.8823242 ,-0.12297058 ,0 ,Acc ,9
3dd9e578dace13af ,5324219903774223 ,9.805801 ,0.07977295 ,0.10070801 ,0 ,Acc ,9
3dd9e578dace13af ,5324220019492087 ,9.729172 ,-1.2289734 ,0.054901123 ,0 ,Acc ,9
3dd9e578dace13af ,5324220139273598 ,9.38414 ,-2.8298492 ,0.3164215 ,0 ,Acc ,9
3dd9e578dace13af ,5324220242481462 ,9.166672 ,-3.4743652 ,0.26670837 ,0 ,Acc ,9
3dd9e578dace13af ,5324220362304066 ,9.324081 ,-2.9894257 ,-0.54307556 ,0 ,Acc ,9
3dd9e578dace13af ,5324220462081410 ,9.440674 ,-2.4831696 ,-0.9369049 ,0 ,Acc ,9
3dd9e578dace13af ,5324220564745525 ,9.1091 ,-3.507019 ,-0.9462433 ,0 ,Acc ,9
3dd9e578dace13af ,5324220683924170 ,8.411041 ,-4.9405518 ,-1.0076447 ,0 ,Acc ,9
3dd9e578dace13af ,5324220804065056 ,8.049484 ,-5.519745 ,-0.95318604 ,0 ,Acc ,9
3dd9e578dace13af ,5324220904872452 ,7.158844 ,-6.6740417 ,-0.61505127 ,0 ,Acc ,9
3dd9e578dace13af ,5324221001328962 ,-0.54907227 ,-0.43225098 ,0.0146484375 ,3 ,Acc ,15
3dd9e578dace13af ,5324221020116410 ,5.634903 ,-8.010803 ,0.49501038 ,0 ,Acc ,9
3dd9e578dace13af ,5324221122187504 ,4.7639313 ,-8.300995 ,2.1373901 ,0 ,Acc ,9
3dd9e578dace13af ,5324221225202660 ,5.1968994 ,-7.764557 ,2.9789276 ,0 ,Acc ,9
3dd9e578dace13af ,5324221341480004 ,5.409729 ,-7.5575714 ,3.1285858 ,0 ,Acc ,9
3dd9e578dace13af ,5324221443916983 ,5.4396973 ,-7.2469025 ,3.7499695 ,0 ,Acc ,9
3dd9e578dace13af ,5324221545638128 ,8.878265 ,-3.9694824 ,1.2608948 ,0 ,Acc ,9
3dd9e578dace13af ,5324221661485420 ,8.77948 ,-4.2712097 ,0.92074585 ,0 ,Acc ,9
3dd9e578dace13af ,5324221760932399 ,8.764664 ,-4.224701 ,1.2258759 ,0 ,Acc ,9
3dd9e578dace13af ,5324221865947607 ,8.844376 ,-3.9039307 ,1.6451569 ,0 ,Acc ,9
3dd9e578dace13af ,5324221984263753 ,9.293411 ,-2.2845612 ,2.1409302 ,0 ,Acc ,9
3dd9e578dace13af ,5324222105345159 ,9.338928 ,-1.0849609 ,2.7888336 ,0 ,Acc ,9
3dd9e578dace13af ,5324222222603649 ,8.919205 ,-1.0401917 ,3.9415588 ,0 ,Acc ,9
3dd9e578dace13af ,5324222323240680 ,8.761429 ,-0.5050659 ,4.376358 ,0 ,Acc ,9
3dd9e578dace13af ,5324222426585420 ,8.101349 ,-5.5078735 ,-0.44892883 ,0 ,Acc ,9
3dd9e578dace13af ,5324222546140107 ,8.234726 ,-5.2359467 ,-0.971756 ,0 ,Acc ,9
3dd9e578dace13af ,5324222663022191 ,8.67688 ,-4.365494 ,-1.3507233 ,0 ,Acc ,9
3dd9e578dace13af ,5324222762675211 ,8.100861 ,-5.474533 ,-0.7586975 ,0 ,Acc ,9
3dd9e578dace13af ,5324222865679586 ,6.1486206 ,-7.6221313 ,-0.51742554 ,0 ,Acc ,9
3dd9e578dace13af ,5324222967200472 ,3.2180176 ,-9.261124 ,0.21484375 ,0 ,Acc ,9
3dd9e578dace13af ,5324223067216774 ,0.17849731 ,-9.528198 ,2.313385 ,0 ,Acc ,9
3dd9e578dace13af ,5324223182312919 ,-0.43885803 ,-9.090485 ,3.6524658 ,0 ,Acc ,9
3dd9e578dace13af ,5324223284120472 ,2.5111694 ,-8.513489 ,4.16951 ,0 ,Acc ,9
3dd9e578dace13af ,5324223403924742 ,4.6881866 ,-7.9276123 ,3.3680573 ,0 ,Acc ,9
3dd9e578dace13af ,5324223527449794 ,5.1349487 ,-8.316437 ,0.79953 ,0 ,Acc ,9
3dd9e578dace13af ,5324223628023180 ,6.780533 ,-7.084656 ,0.047225952 ,0 ,Acc ,9
3dd9e578dace13af ,5324223748023076 ,7.9309845 ,-5.6751404 ,-1.030716 ,0 ,Acc ,9
3dd9e578dace13af ,5324223867380784 ,6.4891815 ,-7.3385773 ,0.45378113 ,0 ,Acc ,9
3dd9e578dace13af ,5324223969052138 ,4.557953 ,-7.666046 ,4.077606 ,0 ,Acc ,9
3dd9e578dace13af ,5324224003846773 ,-0.054626465 ,-0.4631958 ,0.7408447 ,3 ,Acc ,15
3dd9e578dace13af ,5324224385419377 ,1.3108826 ,-8.37796 ,4.9256134 ,0 ,Acc ,9
3dd9e578dace13af ,5324225003723075 ,1.594101 ,-8.539185 ,4.5509644 ,0 ,Acc ,9
3dd9e578dace13af ,5324225109068700 ,-0.4679718 ,-7.860611 ,5.8448334 ,0 ,Acc ,9
3dd9e578dace13af ,5324225229411981 ,-0.4459076 ,-7.611664 ,6.16716 ,0 ,Acc ,9
3dd9e578dace13af ,5324225349390679 ,2.260498 ,-6.9013977 ,6.590225 ,0 ,Acc ,9
3dd9e578dace13af ,5324225467734846 ,3.8531952 ,-7.098221 ,5.5622253 ,0 ,Acc ,9
3dd9e578dace13af ,5324225589900887 ,5.099823 ,-7.493561 ,3.7427826 ,0 ,Acc ,9
3dd9e578dace13af ,5324225705276773 ,6.615402 ,-6.5137634 ,3.1587067 ,0 ,Acc ,9
3dd9e578dace13af ,5324225809343752 ,6.34787 ,-7.1228943 ,2.2669678 ,0 ,Acc ,9
3dd9e578dace13af ,5324225910176096 ,5.75029 ,-7.0899353 ,3.5829163 ,0 ,Acc ,9
3dd9e578dace13af ,5324226009711408 ,4.007324 ,-8.112396 ,3.781601 ,0 ,Acc ,9
3dd9e578dace13af ,5324226110459637 ,1.3669281 ,-7.76503 ,5.831482 ,0 ,Acc ,9
3dd9e578dace13af ,5324226230454272 ,0.11891174 ,-5.930374 ,7.8094025 ,0 ,Acc ,9
3dd9e578dace13af ,5324226350414064 ,2.307495 ,-5.726715 ,7.6190796 ,0 ,Acc ,9
3dd9e578dace13af ,5324226467687449 ,4.4297333 ,-5.3786926 ,6.900528 ,0 ,Acc ,9
3dd9e578dace13af ,5324226569929897 ,4.9315186 ,-7.3045807 ,4.3004 ,0 ,Acc ,9
3dd9e578dace13af ,5324226671147293 ,5.7881927 ,-7.321228 ,3.0110626 ,0 ,Acc ,9
3dd9e578dace13af ,5324226786870158 ,6.0528107 ,-7.49559 ,1.830246 ,0 ,Acc ,9
3dd9e578dace13af ,5324226887260314 ,5.905136 ,-7.5113983 ,2.2087097 ,0 ,Acc ,9
3dd9e578dace13af ,5324226991439637 ,5.0092163 ,-7.2022247 ,4.382431 ,0 ,Acc ,9
3dd9e578dace13af ,5324227007933178 ,0.016540527 ,-0.49890137 ,0.732666 ,3 ,Acc ,15
3dd9e578dace13af ,5324227110119064 ,3.2352142 ,-6.906067 ,6.165207 ,0 ,Acc ,9
3dd9e578dace13af ,5324227231672033 ,1.6710968 ,-6.6587067 ,7.0027924 ,0 ,Acc ,9
3dd9e578dace13af ,5324227331011876 ,1.9498444 ,-6.8317566 ,6.759842 ,0 ,Acc ,9
3dd9e578dace13af ,5324227431826616 ,3.645279 ,-6.68869 ,6.1760406 ,0 ,Acc ,9
3dd9e578dace13af ,5324227552037397 ,4.580246 ,-6.344528 ,5.9108734 ,0 ,Acc ,9
3dd9e578dace13af ,5324227651402137 ,4.4791565 ,-7.6218567 ,4.2443542 ,0 ,Acc ,9
3dd9e578dace13af ,5324227752206303 ,4.863693 ,-8.070206 ,2.7178192 ,0 ,Acc ,9
3dd9e578dace13af ,5324227870904845 ,6.512924 ,-7.1215973 ,1.7420197 ,0 ,Acc ,9
3dd9e578dace13af ,5324227973396407 ,6.0164948 ,-7.643463 ,1.2447662 ,0 ,Acc ,9
3dd9e578dace13af ,5324228087066616 ,4.4097595 ,-8.454712 ,2.289566 ,0 ,Acc ,9
3dd9e578dace13af ,5324228189581876 ,2.9282684 ,-8.6423645 ,3.5923462 ,0 ,Acc ,9
3dd9e578dace13af ,5324228290119272 ,1.6249695 ,-8.311874 ,4.943924 ,0 ,Acc ,9
3dd9e578dace13af ,5324228392839220 ,1.6515503 ,-7.955353 ,5.4913483 ,0 ,Acc ,9
3dd9e578dace13af ,5324228492458022 ,3.2050934 ,-7.864807 ,4.90329 ,0 ,Acc ,9
3dd9e578dace13af ,5324228593274063 ,4.0243073 ,-7.637253 ,4.6526947 ,0 ,Acc ,9
3dd9e578dace13af ,5324228711594011 ,3.8032227 ,-8.572159 ,2.8677063 ,0 ,Acc ,9
3dd9e578dace13af ,5324228811516459 ,4.5532837 ,-8.343033 ,2.414856 ,0 ,Acc ,9
3dd9e578dace13af ,5324228913586251 ,6.1751404 ,-7.286026 ,2.225235 ,0 ,Acc ,9
3dd9e578dace13af ,5324229028617709 ,6.4145203 ,-7.2829437 ,1.4081726 ,0 ,Acc ,9
3dd9e578dace13af ,5324229129207553 ,5.404419 ,-7.8919983 ,2.1630402 ,0 ,Acc ,9
3dd9e578dace13af ,5324229233904428 ,3.6013184 ,-8.168335 ,4.059433 ,0 ,Acc ,9
3dd9e578dace13af ,5324229350783178 ,0.78204346 ,-8.207993 ,5.309189 ,0 ,Acc ,9
3dd9e578dace13af ,5324229449425365 ,9.110931 ,-2.873169 ,2.2149658 ,0 ,Acc ,9
3dd9e578dace13af ,5324229569414115 ,9.750214 ,-0.3182068 ,1.0011292 ,0 ,Acc ,9
3dd9e578dace13af ,5324229671974271 ,9.677063 ,1.3186951 ,0.88635254 ,0 ,Acc ,9
3dd9e578dace13af ,5324229775374115 ,9.580719 ,0.85954285 ,1.9081726 ,0 ,Acc ,9
3dd9e578dace13af ,5324229889009844 ,9.274796 ,1.7918396 ,2.6339417 ,0 ,Acc ,9
3dd9e578dace13af ,5324229994429531 ,8.768478 ,3.241928 ,2.962082 ,0 ,Acc ,9
3dd9e578dace13af ,5324230011239011 ,0.34387207 ,-0.47296143 ,0.20605469 ,3 ,Acc ,15
3dd9e578dace13af ,5324230112273281 ,8.652878 ,2.6279297 ,3.7936554 ,0 ,Acc ,9
3dd9e578dace13af ,5324230232290781 ,9.12561 ,1.6902466 ,3.1680603 ,0 ,Acc ,9
3dd9e578dace13af ,5324230333389167 ,9.403091 ,0.13038635 ,2.7812042 ,0 ,Acc ,9
3dd9e578dace13af ,5324230434506875 ,9.236938 ,-1.706253 ,2.8174286 ,0 ,Acc ,9
3dd9e578dace13af ,5324230555173125 ,9.101486 ,-2.2369232 ,2.8860474 ,0 ,Acc ,9
3dd9e578dace13af ,5324230675472448 ,9.62561 ,-0.2884369 ,1.853302 ,0 ,Acc ,9
3dd9e578dace13af ,5324230791556667 ,9.565033 ,1.608963 ,1.4462433 ,0 ,Acc ,9
3dd9e578dace13af ,5324230891915937 ,9.445114 ,1.4582367 ,2.1985016 ,0 ,Acc ,9
3dd9e578dace13af ,5324230992160885 ,9.197342 ,1.9697723 ,2.7747345 ,0 ,Acc ,9
3dd9e578dace13af ,5324231093379010 ,8.724411 ,3.2618713 ,3.06839 ,0 ,Acc ,9
3dd9e578dace13af ,5324231193419687 ,8.539398 ,3.199234 ,3.6074524 ,0 ,Acc ,9
3dd9e578dace13af ,5324231295372343 ,8.916595 ,2.2664185 ,3.3952637 ,0 ,Acc ,9
3dd9e578dace13af ,5324231414570260 ,9.341797 ,1.033081 ,2.7989044 ,0 ,Acc ,9
3dd9e578dace13af ,5324231535772187 ,9.29126 ,-0.82899475 ,3.0258026 ,0 ,Acc ,9
3dd9e578dace13af ,5324231635881823 ,9.182449 ,-1.4717102 ,3.1123962 ,0 ,Acc ,9
3dd9e578dace13af ,5324231735873333 ,9.4622345 ,-0.37747192 ,2.548294 ,0 ,Acc ,9
3dd9e578dace13af ,5324231836681093 ,9.518631 ,1.3184052 ,1.9564056 ,0 ,Acc ,9
3dd9e578dace13af ,5324231936102395 ,9.513916 ,1.6529999 ,1.7097015 ,0 ,Acc ,9
3dd9e578dace13af ,5324232056001979 ,9.411804 ,1.8179016 ,2.0696259 ,0 ,Acc ,9
3dd9e578dace13af ,5324232176190676 ,8.989807 ,3.360138 ,2.0157013 ,0 ,Acc ,9
3dd9e578dace13af ,5324232291805104 ,8.72023 ,3.3877258 ,2.941269 ,0 ,Acc ,9
3dd9e578dace13af ,5324232395694010 ,8.971802 ,2.580246 ,3.0032196 ,0 ,Acc ,9
3dd9e578dace13af ,5324232496651041 ,9.425568 ,1.8349152 ,1.9904938 ,0 ,Acc ,9
3dd9e578dace13af ,5324232614609114 ,9.6441345 ,-0.13200378 ,1.7730103 ,0 ,Acc ,9
3dd9e578dace13af ,5324232717681718 ,9.449402 ,-1.7535095 ,1.9504089 ,0 ,Acc ,9
3dd9e578dace13af ,5324232837517916 ,9.530472 ,-1.6478577 ,1.6201324 ,0 ,Acc ,9
3dd9e578dace13af ,5324232953017603 ,9.765076 ,0.67959595 ,0.5930786 ,0 ,Acc ,9
3dd9e578dace13af ,5324233013206301 ,0.49194336 ,-0.47937012 ,0.44873047 ,3 ,Acc ,15
3dd9e578dace13af ,5324233052551978 ,9.684418 ,1.2570038 ,0.8956604 ,0 ,Acc ,9
3dd9e578dace13af ,5324233158175103 ,9.570831 ,0.7030487 ,2.018692 ,0 ,Acc ,9
3dd9e578dace13af ,5324233274349322 ,9.279785 ,1.5783234 ,2.7503662 ,0 ,Acc ,9
3dd9e578dace13af ,5324233395734166 ,8.661392 ,3.1125488 ,3.38562 ,0 ,Acc ,9
3dd9e578dace13af ,5324233497739530 ,8.686356 ,2.4981384 ,3.80484 ,0 ,Acc ,9
3dd9e578dace13af ,5324233617885936 ,9.302673 ,1.7115479 ,2.588623 ,0 ,Acc ,9
3dd9e578dace13af ,5324233718844218 ,9.57637 ,0.3940735 ,2.0755768 ,0 ,Acc ,9
3dd9e578dace13af ,5324233835855103 ,9.345963 ,-1.6617279 ,2.4621124 ,0 ,Acc ,9
3dd9e578dace13af ,5324233938091926 ,9.279037 ,-1.8610382 ,2.5702362 ,0 ,Acc ,9
3dd9e578dace13af ,5324234039136613 ,9.619141 ,-0.17883301 ,1.9000854 ,0 ,Acc ,9
3dd9e578dace13af ,5324234159197811 ,9.518799 ,1.8153381 ,1.5057678 ,0 ,Acc ,9
3dd9e578dace13af ,5324234278381457 ,9.181442 ,2.5123138 ,2.357895 ,0 ,Acc ,9
3dd9e578dace13af ,5324234378397134 ,8.814941 ,2.8997955 ,3.171463 ,0 ,Acc ,9
3dd9e578dace13af ,5324234479281144 ,8.431015 ,2.97789 ,4.0274353 ,0 ,Acc ,9
3dd9e578dace13af ,5324234580605623 ,8.254822 ,3.176239 ,4.2355194 ,0 ,Acc ,9
3dd9e578dace13af ,5324234699088696 ,8.518417 ,2.7203827 ,4.0256805 ,0 ,Acc ,9
3dd9e578dace13af ,5324234799286873 ,8.9609375 ,1.8080444 ,3.5500336 ,0 ,Acc ,9
3dd9e578dace13af ,5324234899454373 ,9.222916 ,0.6911926 ,3.2604065 ,0 ,Acc ,9
3dd9e578dace13af ,5324235000076509 ,9.231918 ,-0.082855225 ,3.3067932 ,0 ,Acc ,9
3dd9e578dace13af ,5324235118164790 ,9.389328 ,0.61079407 ,2.7636108 ,0 ,Acc ,9
3dd9e578dace13af ,5324235219679165 ,9.24382 ,2.6385498 ,1.9390717 ,0 ,Acc ,9
3dd9e578dace13af ,5324235320135623 ,9.129227 ,2.7717896 ,2.268158 ,0 ,Acc ,9
3dd9e578dace13af ,5324235435689425 ,8.886871 ,3.064621 ,2.7931519 ,0 ,Acc ,9
3dd9e578dace13af ,5324235560742706 ,8.608917 ,4.066391 ,2.3497162 ,0 ,Acc ,9
3dd9e578dace13af ,5324235680527446 ,8.599777 ,3.9076843 ,2.6351318 ,0 ,Acc ,9
3dd9e578dace13af ,5324235781847394 ,8.645874 ,3.760727 ,2.6974182 ,0 ,Acc ,9
3dd9e578dace13af ,5324235898810415 ,8.993668 ,3.2873688 ,2.1159515 ,0 ,Acc ,9
3dd9e578dace13af ,5324236016107654 ,9.301743 ,1.9118805 ,2.4479523 ,0 ,Acc ,9
3dd9e578dace13af ,5324236017289373 ,0.42523193 ,-0.44085693 ,0.42297363 ,3 ,Acc ,15
3dd9e578dace13af ,5324236118950727 ,8.611969 ,-3.0981598 ,3.522171 ,0 ,Acc ,9
3dd9e578dace13af ,5324236220033383 ,8.517441 ,-3.320633 ,3.549179 ,0 ,Acc ,9
3dd9e578dace13af ,5324236337308800 ,9.307159 ,-1.8700867 ,2.4595947 ,0 ,Acc ,9
3dd9e578dace13af ,5324236441454164 ,9.547791 ,-0.9801636 ,2.012268 ,0 ,Acc ,9
3dd9e578dace13af ,5324236560578487 ,9.523834 ,-0.7368164 ,2.2190094 ,0 ,Acc ,9
3dd9e578dace13af ,5324236681566664 ,9.488174 ,-0.19572449 ,2.4711304 ,0 ,Acc ,9
3dd9e578dace13af ,5324236798206821 ,9.514893 ,0.536438 ,2.312851 ,0 ,Acc ,9
3dd9e578dace13af ,5324236901502966 ,9.508911 ,0.27716064 ,2.382019 ,0 ,Acc ,9
3dd9e578dace13af ,5324237021556925 ,9.451706 ,-1.1419067 ,2.3519135 ,0 ,Acc ,9
3dd9e578dace13af ,5324237122303956 ,9.157471 ,-2.5722198 ,2.3863068 ,0 ,Acc ,9
3dd9e578dace13af ,5324237237610362 ,8.293289 ,-4.323044 ,2.9500427 ,0 ,Acc ,9
3dd9e578dace13af ,5324237338346560 ,8.111588 ,-4.4173737 ,3.2953033 ,0 ,Acc ,9
3dd9e578dace13af ,5324237460069424 ,9.159058 ,-2.6231232 ,2.3240051 ,0 ,Acc ,9
3dd9e578dace13af ,5324237559241768 ,9.538055 ,-1.2015686 ,1.9369812 ,0 ,Acc ,9
3dd9e578dace13af ,5324237682976247 ,9.497101 ,-1.0101929 ,2.225937 ,0 ,Acc ,9
3dd9e578dace13af ,5324237803180935 ,9.438538 ,-0.48127747 ,2.6177368 ,0 ,Acc ,9
3dd9e578dace13af ,5324237922519789 ,9.39212 ,-0.4947815 ,2.7773285 ,0 ,Acc ,9
3dd9e578dace13af ,5324238039631351 ,9.337631 ,-1.5150452 ,2.5852356 ,0 ,Acc ,9
3dd9e578dace13af ,5324238140271612 ,9.068619 ,-2.8735962 ,2.381775 ,0 ,Acc ,9
3dd9e578dace13af ,5324238243576091 ,8.568741 ,-4.0938873 ,2.4468384 ,0 ,Acc ,9
3dd9e578dace13af ,5324238342986664 ,7.8052673 ,-5.0963745 ,3.0454865 ,0 ,Acc ,9
3dd9e578dace13af ,5324238461915987 ,7.608841 ,-5.254135 ,3.2664642 ,0 ,Acc ,9
3dd9e578dace13af ,5324238563899841 ,8.847794 ,-3.6115723 ,2.2007294 ,0 ,Acc ,9
3dd9e578dace13af ,5324238683288070 ,9.5030365 ,-1.513092 ,1.8902588 ,0 ,Acc ,9
3dd9e578dace13af ,5324238804133018 ,9.082733 ,-2.8675995 ,2.3347168 ,0 ,Acc ,9
3dd9e578dace13af ,5324238922070622 ,9.113602 ,-2.1573792 ,2.9082947 ,0 ,Acc ,9
3dd9e578dace13af ,5324239021388903 ,0.16461182 ,-0.57818604 ,0.29730225 ,3 ,Acc ,15
3dd9e578dace13af ,5324239039564163 ,9.384445 ,-0.9762268 ,2.6738434 ,0 ,Acc ,9
3dd9e578dace13af ,5324239143530570 ,9.382629 ,-1.8426514 ,2.1773834 ,0 ,Acc ,9
3dd9e578dace13af ,5324239244687757 ,9.252686 ,-2.6104126 ,1.9348907 ,0 ,Acc ,9
3dd9e578dace13af ,5324239344155257 ,8.693115 ,-3.6674957 ,2.6738129 ,0 ,Acc ,9
3dd9e578dace13af ,5324239445712861 ,7.474762 ,-4.5357513 ,4.441269 ,0 ,Acc ,9
3dd9e578dace13af ,5324239564990726 ,7.3601685 ,-4.5542603 ,4.6105194 ,0 ,Acc ,9
3dd9e578dace13af ,5324239681291247 ,9.061676 ,-3.595459 ,1.0624847 ,0 ,Acc ,9
3dd9e578dace13af ,5324239784156767 ,9.586624 ,-1.6165314 ,1.2859497 ,0 ,Acc ,9
3dd9e578dace13af ,5324239900593174 ,9.455444 ,-1.5871887 ,2.060501 ,0 ,Acc ,9
3dd9e578dace13af ,5324240002022080 ,9.38414 ,-1.1654053 ,2.5980835 ,0 ,Acc ,9
3dd9e578dace13af ,5324240101465205 ,9.402115 ,-0.025177002 ,2.7874603 ,0 ,Acc ,9
3dd9e578dace13af ,5324240202503434 ,9.451294 ,0.026763916 ,2.6158295 ,0 ,Acc ,9
3dd9e578dace13af ,5324240304436090 ,9.541229 ,-1.080719 ,1.9917603 ,0 ,Acc ,9
3dd9e578dace13af ,5324240404162444 ,9.161377 ,-2.6406097 ,2.2949066 ,0 ,Acc ,9
3dd9e578dace13af ,5324240521654059 ,7.576462 ,-5.185623 ,3.4462433 ,0 ,Acc ,9
3dd9e578dace13af ,5324240645735673 ,6.604904 ,-6.217102 ,3.7273254 ,0 ,Acc ,9
3dd9e578dace13af ,5324240766806663 ,8.552231 ,-4.3643036 ,1.9955902 ,0 ,Acc ,9
3dd9e578dace13af ,5324240884223902 ,9.377609 ,-2.3473206 ,1.6494446 ,0 ,Acc ,9
3dd9e578dace13af ,5324241002567392 ,9.234665 ,-2.660019 ,1.9532928 ,0 ,Acc ,9
3dd9e578dace13af ,5324241127085100 ,9.478821 ,-0.9386139 ,2.332611 ,0 ,Acc ,9
3dd9e578dace13af ,5324241242523017 ,9.4861145 ,0.6490326 ,2.400528 ,0 ,Acc ,9
3dd9e578dace13af ,5324241341281090 ,9.61319 ,-1.111557 ,1.5878448 ,0 ,Acc ,9
3dd9e578dace13af ,5324241447455048 ,9.152435 ,-2.9566956 ,1.9133606 ,0 ,Acc ,9
3dd9e578dace13af ,5324241546603329 ,8.01387 ,-4.8418274 ,2.916275 ,0 ,Acc ,9
3dd9e578dace13af ,5324241666546246 ,6.682724 ,-6.0319366 ,3.8893585 ,0 ,Acc ,9
3dd9e578dace13af ,5324241768051610 ,7.2598114 ,-6.1866913 ,2.2781677 ,0 ,Acc ,9
3dd9e578dace13af ,5324241885898121 ,9.245361 ,-3.0736237 ,1.1163788 ,0 ,Acc ,9
3dd9e578dace13af ,5324241985956506 ,9.408066 ,-2.4828644 ,1.2222595 ,0 ,Acc ,9
3dd9e578dace13af ,5324242022872756 ,0.274292 ,-0.5944824 ,0.505249 ,3 ,Acc ,15
3dd9e578dace13af ,5324242088266402 ,9.086304 ,-3.1438293 ,1.9301758 ,0 ,Acc ,9
3dd9e578dace13af ,5324242204633433 ,9.137131 ,-2.5100555 ,2.5263977 ,0 ,Acc ,9
3dd9e578dace13af ,5324242305637339 ,9.386826 ,-0.8233795 ,2.716568 ,0 ,Acc ,9
3dd9e578dace13af ,5324242408000985 ,9.463745 ,-1.590744 ,2.0191956 ,0 ,Acc ,9
3dd9e578dace13af ,5324242508079631 ,9.26059 ,-2.4871674 ,2.0556488 ,0 ,Acc ,9
3dd9e578dace13af ,5324242608043329 ,8.331146 ,-4.207611 ,3.0096893 ,0 ,Acc ,9
3dd9e578dace13af ,5324242728509735 ,7.090805 ,-5.912079 ,3.307251 ,0 ,Acc ,9
3dd9e578dace13af ,5324242848584266 ,8.099655 ,-4.8391876 ,2.6735687 ,0 ,Acc ,9
3dd9e578dace13af ,5324242965679214 ,9.4362335 ,-1.8803558 ,1.8952637 ,0 ,Acc ,9
3dd9e578dace13af ,5324243067546662 ,9.177933 ,-2.5953827 ,2.280304 ,0 ,Acc ,9
3dd9e578dace13af ,5324243169023537 ,8.856842 ,-3.177948 ,2.761734 ,0 ,Acc ,9
3dd9e578dace13af ,5324243288641349 ,9.217911 ,-1.3052063 ,3.0816803 ,0 ,Acc ,9
3dd9e578dace13af ,5324243389259995 ,9.209534 ,-0.84555054 ,3.261856 ,0 ,Acc ,9
3dd9e578dace13af ,5324243508595620 ,9.175507 ,-1.7591095 ,2.980896 ,0 ,Acc ,9
3dd9e578dace13af ,5324243628796089 ,8.797211 ,-2.8862 ,3.2325287 ,0 ,Acc ,9
3dd9e578dace13af ,5324243729730099 ,8.025177 ,-4.156555 ,3.806549 ,0 ,Acc ,9
3dd9e578dace13af ,5324243849623172 ,7.370804 ,-5.094101 ,3.9864197 ,0 ,Acc ,9
3dd9e578dace13af ,5324243969727912 ,8.487061 ,-3.882492 ,3.0110168 ,0 ,Acc ,9
3dd9e578dace13af ,5324244069292912 ,9.29541 ,-2.1627197 ,2.255722 ,0 ,Acc ,9
3dd9e578dace13af ,5324244188637286 ,9.0103 ,-2.9200134 ,2.5413055 ,0 ,Acc ,9
3dd9e578dace13af ,5324244309459266 ,8.978607 ,-3.1488495 ,2.3747864 ,0 ,Acc ,9
3dd9e578dace13af ,5324244409532599 ,9.520157 ,-1.4237976 ,1.8734131 ,0 ,Acc ,9
3dd9e578dace13af ,5324244528210307 ,9.623718 ,-0.50213623 ,1.817215 ,0 ,Acc ,9
3dd9e578dace13af ,5324244629776922 ,9.444244 ,-1.6880951 ,2.031479 ,0 ,Acc ,9
3dd9e578dace13af ,5324244730733693 ,8.978653 ,-2.574463 ,2.987671 ,0 ,Acc ,9
3dd9e578dace13af ,5324244850516765 ,8.225632 ,-3.8543396 ,3.6950226 ,0 ,Acc ,9
3dd9e578dace13af ,5324244970697911 ,7.991455 ,-4.118637 ,3.9170837 ,0 ,Acc ,9
3dd9e578dace13af ,5324245027455828 ,-0.026977539 ,-0.5678711 ,0.31463623 ,3 ,Acc ,15
3dd9e578dace13af ,5324245086117182 ,8.758163 ,-3.3231049 ,2.9019928 ,0 ,Acc ,9
3dd9e578dace13af ,5324245186502599 ,9.088257 ,-2.5264893 ,2.6815186 ,0 ,Acc ,9
3dd9e578dace13af ,5324245286245776 ,8.641968 ,-3.426651 ,3.121643 ,0 ,Acc ,9
3dd9e578dace13af ,5324245388846609 ,8.478699 ,-3.876175 ,3.0425415 ,0 ,Acc ,9
3dd9e578dace13af ,5324245491460880 ,9.0538025 ,-2.2326355 ,3.0354767 ,0 ,Acc ,9
3dd9e578dace13af ,5324245611161869 ,9.248398 ,-1.2327118 ,3.019577 ,0 ,Acc ,9
3dd9e578dace13af ,5324245730990515 ,8.860458 ,-2.8106995 ,3.1244812 ,0 ,Acc ,9
3dd9e578dace13af ,5324245851738900 ,7.6363983 ,-4.468628 ,4.2292786 ,0 ,Acc ,9
3dd9e578dace13af ,5324245967503744 ,5.5659485 ,-6.3594666 ,4.9746857 ,0 ,Acc ,9
3dd9e578dace13af ,5324246070421817 ,5.046463 ,-6.5909576 ,5.2213745 ,0 ,Acc ,9
3dd9e578dace13af ,5324246171123067 ,7.2644806 ,-5.2212677 ,4.0169373 ,0 ,Acc ,9
3dd9e578dace13af ,5324246271607754 ,9.11058 ,-2.180832 ,2.9002533 ,0 ,Acc ,9
3dd9e578dace13af ,5324246390932494 ,9.090836 ,-2.5131683 ,2.685318 ,0 ,Acc ,9
3dd9e578dace13af ,5324246492253744 ,9.076782 ,-2.5688782 ,2.68013 ,0 ,Acc ,9
3dd9e578dace13af ,5324246593697233 ,9.264069 ,-1.6062012 ,2.7870178 ,0 ,Acc ,9
3dd9e578dace13af ,5324246712057911 ,9.086044 ,-2.4188385 ,2.786255 ,0 ,Acc ,9
3dd9e578dace13af ,5324246812789681 ,8.7323 ,-2.909607 ,3.3839874 ,0 ,Acc ,9
3dd9e578dace13af ,5324246932066504 ,8.230408 ,-3.687027 ,3.8518066 ,0 ,Acc ,9
3dd9e578dace13af ,5324247051024160 ,7.7473755 ,-4.57399 ,3.9021606 ,0 ,Acc ,9
3dd9e578dace13af ,5324247171859733 ,7.7751923 ,-5.3415527 ,2.680359 ,0 ,Acc ,9
3dd9e578dace13af ,5324247272673223 ,8.753983 ,-3.558319 ,2.6222687 ,0 ,Acc ,9
3dd9e578dace13af ,5324247394426712 ,8.866806 ,-2.4971771 ,3.3636475 ,0 ,Acc ,9
3dd9e578dace13af ,5324247512861191 ,8.093246 ,-4.266632 ,3.530655 ,0 ,Acc ,9
3dd9e578dace13af ,5324247630485775 ,8.459381 ,-3.664627 ,3.343567 ,0 ,Acc ,9
3dd9e578dace13af ,5324247731483327 ,9.239899 ,-1.624527 ,2.855774 ,0 ,Acc ,9
3dd9e578dace13af ,5324247832981712 ,9.424789 ,-0.14273071 ,2.706131 ,0 ,Acc ,9
3dd9e578dace13af ,5324247934019212 ,9.358765 ,0.12599182 ,2.927063 ,0 ,Acc ,9
3dd9e578dace13af ,5324248029954264 ,0.20709229 ,-0.5263672 ,0.31939697 ,3 ,Acc ,15
3dd9e578dace13af ,5324248049331295 ,9.117249 ,-0.3671875 ,3.5931854 ,0 ,Acc ,9
3dd9e578dace13af ,5324248152818275 ,9.158981 ,-0.89419556 ,3.3887482 ,0 ,Acc ,9
3dd9e578dace13af ,5324248254129785 ,9.141235 ,-1.4721527 ,3.2312164 ,0 ,Acc ,9
3dd9e578dace13af ,5324248372738066 ,8.937042 ,-2.2674103 ,3.340393 ,0 ,Acc ,9
3dd9e578dace13af ,5324248490793639 ,9.106873 ,-1.9109039 ,3.0956879 ,0 ,Acc ,9
3dd9e578dace13af ,5324248595745983 ,9.233231 ,-1.6022797 ,2.8897247 ,0 ,Acc ,9
3dd9e578dace13af ,5324248709476868 ,9.244919 ,-1.8368988 ,2.706955 ,0 ,Acc ,9
3dd9e578dace13af ,5324248811952128 ,8.306366 ,-3.9505768 ,3.4010925 ,0 ,Acc ,9
3dd9e578dace13af ,5324248912988066 ,8.378906 ,-3.6434326 ,3.5622253 ,0 ,Acc ,9
3dd9e578dace13af ,5324249034569055 ,8.346893 ,-3.4589386 ,3.8125153 ,0 ,Acc ,9
3dd9e578dace13af ,5324249149816295 ,8.356842 ,-3.310791 ,3.9207306 ,0 ,Acc ,9
3dd9e578dace13af ,5324249252081087 ,8.497879 ,-3.0101929 ,3.8593903 ,0 ,Acc ,9
3dd9e578dace13af ,5324249354909837 ,8.592697 ,-2.962967 ,3.6819305 ,0 ,Acc ,9
3dd9e578dace13af ,5324249455671034 ,8.689926 ,-2.7996826 ,3.5800934 ,0 ,Acc ,9
3dd9e578dace13af ,5324249572278899 ,8.578369 ,-2.9087524 ,3.757782 ,0 ,Acc ,9
3dd9e578dace13af ,5324249672110149 ,8.258072 ,-2.924652 ,4.406906 ,0 ,Acc ,9
3dd9e578dace13af ,5324249776103013 ,7.7351837 ,-3.280426 ,5.057251 ,0 ,Acc ,9
3dd9e578dace13af ,5324249895135566 ,7.012802 ,-3.3544312 ,5.9781647 ,0 ,Acc ,9
3dd9e578dace13af ,5324250012761972 ,6.2756195 ,-2.7114868 ,7.0309753 ,0 ,Acc ,9
3dd9e578dace13af ,5324250136790201 ,5.4820404 ,-1.0469513 ,8.063583 ,0 ,Acc ,9
3dd9e578dace13af ,5324250235881034 ,4.5194244 ,0.4473114 ,8.691666 ,0 ,Acc ,9
3dd9e578dace13af ,5324250356053534 ,3.2006378 ,2.354477 ,8.965622 ,0 ,Acc ,9
3dd9e578dace13af ,5324250456803013 ,1.8933716 ,2.140976 ,9.380905 ,0 ,Acc ,9
3dd9e578dace13af ,5324250574048534 ,-0.045562744 ,0.7168274 ,9.780304 ,0 ,Acc ,9
3dd9e578dace13af ,5324250676148274 ,-1.8429565 ,-6.5909424 ,7.023758 ,0 ,Acc ,9
3dd9e578dace13af ,5324250777226190 ,-3.7984924 ,-8.770996 ,-2.1934814 ,0 ,Acc ,9
3dd9e578dace13af ,5324250894806451 ,-4.1849365 ,-6.3728027 ,-6.1679688 ,0 ,Acc ,9
3dd9e578dace13af ,5324251012486763 ,-3.9478607 ,-6.9489594 ,-5.6829987 ,0 ,Acc ,9
3dd9e578dace13af ,5324251034005773 ,0.12792969 ,-0.8713989 ,0.37902832 ,3 ,Acc ,15
3dd9e578dace13af ,5324251113516711 ,-3.677826 ,-7.776993 ,-4.707657 ,0 ,Acc ,9
3dd9e578dace13af ,5324251217418690 ,-3.4008179 ,-8.24292 ,-4.081543 ,0 ,Acc ,9
3dd9e578dace13af ,5324251317108846 ,-3.3899384 ,-8.487549 ,-3.5552826 ,0 ,Acc ,9
3dd9e578dace13af ,5324251417894940 ,-3.9215393 ,-7.8092804 ,-4.450485 ,0 ,Acc ,9
3dd9e578dace13af ,5324251517281190 ,-3.95813 ,-8.199875 ,-3.6421509 ,0 ,Acc ,9
3dd9e578dace13af ,5324251617991242 ,-3.836029 ,-8.676392 ,-2.4849854 ,0 ,Acc ,9
3dd9e578dace13af ,5324251737948586 ,-3.4410858 ,-9.104813 ,-1.1965332 ,0 ,Acc ,9
3dd9e578dace13af ,5324251857451815 ,-3.2256622 ,-9.257706 ,0.24534607 ,0 ,Acc ,9
3dd9e578dace13af ,5324251957874106 ,-3.0014343 ,-9.294769 ,0.8767853 ,0 ,Acc ,9
3dd9e578dace13af ,5324252074391398 ,-2.612381 ,-9.451019 ,0.15435791 ,0 ,Acc ,9
3dd9e578dace13af ,5324252178308013 ,-3.2151794 ,-9.186523 ,1.2002563 ,0 ,Acc ,9
