3dd9e578dace13af ,5745895326550237 ,5.0278234 ,-5.1666875 ,6.919243 ,3 ,Acc ,1
3dd9e578dace13af ,5745898144613674 ,9.868899 ,-1.8866309 ,-2.0254946 ,3 ,Acc ,1
3dd9e578dace13af ,5745898244426747 ,9.011775 ,-2.777274 ,-2.1739352 ,3 ,Acc ,1
3dd9e578dace13af ,5745898365226434 ,0.7330322 ,-0.27996826 ,0.616333 ,3 ,Acc ,15
3dd9e578dace13af ,5745898365951799 ,-0.51826173 ,-0.41099855 ,0.019116212 ,3 ,Acc ,4
3dd9e578dace13af ,5745898585971330 ,8.66701 ,-3.7301662 ,-2.7581203 ,3 ,Acc ,1
3dd9e578dace13af ,5745898804364611 ,8.887277 ,-3.2273839 ,-3.2465374 ,3 ,Acc ,1
3dd9e578dace13af ,5745898866555288 ,-0.21027832 ,-0.06584473 ,0.078588866 ,3 ,Acc ,4
3dd9e578dace13af ,5745898970440601 ,-0.0722168 ,-0.016992187 ,0.010620117 ,3 ,Acc ,4
3dd9e578dace13af ,5745899084688517 ,-0.15823975 ,0.0180542 ,0.016992187 ,3 ,Acc ,4
3dd9e578dace13af ,5745899190131382 ,-0.1083252 ,0.20709229 ,0.06478272 ,3 ,Acc ,4
3dd9e578dace13af ,5745899224232840 ,8.987833 ,-3.4237084 ,-3.7828386 ,3 ,Acc ,1
3dd9e578dace13af ,5745899330710236 ,8.872911 ,-2.72939 ,-3.1124623 ,3 ,Acc ,1
3dd9e578dace13af ,5745899449953725 ,9.198523 ,-3.4045548 ,-2.1547816 ,3 ,Acc ,1
3dd9e578dace13af ,5745899567325444 ,9.5385 ,-2.7389667 ,-1.5514427 ,3 ,Acc ,1
3dd9e578dace13af ,5745899669377840 ,9.452309 ,-2.825158 ,-1.4460979 ,3 ,Acc ,1
3dd9e578dace13af ,5745899789704246 ,9.653421 ,-2.6384103 ,-0.81881696 ,3 ,Acc ,1
3dd9e578dace13af ,5745899910734142 ,9.844957 ,-2.5713725 ,-0.49320555 ,3 ,Acc ,1
3dd9e578dace13af ,5745900011407475 ,9.667787 ,-2.4372973 ,-0.51714754 ,3 ,Acc ,1
3dd9e578dace13af ,5745900131158413 ,9.701305 ,-2.3080103 ,-0.30166942 ,3 ,Acc ,1
3dd9e578dace13af ,5745900231180079 ,9.715671 ,-2.2936451 ,-0.25378537 ,3 ,Acc ,1
3dd9e578dace13af ,5745900331843413 ,9.557653 ,-2.2936451 ,-0.33039984 ,3 ,Acc ,1
3dd9e578dace13af ,5745900447130808 ,9.557653 ,-2.4899697 ,-0.35434186 ,3 ,Acc ,1
3dd9e578dace13af ,5745900552947371 ,9.433155 ,-2.6910827 ,-0.50278234 ,3 ,Acc ,1
3dd9e578dace13af ,5745900650579923 ,9.437943 ,-2.7964275 ,-0.6895301 ,3 ,Acc ,1
3dd9e578dace13af ,5745900750053881 ,9.552865 ,-2.72939 ,-0.80924016 ,3 ,Acc ,1
3dd9e578dace13af ,5745900852424246 ,9.471462 ,-2.6671407 ,-0.94810385 ,3 ,Acc ,1
3dd9e578dace13af ,5745900951420131 ,9.528923 ,-2.7581203 ,-1.1971009 ,3 ,Acc ,1
3dd9e578dace13af ,5745901071992423 ,9.471462 ,-2.906561 ,-1.3551182 ,3 ,Acc ,1
3dd9e578dace13af ,5745901190132475 ,9.624691 ,-3.0119057 ,-1.5945383 ,3 ,Acc ,1
3dd9e578dace13af ,5745901292937266 ,9.696517 ,-3.098097 ,-1.7286136 ,3 ,Acc ,1
3dd9e578dace13af ,5745901369589506 ,0.74523926 ,-0.1262207 ,0.65301514 ,3 ,Acc ,15
3dd9e578dace13af ,5745901407163568 ,9.557653 ,-3.1555579 ,-1.8339585 ,3 ,Acc ,1
3dd9e578dace13af ,5745901512489871 ,10.13705 ,-3.323152 ,-1.6232687 ,3 ,Acc ,1
3dd9e578dace13af ,5745901613013933 ,10.46745 ,-5.837064 ,-0.6895301 ,3 ,Acc ,1
3dd9e578dace13af ,5745901730789245 ,9.677363 ,-8.781932 ,0.34476504 ,3 ,Acc ,1
3dd9e578dace13af ,5745902170062787 ,2.834735 ,-7.1490865 ,3.5338416 ,3 ,Acc ,1
3dd9e578dace13af ,5745902208353776 ,0.72854006 ,-0.4364868 ,0.121069334 ,3 ,Acc ,4
3dd9e578dace13af ,5745902271787422 ,2.7724855 ,-7.1586633 ,4.9655743 ,3 ,Acc ,1
3dd9e578dace13af ,5745902393463620 ,2.6767175 ,-7.2304893 ,5.032612 ,3 ,Acc ,1
3dd9e578dace13af ,5745902494580599 ,3.193865 ,-6.71813 ,6.4404025 ,3 ,Acc ,1
3dd9e578dace13af ,5745902611594401 ,3.0310593 ,-8.034941 ,5.7365074 ,3 ,Acc ,1
3dd9e578dace13af ,5745902734907578 ,2.695871 ,-8.465898 ,4.8123455 ,3 ,Acc ,1
3dd9e578dace13af ,5745902854251953 ,1.4891934 ,-8.973468 ,4.003105 ,3 ,Acc ,1
3dd9e578dace13af ,5745902953151901 ,0.9576807 ,-8.475474 ,4.6591167 ,3 ,Acc ,1
3dd9e578dace13af ,5745903068608880 ,0.6799533 ,-8.283937 ,4.1706996 ,3 ,Acc ,1
3dd9e578dace13af ,5745903170257318 ,1.091756 ,-7.374141 ,4.209007 ,3 ,Acc ,1
3dd9e578dace13af ,5745903271759245 ,2.542642 ,-7.101202 ,8.384495 ,3 ,Acc ,1
3dd9e578dace13af ,5745903375282786 ,3.8402996 ,-5.4444146 ,1.4748282 ,3 ,Acc ,1
3dd9e578dace13af ,5745903489799297 ,4.0940847 ,-5.1762643 ,-0.89543146 ,3 ,Acc ,1
3dd9e578dace13af ,5745903594780338 ,6.7229185 ,-4.4819455 ,-1.3503298 ,3 ,Acc ,1
3dd9e578dace13af ,5745903693354453 ,18.272547 ,-6.0621185 ,-3.466804 ,3 ,Acc ,1
3dd9e578dace13af ,5745903811720703 ,9.509769 ,-1.5179238 ,1.7142484 ,3 ,Acc ,1
3dd9e578dace13af ,5745903936071692 ,10.553641 ,-7.321469 ,-2.504335 ,3 ,Acc ,1
3dd9e578dace13af ,5745904050221380 ,9.346964 ,-1.6041151 ,-1.2593501 ,3 ,Acc ,1
3dd9e578dace13af ,5745904149979140 ,9.706094 ,-3.4093432 ,-1.5610195 ,3 ,Acc ,1
3dd9e578dace13af ,5745904256271067 ,10.448297 ,-3.0789435 ,-1.2449849 ,3 ,Acc ,1
3dd9e578dace13af ,5745904371513255 ,9.811439 ,-2.207454 ,-1.0630256 ,3 ,Acc ,1
3dd9e578dace13af ,5745904370892578 ,0.72473145 ,-0.11608887 ,0.6630249 ,3 ,Acc ,15
3dd9e578dace13af ,5745904490471432 ,9.782708 ,-2.6192567 ,-0.9816227 ,3 ,Acc ,1
3dd9e578dace13af ,5745904591355598 ,10.127473 ,-2.954445 ,-0.78050977 ,3 ,Acc ,1
3dd9e578dace13af ,5745904693479244 ,10.864887 ,-2.7485435 ,-0.94331545 ,3 ,Acc ,1
3dd9e578dace13af ,5745904816651380 ,8.307879 ,-2.6431987 ,0.076614454 ,3 ,Acc ,1
3dd9e578dace13af ,5745904932988880 ,9.629479 ,-3.1555579 ,1.0342951 ,3 ,Acc ,1
3dd9e578dace13af ,5745905056042369 ,8.700529 ,-2.2457612 ,1.5849615 ,3 ,Acc ,1
3dd9e578dace13af ,5745905156059921 ,7.5944076 ,-1.0773908 ,1.9249382 ,3 ,Acc ,1
3dd9e578dace13af ,5745905212369557 ,0.31435546 ,-0.45666504 ,-0.11151123 ,3 ,Acc ,4
3dd9e578dace13af ,5745905273869088 ,7.7428484 ,-2.9352913 ,0.89543146 ,3 ,Acc ,1
3dd9e578dace13af ,5745905375630546 ,8.901642 ,-4.213795 ,-0.23463176 ,3 ,Acc ,1
3dd9e578dace13af ,5745905491637265 ,13.852851 ,-3.6008794 ,-2.231396 ,3 ,Acc ,1
3dd9e578dace13af ,5745905616095494 ,13.110648 ,-3.7253778 ,-1.7669208 ,3 ,Acc ,1
3dd9e578dace13af ,5745905716884713 ,10.951078 ,-2.1547816 ,-1.0821792 ,3 ,Acc ,1
3dd9e578dace13af ,5745905817636744 ,8.283937 ,-1.5035586 ,-0.6991069 ,3 ,Acc ,1
3dd9e578dace13af ,5745905937832890 ,7.953538 ,-1.2593501 ,-0.78529817 ,3 ,Acc ,1
3dd9e578dace13af ,5745906057260963 ,13.01488 ,-2.5330653 ,-1.8052281 ,3 ,Acc ,1
3dd9e578dace13af ,5745906157674244 ,9.385271 ,-4.9655743 ,0.521936 ,3 ,Acc ,1
3dd9e578dace13af ,5745906273993775 ,10.510546 ,-1.3934253 ,-1.5849615 ,3 ,Acc ,1
3dd9e578dace13af ,5745906374296275 ,5.7029886 ,-3.4620156 ,-0.023942016 ,3 ,Acc ,1
3dd9e578dace13af ,5745906477501327 ,6.861782 ,-4.9176903 ,0.6943185 ,3 ,Acc ,1
3dd9e578dace13af ,5745906592110650 ,12.176909 ,-4.548983 ,-0.009576807 ,3 ,Acc ,1
3dd9e578dace13af ,5745906695037525 ,16.333244 ,-4.3239284 ,-0.59376204 ,3 ,Acc ,1
3dd9e578dace13af ,5745906818730389 ,12.53604 ,-1.2018893 ,-1.7286136 ,3 ,Acc ,1
3dd9e578dace13af ,5745906934241587 ,8.599973 ,-1.5514427 ,-0.89064306 ,3 ,Acc ,1
3dd9e578dace13af ,5745907033722525 ,8.145074 ,-0.9816227 ,-2.777274 ,3 ,Acc ,1
3dd9e578dace13af ,5745907135616587 ,11.779472 ,-0.35913026 ,-2.2697031 ,3 ,Acc ,1
3dd9e578dace13af ,5745907237289243 ,10.060435 ,-4.1371803 ,0.7757214 ,3 ,Acc ,1
3dd9e578dace13af ,5745907354701535 ,9.773131 ,-2.5139117 ,0.7469909 ,3 ,Acc ,1
3dd9e578dace13af ,5745907372696795 ,0.5887451 ,0.51464844 ,0.48101807 ,3 ,Acc ,15
3dd9e578dace13af ,5745907474173410 ,8.561666 ,-4.189853 ,0.7469909 ,3 ,Acc ,1
3dd9e578dace13af ,5745907574382212 ,10.290278 ,-4.9895163 ,0.94810385 ,3 ,Acc ,1
3dd9e578dace13af ,5745907679156691 ,15.576676 ,-4.7500963 ,-0.4213795 ,3 ,Acc ,1
3dd9e578dace13af ,5745907793369399 ,17.290924 ,-1.4460979 ,-4.027047 ,3 ,Acc ,1
3dd9e578dace13af ,5745907899799816 ,9.409213 ,-1.3551182 ,-0.80445176 ,3 ,Acc ,1
3dd9e578dace13af ,5745908016340597 ,7.8865004 ,-1.5275006 ,-1.4796166 ,3 ,Acc ,1
3dd9e578dace13af ,5745908140040805 ,9.921572 ,-0.40222588 ,-1.910573 ,3 ,Acc ,1
3dd9e578dace13af ,5745908214264503 ,-1.0301514 ,0.011682129 ,-3.2168336 ,3 ,Acc ,4
3dd9e578dace13af ,5745908256345233 ,12.191275 ,-3.6104562 ,-0.16280572 ,3 ,Acc ,1
3dd9e578dace13af ,5745908379353149 ,10.232818 ,-2.4516625 ,0.5554548 ,3 ,Acc ,1
3dd9e578dace13af ,5745908500425232 ,9.77792 ,-4.074931 ,0.22984336 ,3 ,Acc ,1
3dd9e578dace13af ,5745908598084451 ,9.792285 ,-5.631162 ,1.2114661 ,3 ,Acc ,1
3dd9e578dace13af ,5745908700693982 ,17.798496 ,-5.7029886 ,-2.0350714 ,3 ,Acc ,1
3dd9e578dace13af ,5745908800543618 ,14.848839 ,-0.14844051 ,-3.169923 ,3 ,Acc ,1
3dd9e578dace13af ,5745908900973409 ,10.376471 ,-1.0582372 ,-0.8331822 ,3 ,Acc ,1
3dd9e578dace13af ,5745909017574191 ,6.823475 ,-0.6991069 ,-1.3072342 ,3 ,Acc ,1
3dd9e578dace13af ,5745909119892941 ,7.565677 ,-2.3894134 ,-1.1252748 ,3 ,Acc ,1
3dd9e578dace13af ,5745909221380597 ,11.549629 ,-4.333505 ,0.17238252 ,3 ,Acc ,1
3dd9e578dace13af ,5745909338758722 ,13.158532 ,-2.030283 ,0.6368576 ,3 ,Acc ,1
3dd9e578dace13af ,5745909436425232 ,6.5218053 ,-3.4284968 ,-0.7517793 ,3 ,Acc ,1
3dd9e578dace13af ,5745909540786899 ,7.723695 ,-4.984728 ,0.34476504 ,3 ,Acc ,1
3dd9e578dace13af ,5745909641130701 ,8.365341 ,-6.1195793 ,0.8475474 ,3 ,Acc ,1
3dd9e578dace13af ,5745909742060388 ,16.64449 ,-4.960786 ,-1.9009962 ,3 ,Acc ,1
3dd9e578dace13af ,5745909861354086 ,14.207192 ,-1.9536686 ,-3.3806129 ,3 ,Acc ,1
3dd9e578dace13af ,5745909961057992 ,9.289502 ,-1.9393034 ,-0.35913026 ,3 ,Acc ,1
3dd9e578dace13af ,5745910077453930 ,7.9391727 ,-0.9672575 ,-2.183512 ,3 ,Acc ,1
3dd9e578dace13af ,5745910197894294 ,10.912771 ,-0.81881696 ,-2.3558946 ,3 ,Acc ,1
3dd9e578dace13af ,5745910302524711 ,9.816227 ,-3.4237084 ,0.80924016 ,3 ,Acc ,1
3dd9e578dace13af ,5745910381558982 ,0.50775146 ,0.53131104 ,0.3336792 ,3 ,Acc ,15
3dd9e578dace13af ,5745910416758461 ,11.286267 ,-1.7908629 ,0.18195933 ,3 ,Acc ,1
3dd9e578dace13af ,5745910522178669 ,8.082825 ,-5.3678 ,1.7142484 ,3 ,Acc ,1
3dd9e578dace13af ,5745910622899867 ,10.117896 ,-3.9217024 ,1.4700398 ,3 ,Acc ,1
3dd9e578dace13af ,5745910741482784 ,14.111424 ,-3.53863 ,-1.7908629 ,3 ,Acc ,1
3dd9e578dace13af ,5745910857256429 ,13.814544 ,-2.3319526 ,-3.2561142 ,3 ,Acc ,1
3dd9e578dace13af ,5745910958928929 ,9.730036 ,-2.6048915 ,-0.9720459 ,3 ,Acc ,1
3dd9e578dace13af ,5745911063904294 ,7.6135616 ,-1.0390835 ,-1.2976574 ,3 ,Acc ,1
3dd9e578dace13af ,5745911179822315 ,9.255983 ,-0.18674773 ,-2.552219 ,3 ,Acc ,1
3dd9e578dace13af ,5745911220128044 ,-1.6248779 ,0.7327881 ,-1.4156617 ,3 ,Acc ,4
3dd9e578dace13af ,5745911304022158 ,10.864887 ,-3.6822822 ,-0.842759 ,3 ,Acc ,1
3dd9e578dace13af ,5745911423737523 ,13.958196 ,-3.2513258 ,0.7326257 ,3 ,Acc ,1
3dd9e578dace13af ,5745911543865596 ,7.417237 ,-3.3279405 ,1.1300632 ,3 ,Acc ,1
3dd9e578dace13af ,5745911643525023 ,10.141838 ,-3.8833952 ,1.0486604 ,3 ,Acc ,1
3dd9e578dace13af ,5745911761070387 ,15.2367 ,-4.3957543 ,-0.91937345 ,3 ,Acc ,1
3dd9e578dace13af ,5745911863260544 ,15.203181 ,-3.1603463 ,-3.6631286 ,3 ,Acc ,1
3dd9e578dace13af ,5745911965315439 ,11.382035 ,-1.1923125 ,-1.7525556 ,3 ,Acc ,1
3dd9e578dace13af ,5745912081948616 ,9.11712 ,-0.3878607 ,-2.0159178 ,3 ,Acc ,1
3dd9e578dace13af ,5745912200383616 ,8.327033 ,1.4317327 ,-1.3742718 ,3 ,Acc ,1
3dd9e578dace13af ,5745912323807471 ,11.674128 ,-3.7780502 ,-0.8810662 ,3 ,Acc ,1
3dd9e578dace13af ,5745912424805387 ,14.719552 ,-2.255338 ,0.89543146 ,3 ,Acc ,1
3dd9e578dace13af ,5745912524298512 ,7.2592196 ,-3.6822822 ,0.9864111 ,3 ,Acc ,1
3dd9e578dace13af ,5745912644514866 ,10.093954 ,-4.333505 ,1.5275006 ,3 ,Acc ,1
3dd9e578dace13af ,5745912762025595 ,16.299725 ,-4.8841715 ,-0.04309563 ,3 ,Acc ,1
3dd9e578dace13af ,5745912865042575 ,17.070658 ,-2.0733786 ,-4.2281604 ,3 ,Acc ,1
3dd9e578dace13af ,5745912963471637 ,9.749189 ,-1.0630256 ,-0.82360536 ,3 ,Acc ,1
3dd9e578dace13af ,5745913081943564 ,10.333375 ,-0.8475474 ,-2.5905263 ,3 ,Acc ,1
3dd9e578dace13af ,5745913205279085 ,8.896853 ,0.7517793 ,-1.2018893 ,3 ,Acc ,1
3dd9e578dace13af ,5745913305158616 ,10.611102 ,-2.8395233 ,-1.2066777 ,3 ,Acc ,1
3dd9e578dace13af ,5745913382945699 ,0.31903076 ,0.6564331 ,0.099243164 ,3 ,Acc ,15
3dd9e578dace13af ,5745913420484033 ,14.12579 ,-4.9655743 ,0.94331545 ,3 ,Acc ,1
3dd9e578dace13af ,5745913545703199 ,9.279925 ,-2.5378537 ,0.58897364 ,3 ,Acc ,1
3dd9e578dace13af ,5745913645492314 ,10.462662 ,-4.295198 ,1.5466543 ,3 ,Acc ,1
3dd9e578dace13af ,5745913746407835 ,17.520767 ,-4.510676 ,-0.90021986 ,3 ,Acc ,1
3dd9e578dace13af ,5745913862030335 ,14.805743 ,-0.9576807 ,-3.8259344 ,3 ,Acc ,1
3dd9e578dace13af ,5745913964984137 ,8.954314 ,-2.2218192 ,0.11971009 ,3 ,Acc ,1
3dd9e578dace13af ,5745914066531949 ,9.576807 ,-0.04309563 ,-2.3319526 ,3 ,Acc ,1
3dd9e578dace13af ,5745914167665439 ,10.208876 ,1.1013328 ,-2.078167 ,3 ,Acc ,1
3dd9e578dace13af ,5745914225114501 ,-1.1321045 ,0.45772704 ,-2.9566407 ,3 ,Acc ,4
3dd9e578dace13af ,5745914285082730 ,11.789049 ,-4.3861775 ,0.05267244 ,3 ,Acc ,1
3dd9e578dace13af ,5745914385853459 ,13.005303 ,-1.2018893 ,-0.45489833 ,3 ,Acc ,1
3dd9e578dace13af ,5745914486504241 ,7.3166804 ,-4.10845 ,1.6998832 ,3 ,Acc ,1
3dd9e578dace13af ,5745914602000855 ,11.314998 ,-5.0374002 ,1.0630256 ,3 ,Acc ,1
3dd9e578dace13af ,5745914706317522 ,18.918982 ,-5.401319 ,-1.4317327 ,3 ,Acc ,1
3dd9e578dace13af ,5745914808508199 ,14.001291 ,-2.1643584 ,-2.5187001 ,3 ,Acc ,1
3dd9e578dace13af ,5745914922480022 ,9.069236 ,-0.8858546 ,-0.30166942 ,3 ,Acc ,1
3dd9e578dace13af ,5745915022906428 ,9.370906 ,0.18674773 ,-2.0254946 ,3 ,Acc ,1
3dd9e578dace13af ,5745915127134605 ,11.405977 ,0.51714754 ,-2.1787236 ,3 ,Acc ,1
3dd9e578dace13af ,5745915227102209 ,11.722012 ,-3.466804 ,0.18674773 ,3 ,Acc ,1
3dd9e578dace13af ,5745915329691792 ,13.40753 ,-0.48362875 ,-0.24899697 ,3 ,Acc ,1
3dd9e578dace13af ,5745915446747105 ,7.8625584 ,-5.449203 ,1.0390835 ,3 ,Acc ,1
3dd9e578dace13af ,5745915545120178 ,9.662998 ,-6.3302693 ,0.7469909 ,3 ,Acc ,1
3dd9e578dace13af ,5745915645648667 ,17.128119 ,-6.081272 ,-0.8571242 ,3 ,Acc ,1
3dd9e578dace13af ,5745915746387209 ,13.728353 ,-2.5761611 ,-3.217807 ,3 ,Acc ,1
3dd9e578dace13af ,5745915868494761 ,10.213664 ,-1.9057846 ,-0.06703765 ,3 ,Acc ,1
3dd9e578dace13af ,5745915985119500 ,10.5440645 ,0.4165911 ,-3.083732 ,3 ,Acc ,1
3dd9e578dace13af ,5745916108806740 ,11.291056 ,0.16759412 ,-1.4077905 ,3 ,Acc ,1
3dd9e578dace13af ,5745916225839396 ,12.454638 ,-2.9113493 ,-0.05267244 ,3 ,Acc ,1
3dd9e578dace13af ,5745916328511427 ,11.592725 ,-3.466804 ,-0.30166942 ,3 ,Acc ,1
3dd9e578dace13af ,5745916384941688 ,0.24713135 ,0.7336426 ,0.21716309 ,3 ,Acc ,15
3dd9e578dace13af ,5745916442795542 ,9.241618 ,-5.1810527 ,0.94810385 ,3 ,Acc ,1
3dd9e578dace13af ,5745916549302886 ,11.305421 ,-7.9631147 ,1.5705963 ,3 ,Acc ,1
3dd9e578dace13af ,5745916648905906 ,18.851944 ,-4.620809 ,-1.3599066 ,3 ,Acc ,1
3dd9e578dace13af ,5745916766756427 ,16.089035 ,-2.2505496 ,-3.1268275 ,3 ,Acc ,1
3dd9e578dace13af ,5745916866779604 ,12.727576 ,-2.3558946 ,-1.0055647 ,3 ,Acc ,1
3dd9e578dace13af ,5745916970637052 ,9.370906 ,2.3989902 ,-2.9400797 ,3 ,Acc ,1
3dd9e578dace13af ,5745917088412833 ,10.28549 ,0.8523358 ,-1.5131354 ,3 ,Acc ,1
3dd9e578dace13af ,5745917188332052 ,15.978902 ,-2.9783869 ,-0.51235914 ,3 ,Acc ,1
3dd9e578dace13af ,5745917226556792 ,-1.269104 ,-1.8691406 ,-5.789026 ,3 ,Acc ,4
3dd9e578dace13af ,5745917304941271 ,11.827356 ,-5.923255 ,-1.6184803 ,3 ,Acc ,1
3dd9e578dace13af ,5745917405013719 ,9.77792 ,-4.8362875 ,0.5506664 ,3 ,Acc ,1
3dd9e578dace13af ,5745917529836479 ,11.33894 ,-7.129933 ,0.641646 ,3 ,Acc ,1
3dd9e578dace13af ,5745917649838406 ,15.030798 ,-2.585738 ,-3.2273839 ,3 ,Acc ,1
3dd9e578dace13af ,5745917769501739 ,11.9614315 ,-2.801216 ,-0.7182605 ,3 ,Acc ,1
3dd9e578dace13af ,5745917888249864 ,9.816227 ,-0.17717093 ,-2.0398598 ,3 ,Acc ,1
3dd9e578dace13af ,5745917993160073 ,9.121908 ,1.388637 ,-2.3175871 ,3 ,Acc ,1
3dd9e578dace13af ,5745918108041739 ,11.841722 ,-2.336741 ,-1.2210429 ,3 ,Acc ,1
3dd9e578dace13af ,5745918225763145 ,14.164097 ,-1.5801731 ,0.24899697 ,3 ,Acc ,1
3dd9e578dace13af ,5745918330550750 ,8.99741 ,-5.2720323 ,0.521936 ,3 ,Acc ,1
3dd9e578dace13af ,5745918450593666 ,10.424355 ,-5.0757074 ,2.0494366 ,3 ,Acc ,1
3dd9e578dace13af ,5745918550457624 ,19.85751 ,-5.659893 ,-1.3838485 ,3 ,Acc ,1
3dd9e578dace13af ,5745918666202104 ,15.820885 ,-2.0111294 ,-3.4620156 ,3 ,Acc ,1
3dd9e578dace13af ,5745918766366114 ,12.3876 ,-5.884948 ,-1.1061212 ,3 ,Acc ,1
3dd9e578dace13af ,5745918865878978 ,9.878476 ,-6.181829 ,-3.394978 ,3 ,Acc ,1
3dd9e578dace13af ,5745918966587103 ,5.93762 ,-8.7053175 ,-0.78529817 ,3 ,Acc ,1
3dd9e578dace13af ,5745919068338249 ,2.1164744 ,-7.345411 ,0.7661445 ,3 ,Acc ,1
3dd9e578dace13af ,5745919172991583 ,2.60968 ,-4.721366 ,2.4756045 ,3 ,Acc ,1
3dd9e578dace13af ,5745919288809030 ,-2.4899697 ,-7.541735 ,0.7757214 ,3 ,Acc ,1
3dd9e578dace13af ,5745919391621062 ,0.6088257 ,0.26727295 ,-0.5550537 ,3 ,Acc ,15
3dd9e578dace13af ,5745919392270385 ,-4.8937483 ,-6.895301 ,3.7062242 ,3 ,Acc ,1
3dd9e578dace13af ,5745919508363145 ,-6.4787097 ,-12.727576 ,1.1061212 ,3 ,Acc ,1
3dd9e578dace13af ,5745919628300072 ,-2.4229321 ,-9.279925 ,0.51235914 ,3 ,Acc ,1
3dd9e578dace13af ,5745919726754134 ,-0.023942016 ,-6.646304 ,0.15322891 ,3 ,Acc ,1
3dd9e578dace13af ,5745919847069447 ,-0.81881696 ,-7.795521 ,0.50757074 ,3 ,Acc ,1
3dd9e578dace13af ,5745919947867780 ,2.96881 ,-6.5936313 ,0.81881696 ,3 ,Acc ,1
3dd9e578dace13af ,5745920047405384 ,9.222465 ,-6.373365 ,-0.78529817 ,3 ,Acc ,1
3dd9e578dace13af ,5745920151905697 ,11.808203 ,-3.466804 ,-0.7374141 ,3 ,Acc ,1
3dd9e578dace13af ,5745920231006582 ,-4.7461305 ,2.170752 ,-4.8353395 ,3 ,Acc ,4
3dd9e578dace13af ,5745920269307572 ,14.30775 ,-5.7843914 ,-2.2649148 ,3 ,Acc ,1
3dd9e578dace13af ,5745920393957207 ,10.0508585 ,-7.4268136 ,-3.596091 ,3 ,Acc ,1
3dd9e578dace13af ,5745920510523926 ,13.771448 ,-9.44752 ,0.7374141 ,3 ,Acc ,1
3dd9e578dace13af ,5745920613339863 ,15.720328 ,-2.753332 ,-3.7588966 ,3 ,Acc ,1
3dd9e578dace13af ,5745920713754186 ,13.230358 ,0.7038953 ,0.08619126 ,3 ,Acc ,1
3dd9e578dace13af ,5745921150518248 ,12.957419 ,-3.1986535 ,-1.661576 ,3 ,Acc ,1
3dd9e578dace13af ,5745921253950853 ,11.48738 ,-7.2113357 ,-0.2633622 ,3 ,Acc ,1
3dd9e578dace13af ,5745921354390592 ,9.988609 ,-6.090849 ,1.6280571 ,3 ,Acc ,1
3dd9e578dace13af ,5745921453955332 ,17.84159 ,-8.082825 ,-0.5746084 ,3 ,Acc ,1
3dd9e578dace13af ,5745921570847988 ,16.965313 ,-0.06703765 ,-3.5625722 ,3 ,Acc ,1
3dd9e578dace13af ,5745921674813821 ,12.708423 ,-2.0111294 ,-0.1340753 ,3 ,Acc ,1
3dd9e578dace13af ,5745921775306842 ,9.653421 ,1.8483237 ,-3.0119057 ,3 ,Acc ,1
3dd9e578dace13af ,5745921881257102 ,11.362882 ,3.0502129 ,-1.4939818 ,3 ,Acc ,1
3dd9e578dace13af ,5745921995016061 ,14.872781 ,-3.5434184 ,-0.31603462 ,3 ,Acc ,1
3dd9e578dace13af ,5745922110381581 ,9.749189 ,-3.3135753 ,-1.2785037 ,3 ,Acc ,1
3dd9e578dace13af ,5745922209629550 ,9.437943 ,-5.6215854 ,0.7278373 ,3 ,Acc ,1
3dd9e578dace13af ,5745922315205383 ,8.925584 ,-6.5696893 ,1.2258313 ,3 ,Acc ,1
3dd9e578dace13af ,5745922393935540 ,0.23498535 ,0.7789917 ,0.28881836 ,3 ,Acc ,15
3dd9e578dace13af ,5745922429653196 ,18.119318 ,-4.9703627 ,-1.6184803 ,3 ,Acc ,1
3dd9e578dace13af ,5745922535120279 ,16.692375 ,-0.521936 ,-2.920926 ,3 ,Acc ,1
3dd9e578dace13af ,5745922635868769 ,10.85531 ,-1.4317327 ,-0.5410896 ,3 ,Acc ,1
3dd9e578dace13af ,5745922751507206 ,8.00621 ,0.5554548 ,-1.8770541 ,3 ,Acc ,1
3dd9e578dace13af ,5745922853272206 ,10.414778 ,0.36391866 ,-1.9201498 ,3 ,Acc ,1
3dd9e578dace13af ,5745922956115331 ,12.694057 ,-3.964798 ,-0.5506664 ,3 ,Acc ,1
3dd9e578dace13af ,5745923071863716 ,15.035586 ,-2.2840683 ,-1.6950948 ,3 ,Acc ,1
3dd9e578dace13af ,5745923175679341 ,9.217676 ,-6.0046577 ,0.2873042 ,3 ,Acc ,1
3dd9e578dace13af ,5745923232379393 ,0.634021 ,-1.1352905 ,-0.6956177 ,3 ,Acc ,4
3dd9e578dace13af ,5745923292491633 ,10.079589 ,-7.3406224 ,2.2697031 ,3 ,Acc ,1
3dd9e578dace13af ,5745923415247675 ,18.420988 ,-3.3518825 ,-2.3989902 ,3 ,Acc ,1
3dd9e578dace13af ,5745923516732675 ,17.281347 ,-1.2210429 ,-3.2465374 ,3 ,Acc ,1
3dd9e578dace13af ,5745923635372727 ,11.410766 ,-1.5753847 ,-1.4700398 ,3 ,Acc ,1
3dd9e578dace13af ,5745923735328612 ,8.173804 ,0.6847417 ,-2.2170308 ,3 ,Acc ,1
3dd9e578dace13af ,5745923836109185 ,9.313444 ,0.36391866 ,-0.89064306 ,3 ,Acc ,1
3dd9e578dace13af ,5745923955757466 ,13.800179 ,-2.5234885 ,-0.6895301 ,3 ,Acc ,1
3dd9e578dace13af ,5745924056046997 ,13.862428 ,-3.9935284 ,0.39264908 ,3 ,Acc ,1
3dd9e578dace13af ,5745924156186112 ,10.223241 ,-6.6654577 ,-0.06703765 ,3 ,Acc ,1
3dd9e578dace13af ,5745924256061424 ,9.476251 ,-5.2959743 ,1.7477672 ,3 ,Acc ,1
3dd9e578dace13af ,5745924375723820 ,18.540697 ,-5.363012 ,-1.1731589 ,3 ,Acc ,1
3dd9e578dace13af ,5745924476110643 ,17.046717 ,-1.1013328 ,-4.1371803 ,3 ,Acc ,1
3dd9e578dace13af ,5745924576334133 ,11.195287 ,-2.0015526 ,-0.4261679 ,3 ,Acc ,1
3dd9e578dace13af ,5745924697391476 ,9.035717 ,-0.8619126 ,-1.958457 ,3 ,Acc ,1
3dd9e578dace13af ,5745924789549132 ,8.863335 ,0.47884035 ,-1.6376339 ,3 ,Acc ,1
3dd9e578dace13af ,5745924918043716 ,11.353305 ,-2.777274 ,-0.79966336 ,3 ,Acc ,1
3dd9e578dace13af ,5745925036062414 ,14.96376 ,-0.60812724 ,0.10534488 ,3 ,Acc ,1
3dd9e578dace13af ,5745925157546216 ,9.993398 ,-5.674258 ,0.5650316 ,3 ,Acc ,1
3dd9e578dace13af ,5745925256192466 ,9.390059 ,-5.5497594 ,1.4173675 ,3 ,Acc ,1
3dd9e578dace13af ,5745925357479288 ,13.493721 ,-5.889736 ,-0.48362875 ,3 ,Acc ,1
3dd9e578dace13af ,5745925415618976 ,0.26019287 ,0.7510376 ,0.26953125 ,3 ,Acc ,15
3dd9e578dace13af ,5745925472947205 ,12.670115 ,-1.2641385 ,-2.7006595 ,3 ,Acc ,1
3dd9e578dace13af ,5745925580050799 ,11.362882 ,-3.122039 ,-1.0773908 ,3 ,Acc ,1
3dd9e578dace13af ,5745925696100278 ,10.481815 ,-0.1388637 ,-2.4612393 ,3 ,Acc ,1
3dd9e578dace13af ,5745925812879653 ,7.393295 ,1.3934253 ,-0.7086837 ,3 ,Acc ,1
3dd9e578dace13af ,5745925916719861 ,12.794614 ,-2.6001031 ,-0.6895301 ,3 ,Acc ,1
3dd9e578dace13af ,5745926018993559 ,17.142485 ,-2.4612393 ,1.9249382 ,3 ,Acc ,1
3dd9e578dace13af ,5745926119552361 ,7.2783732 ,-3.9839516 ,-0.51235914 ,3 ,Acc ,1
3dd9e578dace13af ,5745926238546319 ,8.1642275 ,-5.161899 ,1.5466543 ,3 ,Acc ,1
3dd9e578dace13af ,5745926238546319 ,-0.13381349 ,-0.27293703 ,-0.77314454 ,3 ,Acc ,4
3dd9e578dace13af ,5745926356972986 ,13.445837 ,-5.463568 ,-1.043872 ,3 ,Acc ,1
3dd9e578dace13af ,5745926455818455 ,15.945383 ,-2.8778305 ,-2.8107927 ,3 ,Acc ,1
3dd9e578dace13af ,5745926559636319 ,14.192827 ,-1.9871874 ,-2.0207062 ,3 ,Acc ,1
3dd9e578dace13af ,5745926659114184 ,10.539276 ,-1.7286136 ,-0.90500826 ,3 ,Acc ,1
3dd9e578dace13af ,5745926777728403 ,6.8426285 ,-0.50278234 ,-1.2641385 ,3 ,Acc ,1
3dd9e578dace13af ,5745926899966059 ,10.127473 ,-1.2401965 ,-1.4700398 ,3 ,Acc ,1
3dd9e578dace13af ,5745926999931580 ,13.259089 ,-5.377377 ,-0.29688102 ,3 ,Acc ,1
3dd9e578dace13af ,5745927120702257 ,8.734048 ,-4.2999864 ,-0.7757214 ,3 ,Acc ,1
3dd9e578dace13af ,5745927220302048 ,8.365341 ,-5.161899 ,1.2354081 ,3 ,Acc ,1
3dd9e578dace13af ,5745927338327256 ,8.829816 ,-5.449203 ,2.054225 ,3 ,Acc ,1
3dd9e578dace13af ,5745927441039340 ,16.103401 ,-4.7165775 ,-0.80924016 ,3 ,Acc ,1
3dd9e578dace13af ,5745927556367413 ,14.111424 ,-3.0502129 ,-3.6248214 ,3 ,Acc ,1
3dd9e578dace13af ,5745927677298350 ,9.725247 ,-1.6711528 ,-1.0630256 ,3 ,Acc ,1
3dd9e578dace13af ,5745927798195017 ,7.991845 ,-0.61770403 ,-1.283292 ,3 ,Acc ,1
3dd9e578dace13af ,5745927900965381 ,8.580819 ,-1.5993267 ,-1.043872 ,3 ,Acc ,1
3dd9e578dace13af ,5745928021137100 ,11.434708 ,-2.705448 ,-0.31603462 ,3 ,Acc ,1
3dd9e578dace13af ,5745928139954912 ,11.540052 ,-2.9831753 ,0.16759412 ,3 ,Acc ,1
3dd9e578dace13af ,5745928256094079 ,9.299079 ,-4.55856 ,0.10055647 ,3 ,Acc ,1
3dd9e578dace13af ,5745928360770381 ,9.021352 ,-5.583278 ,1.1540052 ,3 ,Acc ,1
3dd9e578dace13af ,5745928417421162 ,0.26971436 ,0.7316284 ,0.24627686 ,3 ,Acc ,15
3dd9e578dace13af ,5745928476784027 ,12.761095 ,-5.33907 ,0.59855044 ,3 ,Acc ,1
3dd9e578dace13af ,5745928580304183 ,13.148955 ,-3.3135753 ,-1.0055647 ,3 ,Acc ,1
3dd9e578dace13af ,5745928679984235 ,15.303738 ,-1.5370775 ,-2.681506 ,3 ,Acc ,1
3dd9e578dace13af ,5745928799947933 ,10.395624 ,-1.6759412 ,-1.0007763 ,3 ,Acc ,1
3dd9e578dace13af ,5745928916893870 ,7.1155677 ,-0.8762778 ,-0.9864111 ,3 ,Acc ,1
3dd9e578dace13af ,5745929022124027 ,8.7053175 ,-1.292869 ,-0.8858546 ,3 ,Acc ,1
3dd9e578dace13af ,5745929142417308 ,12.330139 ,-4.3526587 ,0.9959879 ,3 ,Acc ,1
3dd9e578dace13af ,5745929243041162 ,12.497733 ,-2.4756045 ,0.21547815 ,3 ,Acc ,1
3dd9e578dace13af ,5745929243041162 ,-0.3069214 ,-0.85385746 ,-1.6981567 ,3 ,Acc ,4
3dd9e578dace13af ,5745929360748193 ,9.11712 ,-3.6104562 ,0.7326257 ,3 ,Acc ,1
3dd9e578dace13af ,5745929460094808 ,8.542512 ,-4.4675803 ,1.7238252 ,3 ,Acc ,1
3dd9e578dace13af ,5745929563336006 ,11.18571 ,-3.8259344 ,0.2777274 ,3 ,Acc ,1
3dd9e578dace13af ,5745929679416943 ,10.5919485 ,-3.2369606 ,-0.25857377 ,3 ,Acc ,1
3dd9e578dace13af ,5745929784546110 ,14.020445 ,-1.6567876 ,-2.0398598 ,3 ,Acc ,1
3dd9e578dace13af ,5745929883679131 ,9.998186 ,-1.0247183 ,-1.6759412 ,3 ,Acc ,1
3dd9e578dace13af ,5745930000073558 ,8.51857 ,-0.9768343 ,-1.8339585 ,3 ,Acc ,1
3dd9e578dace13af ,5745930103352516 ,8.882488 ,-1.6807296 ,-1.4508862 ,3 ,Acc ,1
3dd9e578dace13af ,5745930204040224 ,13.891158 ,-1.9632454 ,-2.5713725 ,3 ,Acc ,1
3dd9e578dace13af ,5745930321031474 ,10.884041 ,-4.0414124 ,0.05746084 ,3 ,Acc ,1
3dd9e578dace13af ,5745930423261734 ,11.291056 ,-3.9743748 ,-1.70946 ,3 ,Acc ,1
3dd9e578dace13af ,5745930524450589 ,8.394072 ,-3.4763808 ,0.45010993 ,3 ,Acc ,1
3dd9e578dace13af ,5745930630405172 ,8.480263 ,-3.5577838 ,1.6711528 ,3 ,Acc ,1
3dd9e578dace13af ,5745930743882776 ,9.662998 ,-2.896984 ,2.9400797 ,3 ,Acc ,1
3dd9e578dace13af ,5745930844746057 ,10.931925 ,-0.39743748 ,1.9632454 ,3 ,Acc ,1
3dd9e578dace13af ,5745930944054286 ,8.652645 ,0.5602432 ,1.7621324 ,3 ,Acc ,1
3dd9e578dace13af ,5745931062428765 ,14.729129 ,-6.8186865 ,2.5091233 ,3 ,Acc ,1
3dd9e578dace13af ,5745931164956838 ,7.1826053 ,-7.1059904 ,0.29209262 ,3 ,Acc ,1
3dd9e578dace13af ,5745931280416578 ,5.66947 ,-6.799533 ,0.9768343 ,3 ,Acc ,1
3dd9e578dace13af ,5745931386372359 ,9.509769 ,-4.582502 ,0.8571242 ,3 ,Acc ,1
3dd9e578dace13af ,5745931418296630 ,0.6713257 ,0.26220703 ,0.52130127 ,3 ,Acc ,15
3dd9e578dace13af ,5745931504798140 ,10.989386 ,-1.8674773 ,0.18195933 ,3 ,Acc ,1
3dd9e578dace13af ,5745931605075692 ,12.727576 ,-2.255338 ,-1.283292 ,3 ,Acc ,1
3dd9e578dace13af ,5745931725669859 ,11.425131 ,-2.5761611 ,-0.6943185 ,3 ,Acc ,1
3dd9e578dace13af ,5745931825129286 ,8.532935 ,-1.5897499 ,-2.0638018 ,3 ,Acc ,1
3dd9e578dace13af ,5745931945322567 ,6.0956373 ,-4.582502 ,-1.0390835 ,3 ,Acc ,1
3dd9e578dace13af ,5745932064461890 ,7.8146744 ,-4.5777135 ,0.17717093 ,3 ,Acc ,1
3dd9e578dace13af ,5745932165479755 ,10.405201 ,-3.8594532 ,0.78050977 ,3 ,Acc ,1
3dd9e578dace13af ,5745932245383609 ,0.38551027 ,-0.8230591 ,1.1289185 ,3 ,Acc ,4
3dd9e578dace13af ,5745932280428244 ,15.945383 ,-4.414908 ,0.2873042 ,3 ,Acc ,1
3dd9e578dace13af ,5745932384115484 ,15.116989 ,-2.791639 ,-2.0159178 ,3 ,Acc ,1
3dd9e578dace13af ,5745932486369234 ,10.041282 ,-1.0965444 ,-0.19632454 ,3 ,Acc ,1
3dd9e578dace13af ,5745932606394442 ,7.5848308 ,-0.15801731 ,-0.23942018 ,3 ,Acc ,1
3dd9e578dace13af ,5745932726360952 ,13.618219 ,-0.62728083 ,-3.0693667 ,3 ,Acc ,1
3dd9e578dace13af ,5745932826378661 ,12.5982895 ,-4.7165775 ,-0.79966336 ,3 ,Acc ,1
3dd9e578dace13af ,5745932941405223 ,7.699753 ,-1.7381904 ,-1.484405 ,3 ,Acc ,1
3dd9e578dace13af ,5745933060591681 ,7.297527 ,-4.7500963 ,0.34955344 ,3 ,Acc ,1
3dd9e578dace13af ,5745933181378244 ,9.821015 ,-7.6949644 ,1.388637 ,3 ,Acc ,1
3dd9e578dace13af ,5745933282336785 ,17.750612 ,-4.050989 ,-0.1436521 ,3 ,Acc ,1
3dd9e578dace13af ,5745933401732619 ,12.35887 ,-1.5897499 ,-1.5897499 ,3 ,Acc ,1
3dd9e578dace13af ,5745933506021837 ,10.266336 ,-1.4700398 ,-0.19153613 ,3 ,Acc ,1
3dd9e578dace13af ,5745933611495848 ,8.930372 ,4.036624 ,-2.8443117 ,3 ,Acc ,1
3dd9e578dace13af ,5745933727887462 ,14.144943 ,-3.1124623 ,-1.0103531 ,3 ,Acc ,1
3dd9e578dace13af ,5745933846714129 ,15.547946 ,-1.6998832 ,0.10055647 ,3 ,Acc ,1
3dd9e578dace13af ,5745933968014910 ,7.240066 ,-4.012682 ,-0.49799395 ,3 ,Acc ,1
3dd9e578dace13af ,5745934085115952 ,9.174581 ,-6.579266 ,1.9440918 ,3 ,Acc ,1
3dd9e578dace13af ,5745934184398973 ,14.092271 ,-7.752425 ,-1.3934253 ,3 ,Acc ,1
3dd9e578dace13af ,5745934287948764 ,18.406622 ,-4.1419687 ,-3.3854012 ,3 ,Acc ,1
3dd9e578dace13af ,5745934405649493 ,14.144943 ,-2.9017725 ,0.2825158 ,3 ,Acc ,1
3dd9e578dace13af ,5745934421711108 ,0.59246826 ,-0.30792236 ,0.7439575 ,3 ,Acc ,15
3dd9e578dace13af ,5745934506397775 ,9.792285 ,0.36391866 ,-1.13964 ,3 ,Acc ,1
3dd9e578dace13af ,5745934620830483 ,9.461885 ,1.5370775 ,-1.5179238 ,3 ,Acc ,1
3dd9e578dace13af ,5745934725340431 ,12.98615 ,-1.7381904 ,-1.3790601 ,3 ,Acc ,1
3dd9e578dace13af ,5745934846763087 ,13.666103 ,-2.6767175 ,0.12449849 ,3 ,Acc ,1
3dd9e578dace13af ,5745934948458451 ,10.884041 ,-6.191406 ,0.81402856 ,3 ,Acc ,1
3dd9e578dace13af ,5745935067650379 ,10.630256 ,-7.038953 ,1.2210429 ,3 ,Acc ,1
3dd9e578dace13af ,5745935169335378 ,16.788143 ,-7.5321584 ,-0.16759412 ,3 ,Acc ,1
3dd9e578dace13af ,5745935266626108 ,0.99935305 ,0.5384399 ,4.52948 ,3 ,Acc ,4
3dd9e578dace13af ,5745935284771212 ,17.927782 ,-3.193865 ,-3.7014358 ,3 ,Acc ,1
3dd9e578dace13af ,5745935388406003 ,13.661315 ,-2.4899697 ,0.30645782 ,3 ,Acc ,1
3dd9e578dace13af ,5745935489785691 ,8.829816 ,1.9536686 ,-3.4045548 ,3 ,Acc ,1
3dd9e578dace13af ,5745935604044441 ,10.596737 ,1.1204864 ,-3.4284968 ,3 ,Acc ,1
3dd9e578dace13af ,5745935703709701 ,14.00608 ,-1.5514427 ,-1.6519991 ,3 ,Acc ,1
3dd9e578dace13af ,5745935808323712 ,12.469003 ,-3.4476504 ,-0.5410896 ,3 ,Acc ,1
3dd9e578dace13af ,5745935909522253 ,10.620679 ,-7.335834 ,-0.076614454 ,3 ,Acc ,1
3dd9e578dace13af ,5745936029390274 ,11.69807 ,-6.0764837 ,1.934515 ,3 ,Acc ,1
3dd9e578dace13af ,5745936129849597 ,14.978126 ,-9.89763 ,-0.019153614 ,3 ,Acc ,1
3dd9e578dace13af ,5745936250221159 ,14.528016 ,-2.8299465 ,-4.074931 ,3 ,Acc ,1
3dd9e578dace13af ,5745936371072149 ,11.678916 ,-1.6807296 ,-2.9017725 ,3 ,Acc ,1
3dd9e578dace13af ,5745936488267461 ,10.730812 ,2.0494366 ,-3.3087866 ,3 ,Acc ,1
3dd9e578dace13af ,5745936592000378 ,10.237606 ,-0.7517793 ,-1.0726024 ,3 ,Acc ,1
3dd9e578dace13af ,5745936705714805 ,13.88637 ,-2.6144683 ,-0.81402856 ,3 ,Acc ,1
3dd9e578dace13af ,5745936811749128 ,11.281479 ,-3.3518825 ,-0.320823 ,3 ,Acc ,1
3dd9e578dace13af ,5745936910646576 ,8.959103 ,-7.1826053 ,0.51714754 ,3 ,Acc ,1
3dd9e578dace13af ,5745937011761836 ,13.445837 ,-7.666234 ,-0.25378537 ,3 ,Acc ,1
3dd9e578dace13af ,5745937126994388 ,14.887146 ,-3.4093432 ,-4.0318356 ,3 ,Acc ,1
3dd9e578dace13af ,5745937227196211 ,11.798626 ,-3.107674 ,-1.3455414 ,3 ,Acc ,1
3dd9e578dace13af ,5745937332160482 ,9.902418 ,0.05746084 ,-2.2122424 ,3 ,Acc ,1
3dd9e578dace13af ,5745937426080482 ,0.50042725 ,-0.3040161 ,0.80389404 ,3 ,Acc ,15
3dd9e578dace13af ,5745937446672148 ,10.376471 ,1.6759412 ,-3.3279405 ,3 ,Acc ,1
3dd9e578dace13af ,5745937551243555 ,13.110648 ,-1.7717092 ,-2.5617957 ,3 ,Acc ,1
3dd9e578dace13af ,5745937652634128 ,12.272678 ,-2.7868507 ,0.5410896 ,3 ,Acc ,1
3dd9e578dace13af ,5745937769667721 ,7.714118 ,-4.5441947 ,0.18195933 ,3 ,Acc ,1
3dd9e578dace13af ,5745937871797617 ,11.7268 ,-7.9008656 ,0.82360536 ,3 ,Acc ,1
3dd9e578dace13af ,5745937972222513 ,19.120094 ,-7.2352777 ,-0.89543146 ,3 ,Acc ,1
3dd9e578dace13af ,5745938092470482 ,15.006856 ,-2.6431987 ,-3.8259344 ,3 ,Acc ,1
3dd9e578dace13af ,5745938206695325 ,11.15698 ,-2.3942018 ,-2.0159178 ,3 ,Acc ,1
3dd9e578dace13af ,5745938287795794 ,2.2015502 ,0.2442627 ,2.0082643 ,3 ,Acc ,4
3dd9e578dace13af ,5745938306464804 ,10.146626 ,-0.0047884034 ,-3.2944214 ,3 ,Acc ,1
3dd9e578dace13af ,5745938409939127 ,9.615114 ,1.8531121 ,-3.9073372 ,3 ,Acc ,1
3dd9e578dace13af ,5745938512514648 ,12.952631 ,-1.7812861 ,-2.4995465 ,3 ,Acc ,1
3dd9e578dace13af ,5745938632595117 ,9.385271 ,-5.2480903 ,1.7142484 ,3 ,Acc ,1
3dd9e578dace13af ,5745938732756731 ,9.682152 ,-5.4061074 ,0.78529817 ,3 ,Acc ,1
3dd9e578dace13af ,5745938848088502 ,12.947843 ,-6.5361705 ,0.79487497 ,3 ,Acc ,1
3dd9e578dace13af ,5745938951030846 ,16.443377 ,-4.984728 ,-1.4748282 ,3 ,Acc ,1
3dd9e578dace13af ,5745939068317460 ,12.004527 ,-2.5570073 ,-1.9297266 ,3 ,Acc ,1
3dd9e578dace13af ,5745939170821679 ,10.70687 ,-1.3742718 ,-2.183512 ,3 ,Acc ,1
3dd9e578dace13af ,5745939273179127 ,11.080365 ,2.3463178 ,-4.9224787 ,3 ,Acc ,1
3dd9e578dace13af ,5745939371454439 ,10.486604 ,-0.4357447 ,-1.4652514 ,3 ,Acc ,1
3dd9e578dace13af ,5745939473563866 ,13.546393 ,-1.6232687 ,-1.0773908 ,3 ,Acc ,1
3dd9e578dace13af ,5745939593139856 ,8.346188 ,-4.8985367 ,-0.5363012 ,3 ,Acc ,1
3dd9e578dace13af ,5745939691837773 ,12.378023 ,-6.6367273 ,1.0199299 ,3 ,Acc ,1
3dd9e578dace13af ,5745939793409752 ,13.192051 ,-7.445967 ,1.2785037 ,3 ,Acc ,1
3dd9e578dace13af ,5745939909488241 ,16.060305 ,-3.5290532 ,-3.5817258 ,3 ,Acc ,1
3dd9e578dace13af ,5745940034094231 ,9.3421755 ,-3.0693667 ,-0.29209262 ,3 ,Acc ,1
3dd9e578dace13af ,5745940134800012 ,10.793061 ,-0.10534488 ,-3.9456444 ,3 ,Acc ,1
3dd9e578dace13af ,5745940249889908 ,10.994174 ,1.8722657 ,-3.0262709 ,3 ,Acc ,1
3dd9e578dace13af ,5745940353831106 ,11.702858 ,-2.1164744 ,-1.0247183 ,3 ,Acc ,1
3dd9e578dace13af ,5745940430693085 ,0.63671875 ,-0.18011475 ,0.72662354 ,3 ,Acc ,15
3dd9e578dace13af ,5745940469554647 ,10.022128 ,-3.8163576 ,1.1731589 ,3 ,Acc ,1
3dd9e578dace13af ,5745940572191887 ,8.623915 ,-4.7309427 ,1.7956513 ,3 ,Acc ,1
3dd9e578dace13af ,5745940673805064 ,11.554418 ,-8.0445175 ,3.5625722 ,3 ,Acc ,1
3dd9e578dace13af ,5745940775564595 ,17.357962 ,-7.656657 ,-1.6424223 ,3 ,Acc ,1
3dd9e578dace13af ,5745940874997668 ,15.030798 ,-1.388637 ,-3.4093432 ,3 ,Acc ,1
3dd9e578dace13af ,5745940994251158 ,10.127473 ,-1.0965444 ,-1.2737153 ,3 ,Acc ,1
3dd9e578dace13af ,5745941095374543 ,7.1826053 ,-0.79487497 ,-1.8866309 ,3 ,Acc ,1
3dd9e578dace13af ,5745941211191574 ,12.090718 ,-0.08619126 ,-3.596091 ,3 ,Acc ,1
3dd9e578dace13af ,5745941296071314 ,-1.2223755 ,0.25913087 ,-4.713208 ,3 ,Acc ,4
3dd9e578dace13af ,5745941311211626 ,14.226347 ,-4.3766007 ,-1.5035586 ,3 ,Acc ,1
3dd9e578dace13af ,5745941415909491 ,11.200075 ,-4.783615 ,0.4309563 ,3 ,Acc ,1
3dd9e578dace13af ,5745941535638241 ,8.916007 ,-4.999093 ,1.5370775 ,3 ,Acc ,1
3dd9e578dace13af ,5745941669399543 ,13.158532 ,-4.7165775 ,0.48362875 ,3 ,Acc ,1
3dd9e578dace13af ,5745941776747980 ,15.86398 ,-3.5194764 ,-3.8546648 ,3 ,Acc ,1
3dd9e578dace13af ,5745941892047251 ,9.131485 ,-1.9201498 ,-0.11971009 ,3 ,Acc ,1
3dd9e578dace13af ,5745941993450063 ,8.643068 ,-0.4261679 ,-1.8962077 ,3 ,Acc ,1
3dd9e578dace13af ,5745942096946157 ,10.524911 ,-0.10055647 ,-3.4572272 ,3 ,Acc ,1
3dd9e578dace13af ,5745942197076365 ,10.960655 ,-1.0965444 ,-1.7669208 ,3 ,Acc ,1
3dd9e578dace13af ,5745942314728032 ,13.01488 ,-3.1603463 ,0.19632454 ,3 ,Acc ,1
3dd9e578dace13af ,5745942417306678 ,7.6231384 ,-4.4484267 ,0.02873042 ,3 ,Acc ,1
3dd9e578dace13af ,5745942534632147 ,11.908759 ,-5.2289367 ,1.6376339 ,3 ,Acc ,1
3dd9e578dace13af ,5745942653416105 ,16.242264 ,-6.7947445 ,-0.4165911 ,3 ,Acc ,1
3dd9e578dace13af ,5745942776067199 ,15.203181 ,-0.8571242 ,-4.644751 ,3 ,Acc ,1
3dd9e578dace13af ,5745942896797928 ,11.391612 ,-1.8148049 ,-1.1540052 ,3 ,Acc ,1
3dd9e578dace13af ,5745942995799230 ,9.763555 ,0.56982 ,-2.767697 ,3 ,Acc ,1
3dd9e578dace13af ,5745943096376886 ,11.468226 ,-0.18674773 ,-1.4748282 ,3 ,Acc ,1
3dd9e578dace13af ,5745943199106261 ,12.607866 ,-2.992752 ,-0.5602432 ,3 ,Acc ,1
3dd9e578dace13af ,5745943316016990 ,9.586384 ,-3.7301662 ,-0.7278373 ,3 ,Acc ,1
3dd9e578dace13af ,5745943416401365 ,9.710882 ,-7.3310456 ,0.91458505 ,3 ,Acc ,1
3dd9e578dace13af ,5745943432766313 ,0.69537354 ,-0.08050537 ,0.6068115 ,3 ,Acc ,15
3dd9e578dace13af ,5745943517031625 ,11.990162 ,-6.0046577 ,0.29209262 ,3 ,Acc ,1
3dd9e578dace13af ,5745943618122198 ,17.51119 ,-5.90889 ,-0.56982 ,3 ,Acc ,1
3dd9e578dace13af ,5745943738662198 ,16.19917 ,-1.0534488 ,-3.9025488 ,3 ,Acc ,1
3dd9e578dace13af ,5745943860017719 ,8.221688 ,-0.7565677 ,-0.50757074 ,3 ,Acc ,1
3dd9e578dace13af ,5745943978583396 ,8.781932 ,1.1923125 ,-1.8004397 ,3 ,Acc ,1
3dd9e578dace13af ,5745944093348604 ,13.378799 ,-1.8052281 ,-0.7182605 ,3 ,Acc ,1
3dd9e578dace13af ,5745944198306990 ,15.634137 ,-3.964798 ,0.06703765 ,3 ,Acc ,1
3dd9e578dace13af ,5745944316490167 ,7.273585 ,-6.71813 ,-0.37828386 ,3 ,Acc ,1
3dd9e578dace13af ,5745944316490167 ,1.1979493 ,-0.8644776 ,-2.433069 ,3 ,Acc ,4
3dd9e578dace13af ,5745944436772250 ,11.190498 ,-7.062895 ,0.23463176 ,3 ,Acc ,1
3dd9e578dace13af ,5745944539565687 ,18.660408 ,-5.6215854 ,-0.93852705 ,3 ,Acc ,1
3dd9e578dace13af ,5745944659634073 ,14.173674 ,-1.3359646 ,-3.4045548 ,3 ,Acc ,1
3dd9e578dace13af ,5745944778291469 ,10.036493 ,-1.9488802 ,-4.084508 ,3 ,Acc ,1
3dd9e578dace13af ,5745944899887562 ,9.035717 ,2.8060043 ,-4.333505 ,3 ,Acc ,1
3dd9e578dace13af ,5745945000298864 ,13.962984 ,-1.4077905 ,-2.2457612 ,3 ,Acc ,1
3dd9e578dace13af ,5745945119089229 ,17.563864 ,-1.6089035 ,-0.48362875 ,3 ,Acc ,1
3dd9e578dace13af ,5745945220316000 ,5.837064 ,-6.7468605 ,-0.4213795 ,3 ,Acc ,1
3dd9e578dace13af ,5745945337429437 ,8.571242 ,-5.6551046 ,0.90500826 ,3 ,Acc ,1
3dd9e578dace13af ,5745945456049281 ,19.177555 ,-5.693412 ,-1.9680338 ,3 ,Acc ,1
3dd9e578dace13af ,5745945578363656 ,15.524004 ,-2.7102363 ,-2.791639 ,3 ,Acc ,1
3dd9e578dace13af ,5745945698525635 ,12.933477 ,-1.1204864 ,-1.541866 ,3 ,Acc ,1
3dd9e578dace13af ,5745945798344906 ,8.346188 ,4.0318356 ,-2.6671407 ,3 ,Acc ,1
3dd9e578dace13af ,5745945919291624 ,13.996503 ,0.545878 ,-3.667917 ,3 ,Acc ,1
3dd9e578dace13af ,5745946036199801 ,17.525557 ,-1.6950948 ,-1.6663644 ,3 ,Acc ,1
3dd9e578dace13af ,5745946140393031 ,7.920019 ,-8.111555 ,0.58897364 ,3 ,Acc ,1
3dd9e578dace13af ,5745946256619489 ,10.730812 ,-2.327164 ,0.9624691 ,3 ,Acc ,1
3dd9e578dace13af ,5745946358647562 ,15.50485 ,-6.895301 ,-0.7422025 ,3 ,Acc ,1
3dd9e578dace13af ,5745946438347614 ,0.72802734 ,-0.10852051 ,0.58270264 ,3 ,Acc ,15
3dd9e578dace13af ,5745946476208083 ,14.767436 ,-1.091756 ,-2.9640217 ,3 ,Acc ,1
3dd9e578dace13af ,5745946581736937 ,13.876793 ,-2.0638018 ,-1.2401965 ,3 ,Acc ,1
3dd9e578dace13af ,5745946697377666 ,10.481815 ,1.0869676 ,-2.7006595 ,3 ,Acc ,1
3dd9e578dace13af ,5745946818501520 ,9.581595 ,1.3311762 ,-3.1842883 ,3 ,Acc ,1
3dd9e578dace13af ,5745946918187301 ,13.268666 ,-3.4141316 ,0.6943185 ,3 ,Acc ,1
3dd9e578dace13af ,5745947022253082 ,17.041927 ,0.04309563 ,-1.4221559 ,3 ,Acc ,1
3dd9e578dace13af ,5745947123432145 ,7.73806 ,-3.2034419 ,-0.9576807 ,3 ,Acc ,1
3dd9e578dace13af ,5745947238363655 ,11.305421 ,-6.172252 ,1.3934253 ,3 ,Acc ,1
3dd9e578dace13af ,5745947322019384 ,1.3211426 ,-0.6531372 ,0.07965088 ,3 ,Acc ,4
3dd9e578dace13af ,5745947358928447 ,18.315643 ,-6.1004257 ,-1.8914193 ,3 ,Acc ,1
3dd9e578dace13af ,5745947462620426 ,16.127342 ,0.8571242 ,-3.9360676 ,3 ,Acc ,1
3dd9e578dace13af ,5745947580843707 ,11.540052 ,-2.1452048 ,-1.1348516 ,3 ,Acc ,1
3dd9e578dace13af ,5745947702933499 ,8.250419 ,0.7757214 ,-1.6184803 ,3 ,Acc ,1
3dd9e578dace13af ,5745947820680634 ,9.222465 ,-0.49320555 ,0.18674773 ,3 ,Acc ,1
3dd9e578dace13af ,5745947922478759 ,16.409859 ,-3.7014358 ,-1.0295067 ,3 ,Acc ,1
3dd9e578dace13af ,5745948023259124 ,8.42759 ,-6.799533 ,0.48362875 ,3 ,Acc ,1
3dd9e578dace13af ,5745948138719332 ,9.112331 ,-4.343082 ,-1.115698 ,3 ,Acc ,1
3dd9e578dace13af ,5745948242859124 ,9.993398 ,-6.14831 ,-0.0047884034 ,3 ,Acc ,1
3dd9e578dace13af ,5745948343552092 ,16.634912 ,-7.7428484 ,0.0047884034 ,3 ,Acc ,1
3dd9e578dace13af ,5745948458355998 ,15.509639 ,-0.59855044 ,-3.0933087 ,3 ,Acc ,1
3dd9e578dace13af ,5745948579614957 ,9.734824 ,-1.2737153 ,0.59855044 ,3 ,Acc ,1
3dd9e578dace13af ,5745948708522196 ,8.0684595 ,-0.8571242 ,-0.50757074 ,3 ,Acc ,1
3dd9e578dace13af ,5745948823885477 ,10.692505 ,-2.8682537 ,-1.508347 ,3 ,Acc ,1
3dd9e578dace13af ,5745948923846884 ,10.649409 ,-10.055647 ,-2.078167 ,3 ,Acc ,1
3dd9e578dace13af ,5745949024319644 ,2.0254946 ,-4.9176903 ,1.982399 ,3 ,Acc ,1
3dd9e578dace13af ,5745949140263446 ,8.001422 ,-5.386954 ,-0.11971009 ,3 ,Acc ,1
3dd9e578dace13af ,5745949241770321 ,10.424355 ,-6.6989765 ,-0.1388637 ,3 ,Acc ,1
3dd9e578dace13af ,5745949364028446 ,14.609419 ,-8.676587 ,-0.7038953 ,3 ,Acc ,1
3dd9e578dace13af ,5745949443287248 ,0.40441895 ,-0.62091064 ,0.6229248 ,3 ,Acc ,15
3dd9e578dace13af ,5745950019539227 ,8.494628 ,-4.4340615 ,0.9672575 ,3 ,Acc ,1
3dd9e578dace13af ,5745950123755789 ,4.7070007 ,-1.661576 ,1.0534488 ,3 ,Acc ,1
3dd9e578dace13af ,5745950223475529 ,9.169792 ,-4.295198 ,0.8714894 ,3 ,Acc ,1
3dd9e578dace13af ,5745950323830216 ,13.627796 ,-4.247314 ,0.7613561 ,3 ,Acc ,1
3dd9e578dace13af ,5745950323830216 ,1.2945923 ,-0.73703617 ,-0.026550293 ,3 ,Acc ,4
3dd9e578dace13af ,5745950445421935 ,13.9438305 ,-1.8866309 ,-1.8339585 ,3 ,Acc ,1
3dd9e578dace13af ,5745950543975633 ,10.103531 ,-0.8619126 ,-2.3798366 ,3 ,Acc ,1
3dd9e578dace13af ,5745950661442300 ,7.3645644 ,-2.3942018 ,-0.90979666 ,3 ,Acc ,1
3dd9e578dace13af ,5745950765732404 ,8.039729 ,-1.3694834 ,-1.2162545 ,3 ,Acc ,1
3dd9e578dace13af ,5745950865463237 ,10.869676 ,-0.5363012 ,-1.2593501 ,3 ,Acc ,1
3dd9e578dace13af ,5745950980994435 ,13.88637 ,-4.3766007 ,-0.33039984 ,3 ,Acc ,1
3dd9e578dace13af ,5745951106607977 ,6.4260373 ,-3.4859576 ,-0.4213795 ,3 ,Acc ,1
3dd9e578dace13af ,5745951223046466 ,9.030929 ,-4.0414124 ,0.79487497 ,3 ,Acc ,1
3dd9e578dace13af ,5745951346839226 ,15.873557 ,-6.2105594 ,-0.5746084 ,3 ,Acc ,1
3dd9e578dace13af ,5745951466753341 ,12.253524 ,-1.9057846 ,-2.3989902 ,3 ,Acc ,1
3dd9e578dace13af ,5745951566387299 ,9.998186 ,-1.8052281 ,-0.8858546 ,3 ,Acc ,1
3dd9e578dace13af ,5745951667269539 ,9.11712 ,-2.4947581 ,-1.388637 ,3 ,Acc ,1
3dd9e578dace13af ,5745951786134070 ,8.882488 ,-3.3758245 ,-1.412579 ,3 ,Acc ,1
3dd9e578dace13af ,5745951886063028 ,9.548077 ,-3.9552212 ,0.5363012 ,3 ,Acc ,1
3dd9e578dace13af ,5745951987550476 ,10.769119 ,-5.841852 ,2.3750482 ,3 ,Acc ,1
3dd9e578dace13af ,5745952107681830 ,3.8738184 ,-4.88896 ,3.1794999 ,3 ,Acc ,1
3dd9e578dace13af ,5745952226281153 ,3.8307228 ,-8.595184 ,2.906561 ,3 ,Acc ,1
3dd9e578dace13af ,5745952344409018 ,7.2113357 ,-8.686164 ,3.5529952 ,3 ,Acc ,1
3dd9e578dace13af ,5745952465420268 ,0.21118164 ,-0.5753174 ,0.73968506 ,3 ,Acc ,15
3dd9e578dace13af ,5745952466052924 ,11.918336 ,-10.831368 ,1.5035586 ,3 ,Acc ,1
3dd9e578dace13af ,5745952568102195 ,5.7029886 ,-5.4300494 ,1.3790601 ,3 ,Acc ,1
3dd9e578dace13af ,5745952686388601 ,5.410896 ,-4.697424 ,0.47405192 ,3 ,Acc ,1
3dd9e578dace13af ,5745952786417559 ,7.311892 ,-4.2664676 ,1.13964 ,3 ,Acc ,1
3dd9e578dace13af ,5745952908520840 ,8.475474 ,-2.3750482 ,1.3359646 ,3 ,Acc ,1
3dd9e578dace13af ,5745953010112195 ,12.631808 ,-5.473145 ,2.183512 ,3 ,Acc ,1
3dd9e578dace13af ,5745953124047507 ,13.651738 ,-2.9831753 ,-1.340753 ,3 ,Acc ,1
3dd9e578dace13af ,5745953228867038 ,6.8330517 ,-4.1659107 ,-0.41180268 ,3 ,Acc ,1
3dd9e578dace13af ,5745953326802976 ,0.42268068 ,-0.6510132 ,-0.46622315 ,3 ,Acc ,4
3dd9e578dace13af ,5745953343965424 ,8.513782 ,-4.3766007 ,0.36870706 ,3 ,Acc ,1
3dd9e578dace13af ,5745953443615163 ,9.591172 ,-4.5441947 ,1.316811 ,3 ,Acc ,1
3dd9e578dace13af ,5745953548740528 ,17.48246 ,-3.2848446 ,-0.7422025 ,3 ,Acc ,1
3dd9e578dace13af ,5745953647645424 ,13.474567 ,-1.3742718 ,-2.4612393 ,3 ,Acc ,1
3dd9e578dace13af ,5745953766323132 ,9.610326 ,-2.858677 ,0.0047884034 ,3 ,Acc ,1
3dd9e578dace13af ,5745953886772559 ,8.293514 ,-1.5227122 ,-1.1683705 ,3 ,Acc ,1
3dd9e578dace13af ,5745953989343548 ,7.651869 ,-1.9153614 ,-0.17717093 ,3 ,Acc ,1
3dd9e578dace13af ,5745954107020632 ,10.888829 ,-3.0933087 ,1.340753 ,3 ,Acc ,1
3dd9e578dace13af ,5745954211021621 ,11.832145 ,-3.5098996 ,3.6583402 ,3 ,Acc ,1
3dd9e578dace13af ,5745954324943496 ,10.860099 ,-0.7134721 ,3.0597897 ,3 ,Acc ,1
3dd9e578dace13af ,5745954430263027 ,7.517793 ,-2.231396 ,2.1068976 ,3 ,Acc ,1
3dd9e578dace13af ,5745954529850423 ,8.676587 ,-2.5139117 ,2.6384103 ,3 ,Acc ,1
3dd9e578dace13af ,5745954646136569 ,8.743625 ,-1.3120226 ,1.70946 ,3 ,Acc ,1
3dd9e578dace13af ,5745954766206621 ,8.379706 ,-1.0199299 ,1.661576 ,3 ,Acc ,1
3dd9e578dace13af ,5745954864840944 ,10.070012 ,-1.9249382 ,1.2449849 ,3 ,Acc ,1
3dd9e578dace13af ,5745954968259069 ,9.260772 ,-4.3143516 ,-0.58897364 ,3 ,Acc ,1
3dd9e578dace13af ,5745955076530631 ,11.080365 ,-5.7365074 ,-3.2130187 ,3 ,Acc ,1
3dd9e578dace13af ,5745955185245840 ,9.706094 ,-8.552089 ,-1.7956513 ,3 ,Acc ,1
3dd9e578dace13af ,5745955287072454 ,8.451532 ,-9.030929 ,-1.70946 ,3 ,Acc ,1
3dd9e578dace13af ,5745955388256308 ,6.0381765 ,-7.28795 ,-0.24420857 ,3 ,Acc ,1
3dd9e578dace13af ,5745955469476204 ,0.49353027 ,-0.3809204 ,0.5602417 ,3 ,Acc ,15
3dd9e578dace13af ,5745955505556673 ,3.442862 ,-7.4746976 ,-1.3024458 ,3 ,Acc ,1
3dd9e578dace13af ,5745955610850944 ,1.5562311 ,-8.24563 ,-1.6711528 ,3 ,Acc ,1
3dd9e578dace13af ,5745955711762141 ,1.4077905 ,-9.361329 ,-1.4173675 ,3 ,Acc ,1
3dd9e578dace13af ,5745955827006152 ,1.6328455 ,-8.963891 ,-1.6567876 ,3 ,Acc ,1
3dd9e578dace13af ,5745955927645371 ,2.5378537 ,-9.940725 ,-1.3790601 ,3 ,Acc ,1
3dd9e578dace13af ,5745956031289589 ,2.2218192 ,-8.882488 ,-3.1124623 ,3 ,Acc ,1
3dd9e578dace13af ,5745956147624693 ,2.9640217 ,-9.102755 ,-4.8027687 ,3 ,Acc ,1
3dd9e578dace13af ,5745956266786360 ,1.2545617 ,-8.255207 ,-5.463568 ,3 ,Acc ,1
3dd9e578dace13af ,5745956348535058 ,0.86978763 ,-0.39188233 ,0.5097656 ,3 ,Acc ,4
3dd9e578dace13af ,5745956387246256 ,1.5897499 ,-8.7532015 ,-4.630386 ,3 ,Acc ,1
3dd9e578dace13af ,5745956487098079 ,0.90979666 ,-9.337387 ,-4.012682 ,3 ,Acc ,1
3dd9e578dace13af ,5745956588514849 ,1.7286136 ,-8.939949 ,-4.7405195 ,3 ,Acc ,1
3dd9e578dace13af ,5745956692181308 ,1.436521 ,-9.514558 ,-2.4037786 ,3 ,Acc ,1
3dd9e578dace13af ,5745956808528964 ,0.79008657 ,-9.821015 ,-2.944868 ,3 ,Acc ,1
3dd9e578dace13af ,5745956908765787 ,0.5315128 ,-10.204087 ,-2.2457612 ,3 ,Acc ,1
3dd9e578dace13af ,5745957010621151 ,-0.14844051 ,-9.935937 ,-0.8762778 ,3 ,Acc ,1
3dd9e578dace13af ,5745957113105943 ,-0.4309563 ,-9.390059 ,-0.090979666 ,3 ,Acc ,1
3dd9e578dace13af ,5745957231988287 ,-0.4405331 ,-10.199299 ,-0.62249243 ,3 ,Acc ,1
3dd9e578dace13af ,5745957353939485 ,-0.5650316 ,-9.433155 ,0.40222588 ,3 ,Acc ,1
3dd9e578dace13af ,5745957469368547 ,-0.545878 ,-9.835381 ,0.44532153 ,3 ,Acc ,1
3dd9e578dace13af ,5745957593732505 ,-0.641646 ,-9.801862 ,0.019153614 ,3 ,Acc ,1
3dd9e578dace13af ,5745957711845214 ,-0.21547815 ,-9.131485 ,-0.48362875 ,3 ,Acc ,1
3dd9e578dace13af ,5745957812707141 ,-0.110133275 ,-10.0748005 ,-1.0534488 ,3 ,Acc ,1
3dd9e578dace13af ,5745957913971984 ,-0.10534488 ,-9.648633 ,-1.8004397 ,3 ,Acc ,1
3dd9e578dace13af ,5745958034063130 ,0.23463176 ,-10.0508585 ,-1.661576 ,3 ,Acc ,1
3dd9e578dace13af ,5745958131349432 ,0.4261679 ,-9.442732 ,-1.0965444 ,3 ,Acc ,1
