3dd9e578dace13af ,1959399921635 ,0.32354736 ,-0.171875 ,-0.053344727 ,3 ,Acc ,15
3dd9e578dace13af ,1959611533667 ,0.36358643 ,-0.12573242 ,-0.20733643 ,3 ,Acc ,15
3dd9e578dace13af ,1959732159031 ,0.41430664 ,-0.07537842 ,-0.20513916 ,3 ,Acc ,15
3dd9e578dace13af ,1959832712729 ,0.49743652 ,0.0690918 ,-0.13647461 ,3 ,Acc ,15
3dd9e578dace13af ,1959932450854 ,0.5484619 ,0.24938965 ,-0.045837402 ,3 ,Acc ,15
3dd9e578dace13af ,1960037830229 ,0.635376 ,0.29315186 ,-0.046020508 ,3 ,Acc ,15
3dd9e578dace13af ,1960137174083 ,0.6300049 ,0.2310791 ,-0.14733887 ,3 ,Acc ,15
3dd9e578dace13af ,1960237729552 ,0.63079834 ,0.19482422 ,-0.21917725 ,3 ,Acc ,15
3dd9e578dace13af ,1960337573198 ,0.5675659 ,0.20751953 ,-0.23791504 ,3 ,Acc ,15
3dd9e578dace13af ,1960438310385 ,0.45599365 ,0.3031006 ,-0.16851807 ,3 ,Acc ,15
3dd9e578dace13af ,1960558302052 ,0.36047363 ,0.49829102 ,-0.010986328 ,3 ,Acc ,15
3dd9e578dace13af ,1960678524291 ,0.2789917 ,0.65197754 ,0.07885742 ,3 ,Acc ,15
3dd9e578dace13af ,1960798530541 ,0.33129883 ,0.66571045 ,0.14709473 ,3 ,Acc ,15
3dd9e578dace13af ,1960918794656 ,0.32122803 ,0.67944336 ,0.13775635 ,3 ,Acc ,15
3dd9e578dace13af ,1961019764447 ,0.31500244 ,0.6517334 ,0.051208496 ,3 ,Acc ,15
3dd9e578dace13af ,1961119048354 ,0.3355713 ,0.55303955 ,-0.051818848 ,3 ,Acc ,15
3dd9e578dace13af ,1961220013197 ,0.3887329 ,0.43041992 ,-0.1541748 ,3 ,Acc ,15
3dd9e578dace13af ,1961338935176 ,0.49627686 ,0.31481934 ,-0.237854 ,3 ,Acc ,15
3dd9e578dace13af ,1961439433666 ,0.5305176 ,0.305542 ,-0.22131348 ,3 ,Acc ,15
3dd9e578dace13af ,1961559491791 ,0.5423584 ,0.43823242 ,-0.04937744 ,3 ,Acc ,15
3dd9e578dace13af ,1961679513353 ,0.48486328 ,0.53009033 ,0.08123779 ,3 ,Acc ,15
3dd9e578dace13af ,1961799718666 ,0.47961426 ,0.5772095 ,0.19158936 ,3 ,Acc ,15
3dd9e578dace13af ,1961899083509 ,0.4276123 ,0.6386719 ,0.17926025 ,3 ,Acc ,15
3dd9e578dace13af ,1961999800593 ,0.39038086 ,0.6385498 ,0.09277344 ,3 ,Acc ,15
3dd9e578dace13af ,1962099312884 ,0.4290161 ,0.5482178 ,0.010803223 ,3 ,Acc ,15
3dd9e578dace13af ,1962199744551 ,0.45410156 ,0.4295044 ,-0.08135986 ,3 ,Acc ,15
3dd9e578dace13af ,1962299483145 ,0.48114014 ,0.31158447 ,-0.15429688 ,3 ,Acc ,15
3dd9e578dace13af ,1962399700332 ,0.5298462 ,0.24365234 ,-0.15783691 ,3 ,Acc ,15
3dd9e578dace13af ,1962413456582 ,7.8988647 ,8.565567 ,-4.803177 ,0 ,Acc ,10
3dd9e578dace13af ,1962520314186 ,0.5687256 ,0.33776855 ,-0.066833496 ,3 ,Acc ,15
3dd9e578dace13af ,1962621521426 ,0.42315674 ,0.52783203 ,-0.03942871 ,3 ,Acc ,15
3dd9e578dace13af ,1962739995697 ,0.33514404 ,0.6709595 ,0.042785645 ,3 ,Acc ,15
3dd9e578dace13af ,1962840965280 ,0.30010986 ,0.7255249 ,0.05670166 ,3 ,Acc ,15
3dd9e578dace13af ,1962957036999 ,0.2855835 ,0.7178955 ,-0.017822266 ,3 ,Acc ,15
3dd9e578dace13af ,1963277548561 ,0.52911377 ,0.30200195 ,-0.19921875 ,3 ,Acc ,15
3dd9e578dace13af ,1963400419759 ,0.54541016 ,0.25628662 ,-0.21099854 ,3 ,Acc ,15
3dd9e578dace13af ,1963516197780 ,0.53186035 ,0.39001465 ,-0.11999512 ,3 ,Acc ,15
3dd9e578dace13af ,1963622606738 ,0.347229 ,0.5668335 ,-0.115478516 ,3 ,Acc ,15
3dd9e578dace13af ,1963741095228 ,0.2734375 ,0.68914795 ,-0.062316895 ,3 ,Acc ,15
3dd9e578dace13af ,1963841924655 ,0.24804688 ,0.72161865 ,-0.055358887 ,3 ,Acc ,15
3dd9e578dace13af ,1963962055384 ,0.26135254 ,0.6862793 ,-0.088256836 ,3 ,Acc ,15
3dd9e578dace13af ,1964082070227 ,0.33843994 ,0.567688 ,-0.17749023 ,3 ,Acc ,15
3dd9e578dace13af ,1964202149238 ,0.36090088 ,0.43566895 ,-0.305542 ,3 ,Acc ,15
3dd9e578dace13af ,1964322339654 ,0.35845947 ,0.32110596 ,-0.38165283 ,3 ,Acc ,15
3dd9e578dace13af ,1964423490331 ,0.4204712 ,0.29943848 ,-0.3583374 ,3 ,Acc ,15
3dd9e578dace13af ,1964522932727 ,0.45025635 ,0.3824463 ,-0.30340576 ,3 ,Acc ,15
3dd9e578dace13af ,1964623638300 ,0.2904663 ,0.48339844 ,-0.32055664 ,3 ,Acc ,15
3dd9e578dace13af ,1964741985123 ,0.19573975 ,0.6017456 ,-0.27520752 ,3 ,Acc ,15
3dd9e578dace13af ,1964842991842 ,0.103271484 ,0.65374756 ,-0.2692871 ,3 ,Acc ,15
3dd9e578dace13af ,1964963026842 ,0.07348633 ,0.6312866 ,-0.30773926 ,3 ,Acc ,15
3dd9e578dace13af ,1965083325435 ,0.11816406 ,0.520874 ,-0.37445068 ,3 ,Acc ,15
3dd9e578dace13af ,1965203324602 ,0.24407959 ,0.40161133 ,-0.42858887 ,3 ,Acc ,15
3dd9e578dace13af ,1965323505487 ,0.36834717 ,0.30413818 ,-0.46484375 ,3 ,Acc ,15
3dd9e578dace13af ,1965418935123 ,7.8708496 ,7.498062 ,-5.158249 ,0 ,Acc ,10
3dd9e578dace13af ,1965438560123 ,0.44335938 ,0.34094238 ,-0.4152832 ,3 ,Acc ,15
3dd9e578dace13af ,1965539474289 ,0.29937744 ,0.46588135 ,-0.3876953 ,3 ,Acc ,15
3dd9e578dace13af ,1965643863612 ,0.109436035 ,0.5614624 ,-0.3748169 ,3 ,Acc ,15
3dd9e578dace13af ,1965763884758 ,0.05847168 ,0.64508057 ,-0.31970215 ,3 ,Acc ,15
3dd9e578dace13af ,1965881802466 ,0.023498535 ,0.6359253 ,-0.35687256 ,3 ,Acc ,15
3dd9e578dace13af ,1965983528039 ,0.10211182 ,0.53564453 ,-0.40960693 ,3 ,Acc ,15
3dd9e578dace13af ,1966084247935 ,0.25805664 ,0.41253662 ,-0.45263672 ,3 ,Acc ,15
3dd9e578dace13af ,1966204510695 ,0.40942383 ,0.29595947 ,-0.526001 ,3 ,Acc ,15
3dd9e578dace13af ,1966303851320 ,0.4625244 ,0.22229004 ,-0.55145264 ,3 ,Acc ,15
3dd9e578dace13af ,1966404635279 ,0.48461914 ,0.31359863 ,-0.48309326 ,3 ,Acc ,15
3dd9e578dace13af ,1966504146372 ,0.27960205 ,0.46502686 ,-0.43499756 ,3 ,Acc ,15
3dd9e578dace13af ,1966605027779 ,0.1673584 ,0.56866455 ,-0.3447876 ,3 ,Acc ,15
3dd9e578dace13af ,1966724957622 ,0.2600708 ,0.63897705 ,-0.22235107 ,3 ,Acc ,15
3dd9e578dace13af ,1966825256424 ,0.17163086 ,0.6298828 ,-0.2753296 ,3 ,Acc ,15
3dd9e578dace13af ,1966925391893 ,0.14129639 ,0.5444946 ,-0.39520264 ,3 ,Acc ,15
3dd9e578dace13af ,1967026275955 ,0.22576904 ,0.42010498 ,-0.49206543 ,3 ,Acc ,15
3dd9e578dace13af ,1967144796841 ,0.37646484 ,0.29278564 ,-0.5749512 ,3 ,Acc ,15
3dd9e578dace13af ,1967245611841 ,0.4482422 ,0.19995117 ,-0.61016846 ,3 ,Acc ,15
3dd9e578dace13af ,1967345024237 ,0.48376465 ,0.24749756 ,-0.571228 ,3 ,Acc ,15
3dd9e578dace13af ,1967445738924 ,0.35394287 ,0.40753174 ,-0.5097046 ,3 ,Acc ,15
3dd9e578dace13af ,1967545207830 ,0.12524414 ,0.5081787 ,-0.46246338 ,3 ,Acc ,15
3dd9e578dace13af ,1967645986059 ,0.15014648 ,0.6091919 ,-0.37054443 ,3 ,Acc ,15
3dd9e578dace13af ,1967766108768 ,0.09503174 ,0.642334 ,-0.36968994 ,3 ,Acc ,15
3dd9e578dace13af ,1967883250382 ,0.084472656 ,0.57037354 ,-0.44348145 ,3 ,Acc ,15
3dd9e578dace13af ,1967985623038 ,0.25701904 ,0.4524536 ,-0.5013428 ,3 ,Acc ,15
3dd9e578dace13af ,1968086483768 ,0.40222168 ,0.3347168 ,-0.56329346 ,3 ,Acc ,15
3dd9e578dace13af ,1968188792622 ,0.463562 ,0.21923828 ,-0.6210327 ,3 ,Acc ,15
3dd9e578dace13af ,1968306049497 ,0.5247803 ,0.21936035 ,-0.5944824 ,3 ,Acc ,15
3dd9e578dace13af ,1968406754549 ,0.4420166 ,0.37634277 ,-0.5339966 ,3 ,Acc ,15
3dd9e578dace13af ,1968420802622 ,10.546173 ,3.9121857 ,-0.95651245 ,0 ,Acc ,10
3dd9e578dace13af ,1968521170122 ,0.16394043 ,0.48968506 ,-0.5026245 ,3 ,Acc ,15
3dd9e578dace13af ,1968624613767 ,0.17901611 ,0.5838623 ,-0.4319458 ,3 ,Acc ,15
3dd9e578dace13af ,1968727190121 ,0.12506104 ,0.6185913 ,-0.42004395 ,3 ,Acc ,15
3dd9e578dace13af ,1968826743819 ,0.07977295 ,0.5874634 ,-0.46484375 ,3 ,Acc ,15
3dd9e578dace13af ,1968927397882 ,0.20562744 ,0.49389648 ,-0.510437 ,3 ,Acc ,15
3dd9e578dace13af ,1969028436007 ,0.38165283 ,0.39831543 ,-0.55548096 ,3 ,Acc ,15
3dd9e578dace13af ,1969148759340 ,0.47857666 ,0.27685547 ,-0.63409424 ,3 ,Acc ,15
3dd9e578dace13af ,1969267032673 ,0.5131836 ,0.27227783 ,-0.6140137 ,3 ,Acc ,15
3dd9e578dace13af ,1969367835069 ,0.41601563 ,0.4091797 ,-0.55255127 ,3 ,Acc ,15
3dd9e578dace13af ,1969469102673 ,0.19189453 ,0.4837036 ,-0.5313721 ,3 ,Acc ,15
3dd9e578dace13af ,1969587342882 ,0.2199707 ,0.57928467 ,-0.4312744 ,3 ,Acc ,15
3dd9e578dace13af ,1969708413715 ,0.17376709 ,0.59454346 ,-0.4352417 ,3 ,Acc ,15
3dd9e578dace13af ,1969808362673 ,0.15612793 ,0.54089355 ,-0.50671387 ,3 ,Acc ,15
3dd9e578dace13af ,1969928388975 ,0.24841309 ,0.39801025 ,-0.6151123 ,3 ,Acc ,15
3dd9e578dace13af ,1970030915225 ,0.34649658 ,0.27337646 ,-0.6814575 ,3 ,Acc ,15
3dd9e578dace13af ,1970123016006 ,0.4621582 ,0.1930542 ,-0.68603516 ,3 ,Acc ,15
3dd9e578dace13af ,1970245063402 ,0.5449219 ,0.25891113 ,-0.61499023 ,3 ,Acc ,15
3dd9e578dace13af ,1970349062673 ,0.3899536 ,0.38293457 ,-0.59832764 ,3 ,Acc ,15
3dd9e578dace13af ,1970449092204 ,0.20275879 ,0.4841919 ,-0.55548096 ,3 ,Acc ,15
3dd9e578dace13af ,1970569062048 ,0.15551758 ,0.58532715 ,-0.48443604 ,3 ,Acc ,15
3dd9e578dace13af ,1970672885069 ,0.117248535 ,0.58239746 ,-0.522522 ,3 ,Acc ,15
3dd9e578dace13af ,1970788726110 ,0.17565918 ,0.484375 ,-0.6005249 ,3 ,Acc ,15
3dd9e578dace13af ,1970908833975 ,0.36914063 ,0.35284424 ,-0.6348877 ,3 ,Acc ,15
3dd9e578dace13af ,1971009913662 ,0.48669434 ,0.2592163 ,-0.6709595 ,3 ,Acc ,15
3dd9e578dace13af ,1971129749912 ,0.54333496 ,0.16748047 ,-0.680542 ,3 ,Acc ,15
3dd9e578dace13af ,1971230816527 ,0.56085205 ,0.2711792 ,-0.61883545 ,3 ,Acc ,15
3dd9e578dace13af ,1971330028714 ,0.3885498 ,0.42785645 ,-0.58392334 ,3 ,Acc ,15
3dd9e578dace13af ,1971431059391 ,0.16473389 ,0.50061035 ,-0.56536865 ,3 ,Acc ,15
3dd9e578dace13af ,1971427744183 ,7.1342316 ,8.074249 ,-3.500885 ,0 ,Acc ,10
3dd9e578dace13af ,1971545841475 ,0.18353271 ,0.5916748 ,-0.5276489 ,3 ,Acc ,15
3dd9e578dace13af ,1971669636214 ,0.13665771 ,0.5773926 ,-0.5643921 ,3 ,Acc ,15
3dd9e578dace13af ,1971769703818 ,0.16741943 ,0.5018921 ,-0.5997925 ,3 ,Acc ,15
3dd9e578dace13af ,1971869631891 ,0.35144043 ,0.40777588 ,-0.6295166 ,3 ,Acc ,15
3dd9e578dace13af ,1971989993297 ,0.513855 ,0.26818848 ,-0.68200684 ,3 ,Acc ,15
3dd9e578dace13af ,1972110119912 ,0.57110596 ,0.16363525 ,-0.6949463 ,3 ,Acc ,15
3dd9e578dace13af ,1972230719547 ,0.5696411 ,0.27856445 ,-0.6317749 ,3 ,Acc ,15
3dd9e578dace13af ,1972330297828 ,0.3881836 ,0.42926025 ,-0.6029053 ,3 ,Acc ,15
3dd9e578dace13af ,1972432128818 ,0.23046875 ,0.53479004 ,-0.5506592 ,3 ,Acc ,15
3dd9e578dace13af ,1972550621787 ,0.21533203 ,0.61590576 ,-0.48028564 ,3 ,Acc ,15
3dd9e578dace13af ,1972650411839 ,0.17199707 ,0.59246826 ,-0.5333252 ,3 ,Acc ,15
3dd9e578dace13af ,1972771575901 ,0.27349854 ,0.47857666 ,-0.6156616 ,3 ,Acc ,15
3dd9e578dace13af ,1972891555953 ,0.4649048 ,0.3307495 ,-0.6777344 ,3 ,Acc ,15
3dd9e578dace13af ,1972991041943 ,0.5461426 ,0.20489502 ,-0.7227173 ,3 ,Acc ,15
3dd9e578dace13af ,1973110497880 ,0.5918579 ,0.1564331 ,-0.71417236 ,3 ,Acc ,15
3dd9e578dace13af ,1973211099599 ,0.5460205 ,0.28808594 ,-0.6673584 ,3 ,Acc ,15
3dd9e578dace13af ,1973311102203 ,0.33563232 ,0.41778564 ,-0.6454468 ,3 ,Acc ,15
3dd9e578dace13af ,1973412277672 ,0.2321167 ,0.50860596 ,-0.5845337 ,3 ,Acc ,15
3dd9e578dace13af ,1973532340015 ,0.24536133 ,0.5880127 ,-0.53222656 ,3 ,Acc ,15
3dd9e578dace13af ,1973633494390 ,0.1673584 ,0.55963135 ,-0.5722046 ,3 ,Acc ,15
3dd9e578dace13af ,1973751888036 ,0.25360107 ,0.4736328 ,-0.6427002 ,3 ,Acc ,15
3dd9e578dace13af ,1973852683297 ,0.40808105 ,0.34143066 ,-0.69958496 ,3 ,Acc ,15
3dd9e578dace13af ,1973952127776 ,0.48986816 ,0.20391846 ,-0.74432373 ,3 ,Acc ,15
3dd9e578dace13af ,1974052934859 ,0.5564575 ,0.125 ,-0.74108887 ,3 ,Acc ,15
3dd9e578dace13af ,1974173022255 ,0.59680176 ,0.21862793 ,-0.6789551 ,3 ,Acc ,15
3dd9e578dace13af ,1974288730953 ,0.3751831 ,0.39471436 ,-0.6679077 ,3 ,Acc ,15
3dd9e578dace13af ,1974392581994 ,0.25256348 ,0.4822998 ,-0.61938477 ,3 ,Acc ,15
3dd9e578dace13af ,1974429995328 ,7.6799164 ,6.566208 ,-0.6788025 ,0 ,Acc ,10
3dd9e578dace13af ,1974506978192 ,0.29309082 ,0.57928467 ,-0.54089355 ,3 ,Acc ,15
3dd9e578dace13af ,1974613052203 ,0.23382568 ,0.5615845 ,-0.56848145 ,3 ,Acc ,15
3dd9e578dace13af ,1974712916265 ,0.28216553 ,0.49951172 ,-0.62872314 ,3 ,Acc ,15
3dd9e578dace13af ,1974813659963 ,0.40856934 ,0.3982544 ,-0.6879883 ,3 ,Acc ,15
3dd9e578dace13af ,1974933935015 ,0.5048828 ,0.25323486 ,-0.74645996 ,3 ,Acc ,15
3dd9e578dace13af ,1975034975275 ,0.557312 ,0.18554688 ,-0.7548218 ,3 ,Acc ,15
3dd9e578dace13af ,1975153461994 ,0.56414795 ,0.28771973 ,-0.7091675 ,3 ,Acc ,15
3dd9e578dace13af ,1975253603556 ,0.40393066 ,0.38464355 ,-0.70806885 ,3 ,Acc ,15
3dd9e578dace13af ,1975353657984 ,0.258667 ,0.45587158 ,-0.68078613 ,3 ,Acc ,15
3dd9e578dace13af ,1975454087775 ,0.23919678 ,0.53149414 ,-0.6350708 ,3 ,Acc ,15
3dd9e578dace13af ,1975553959338 ,0.22784424 ,0.56555176 ,-0.6265259 ,3 ,Acc ,15
3dd9e578dace13af ,1975654715692 ,0.22192383 ,0.5321655 ,-0.66033936 ,3 ,Acc ,15
3dd9e578dace13af ,1975754103452 ,0.30743408 ,0.4362793 ,-0.710022 ,3 ,Acc ,15
3dd9e578dace13af ,1975854814390 ,0.45367432 ,0.33654785 ,-0.7300415 ,3 ,Acc ,15
3dd9e578dace13af ,1975975094806 ,0.55529785 ,0.21679688 ,-0.7492676 ,3 ,Acc ,15
3dd9e578dace13af ,1976095123764 ,0.61187744 ,0.19470215 ,-0.72424316 ,3 ,Acc ,15
3dd9e578dace13af ,1976215351629 ,0.53796387 ,0.3581543 ,-0.6848755 ,3 ,Acc ,15
3dd9e578dace13af ,1976335354389 ,0.27374268 ,0.41479492 ,-0.7178955 ,3 ,Acc ,15
3dd9e578dace13af ,1976436453608 ,0.26123047 ,0.51257324 ,-0.66778564 ,3 ,Acc ,15
3dd9e578dace13af ,1976555028608 ,0.23632813 ,0.5595703 ,-0.6543579 ,3 ,Acc ,15
3dd9e578dace13af ,1976673290431 ,0.22729492 ,0.49621582 ,-0.704834 ,3 ,Acc ,15
3dd9e578dace13af ,1976775896264 ,0.36968994 ,0.42248535 ,-0.7216797 ,3 ,Acc ,15
3dd9e578dace13af ,1976896002879 ,0.54278564 ,0.30523682 ,-0.71588135 ,3 ,Acc ,15
3dd9e578dace13af ,1976995540275 ,0.612854 ,0.21313477 ,-0.72052 ,3 ,Acc ,15
3dd9e578dace13af ,1977096227254 ,0.6392822 ,0.18096924 ,-0.7111206 ,3 ,Acc ,15
3dd9e578dace13af ,1977216317931 ,0.6018677 ,0.3345337 ,-0.6668091 ,3 ,Acc ,15
3dd9e578dace13af ,1977309996733 ,0.38708496 ,0.41088867 ,-0.7105713 ,3 ,Acc ,15
3dd9e578dace13af ,1977437541004 ,0.29937744 ,0.47485352 ,-0.704834 ,3 ,Acc ,15
3dd9e578dace13af ,1977434224806 ,9.740402 ,8.520523 ,-1.4092255 ,0 ,Acc ,10
3dd9e578dace13af ,1977553372201 ,0.3050537 ,0.5446167 ,-0.6746216 ,3 ,Acc ,15
3dd9e578dace13af ,1977656843399 ,0.23242188 ,0.49572754 ,-0.7277832 ,3 ,Acc ,15
3dd9e578dace13af ,1977776858191 ,0.29473877 ,0.41101074 ,-0.76397705 ,3 ,Acc ,15
3dd9e578dace13af ,1977891361368 ,0.47473145 ,0.30932617 ,-0.7524414 ,3 ,Acc ,15
3dd9e578dace13af ,1977998373972 ,0.5888672 ,0.25335693 ,-0.7210083 ,3 ,Acc ,15
3dd9e578dace13af ,1978120829337 ,0.62194824 ,0.18688965 ,-0.72302246 ,3 ,Acc ,15
3dd9e578dace13af ,1978239821316 ,0.58251953 ,0.19873047 ,-0.7319336 ,3 ,Acc ,15
3dd9e578dace13af ,1978356909649 ,0.465271 ,0.33544922 ,-0.7252197 ,3 ,Acc ,15
3dd9e578dace13af ,1978478002670 ,0.35101318 ,0.37054443 ,-0.7557373 ,3 ,Acc ,15
3dd9e578dace13af ,1978597214909 ,0.40270996 ,0.47924805 ,-0.7017212 ,3 ,Acc ,15
3dd9e578dace13af ,1978698010639 ,0.395813 ,0.46307373 ,-0.71295166 ,3 ,Acc ,15
3dd9e578dace13af ,1978818017618 ,0.37268066 ,0.39215088 ,-0.75494385 ,3 ,Acc ,15
3dd9e578dace13af ,1978938233034 ,0.35186768 ,0.35430908 ,-0.7803955 ,3 ,Acc ,15
3dd9e578dace13af ,1979037998972 ,0.3665161 ,0.362854 ,-0.78375244 ,3 ,Acc ,15
3dd9e578dace13af ,1979138517670 ,0.3774414 ,0.3544922 ,-0.7958374 ,3 ,Acc ,15
3dd9e578dace13af ,1979239458555 ,0.36938477 ,0.32006836 ,-0.8180542 ,3 ,Acc ,15
3dd9e578dace13af ,1979358126420 ,-0.28845215 ,0.6652832 ,-0.4376831 ,3 ,Acc ,15
3dd9e578dace13af ,1979457989544 ,-0.3446045 ,0.63861084 ,-0.47369385 ,3 ,Acc ,15
3dd9e578dace13af ,1979579085951 ,-0.41400146 ,0.59106445 ,-0.52905273 ,3 ,Acc ,15
3dd9e578dace13af ,1979698986367 ,-0.4772339 ,0.5368042 ,-0.590271 ,3 ,Acc ,15
3dd9e578dace13af ,1979819246732 ,-0.55249023 ,0.45758057 ,-0.65148926 ,3 ,Acc ,15
3dd9e578dace13af ,1979939302982 ,-0.6240845 ,0.33666992 ,-0.6934204 ,3 ,Acc ,15
3dd9e578dace13af ,1980040338086 ,-0.6676636 ,0.21820068 ,-0.7105713 ,3 ,Acc ,15
3dd9e578dace13af ,1980158804440 ,-0.6786499 ,0.08746338 ,-0.7267456 ,3 ,Acc ,15
3dd9e578dace13af ,1980259540273 ,-0.64123535 ,0.024108887 ,-0.7468262 ,3 ,Acc ,15
3dd9e578dace13af ,1980359076836 ,-0.58599854 ,0.028503418 ,-0.7576294 ,3 ,Acc ,15
3dd9e578dace13af ,1980436735898 ,-0.24490356 ,0.7868042 ,-4.3646393 ,0 ,Acc ,10
3dd9e578dace13af ,1980473540325 ,-0.53582764 ,0.053710938 ,-0.7487793 ,3 ,Acc ,15
3dd9e578dace13af ,1980579702825 ,-0.52941895 ,0.0949707 ,-0.7192993 ,3 ,Acc ,15
3dd9e578dace13af ,1980679405638 ,-0.55078125 ,0.088134766 ,-0.6777344 ,3 ,Acc ,15
3dd9e578dace13af ,1980779699752 ,-0.55096436 ,0.013427734 ,-0.6432495 ,3 ,Acc ,15
3dd9e578dace13af ,1980878936627 ,-0.56103516 ,-0.060668945 ,-0.5958252 ,3 ,Acc ,15
3dd9e578dace13af ,1980978831158 ,-0.5626831 ,-0.152771 ,-0.55596924 ,3 ,Acc ,15
3dd9e578dace13af ,1981079963919 ,-0.58026123 ,-0.21844482 ,-0.58551025 ,3 ,Acc ,15
3dd9e578dace13af ,1981200011263 ,-0.60894775 ,-0.27313232 ,-0.6549072 ,3 ,Acc ,15
3dd9e578dace13af ,1981320034335 ,-0.6081543 ,-0.29193115 ,-0.6459961 ,3 ,Acc ,15
3dd9e578dace13af ,1981420934596 ,-0.633728 ,-0.19213867 ,-0.6751709 ,3 ,Acc ,15
3dd9e578dace13af ,1981539698346 ,-0.62841797 ,-0.22369385 ,-0.670105 ,3 ,Acc ,15
3dd9e578dace13af ,1981642113033 ,-0.6165161 ,-0.2506714 ,-0.61865234 ,3 ,Acc ,15
3dd9e578dace13af ,1981760537669 ,-0.5638428 ,-0.16418457 ,-0.5739136 ,3 ,Acc ,15
3dd9e578dace13af ,1981880453814 ,-0.5244751 ,-0.06036377 ,-0.5286255 ,3 ,Acc ,15
3dd9e578dace13af ,1981981556783 ,-0.4923706 ,-0.009399414 ,-0.5012207 ,3 ,Acc ,15
3dd9e578dace13af ,1982101590585 ,-0.55133057 ,0.028442383 ,-0.55926514 ,3 ,Acc ,15
3dd9e578dace13af ,1982201065481 ,-0.5895996 ,-0.17602539 ,-0.5875244 ,3 ,Acc ,15
3dd9e578dace13af ,1982301163814 ,-0.5420532 ,-0.40838623 ,-0.5168457 ,3 ,Acc ,15
3dd9e578dace13af ,1982401201418 ,-0.6154175 ,-0.36584473 ,-0.5474243 ,3 ,Acc ,15
3dd9e578dace13af ,1982501099804 ,-0.6459961 ,-0.36401367 ,-0.5484009 ,3 ,Acc ,15
3dd9e578dace13af ,1982601410689 ,-0.6419678 ,-0.3694458 ,-0.515625 ,3 ,Acc ,15
3dd9e578dace13af ,1982702138502 ,-0.59710693 ,-0.27453613 ,-0.5397339 ,3 ,Acc ,15
3dd9e578dace13af ,1982822357929 ,-0.5565796 ,-0.11590576 ,-0.5459595 ,3 ,Acc ,15
3dd9e578dace13af ,1982924169491 ,-0.5283203 ,-0.020507813 ,-0.51361084 ,3 ,Acc ,15
3dd9e578dace13af ,1983041181314 ,-0.53930664 ,0.054016113 ,-0.5105591 ,3 ,Acc ,15
3dd9e578dace13af ,1983142933033 ,-0.58807373 ,-0.027404785 ,-0.5392456 ,3 ,Acc ,15
3dd9e578dace13af ,1983262951314 ,-0.56103516 ,-0.27789307 ,-0.5046997 ,3 ,Acc ,15
3dd9e578dace13af ,1983382949855 ,-0.6298218 ,-0.2999878 ,-0.5101929 ,3 ,Acc ,15
3dd9e578dace13af ,1983439616314 ,1.7266235 ,-2.39299 ,3.796402 ,0 ,Acc ,10
3dd9e578dace13af ,1983499037460 ,-0.6555786 ,-0.34960938 ,-0.49987793 ,3 ,Acc ,15
3dd9e578dace13af ,1983602565012 ,-0.63616943 ,-0.34301758 ,-0.4961548 ,3 ,Acc ,15
3dd9e578dace13af ,1983703367720 ,-0.59625244 ,-0.22918701 ,-0.5125122 ,3 ,Acc ,15
3dd9e578dace13af ,1983823564699 ,-0.56066895 ,-0.045410156 ,-0.5050049 ,3 ,Acc ,15
3dd9e578dace13af ,1983922934387 ,-0.5258789 ,0.07208252 ,-0.4897461 ,3 ,Acc ,15
3dd9e578dace13af ,1984023650897 ,-0.5598755 ,0.1508789 ,-0.5046997 ,3 ,Acc ,15
3dd9e578dace13af ,1984123157459 ,-0.61950684 ,0.016967773 ,-0.53186035 ,3 ,Acc ,15
3dd9e578dace13af ,1984223989855 ,-0.6152954 ,-0.21020508 ,-0.5178833 ,3 ,Acc ,15
3dd9e578dace13af ,1984344015324 ,-0.6850586 ,-0.24572754 ,-0.5305786 ,3 ,Acc ,15
3dd9e578dace13af ,1984447703918 ,-0.67303467 ,-0.29943848 ,-0.5161133 ,3 ,Acc ,15
3dd9e578dace13af ,1984563605688 ,-0.65252686 ,-0.25073242 ,-0.50738525 ,3 ,Acc ,15
3dd9e578dace13af ,1984664327147 ,-0.61621094 ,-0.10675049 ,-0.5090332 ,3 ,Acc ,15
3dd9e578dace13af ,1984763910324 ,-0.5692749 ,0.028137207 ,-0.46765137 ,3 ,Acc ,15
3dd9e578dace13af ,1984864601261 ,-0.54589844 ,0.14233398 ,-0.43536377 ,3 ,Acc ,15
3dd9e578dace13af ,1984964022563 ,-0.6051636 ,0.18188477 ,-0.46228027 ,3 ,Acc ,15
3dd9e578dace13af ,1985064850896 ,-0.6217041 ,-0.043273926 ,-0.4975586 ,3 ,Acc ,15
3dd9e578dace13af ,1985185054438 ,-0.62280273 ,-0.2565918 ,-0.49017334 ,3 ,Acc ,15
3dd9e578dace13af ,1985303169178 ,-0.69940186 ,-0.21624756 ,-0.50323486 ,3 ,Acc ,15
3dd9e578dace13af ,1985407262876 ,-0.68640137 ,-0.26550293 ,-0.4874878 ,3 ,Acc ,15
3dd9e578dace13af ,1985524599386 ,-0.6375122 ,-0.22363281 ,-0.47772217 ,3 ,Acc ,15
3dd9e578dace13af ,1985625329750 ,-0.5996704 ,-0.06976318 ,-0.4708252 ,3 ,Acc ,15
3dd9e578dace13af ,1985741271573 ,-0.53704834 ,0.05908203 ,-0.42773438 ,3 ,Acc ,15
3dd9e578dace13af ,1985846666625 ,-0.51123047 ,0.1395874 ,-0.41607666 ,3 ,Acc ,15
3dd9e578dace13af ,1985965166052 ,-0.59887695 ,0.13916016 ,-0.44750977 ,3 ,Acc ,15
3dd9e578dace13af ,1986065981313 ,-0.6244507 ,-0.09106445 ,-0.4616089 ,3 ,Acc ,15
3dd9e578dace13af ,1986186011000 ,-0.63757324 ,-0.25042725 ,-0.45733643 ,3 ,Acc ,15
3dd9e578dace13af ,1986303289802 ,-0.69659424 ,-0.2512207 ,-0.45568848 ,3 ,Acc ,15
3dd9e578dace13af ,1986426236156 ,-0.6702881 ,-0.27539063 ,-0.4257202 ,3 ,Acc ,15
3dd9e578dace13af ,1986460460740 ,5.1762085 ,3.2932892 ,0.51052856 ,0 ,Acc ,10
3dd9e578dace13af ,1986540674438 ,-0.63153076 ,-0.14434814 ,-0.4390869 ,3 ,Acc ,15
3dd9e578dace13af ,1986647449646 ,-0.59991455 ,0.0138549805 ,-0.41888428 ,3 ,Acc ,15
3dd9e578dace13af ,1986747074906 ,-0.5647583 ,0.13360596 ,-0.3739624 ,3 ,Acc ,15
3dd9e578dace13af ,1986847680323 ,-0.5584717 ,0.20288086 ,-0.3675537 ,3 ,Acc ,15
3dd9e578dace13af ,1986947429542 ,-0.63604736 ,0.14093018 ,-0.4104004 ,3 ,Acc ,15
3dd9e578dace13af ,1987063392562 ,-0.6448364 ,-0.13220215 ,-0.43218994 ,3 ,Acc ,15
3dd9e578dace13af ,1987166391417 ,-0.6947632 ,-0.18066406 ,-0.45733643 ,3 ,Acc ,15
3dd9e578dace13af ,1987282400635 ,-0.7207031 ,-0.20843506 ,-0.44329834 ,3 ,Acc ,15
3dd9e578dace13af ,1987583840271 ,-0.61395264 ,0.050476074 ,-0.37664795 ,3 ,Acc ,15
3dd9e578dace13af ,1987702125739 ,-0.5518799 ,0.19616699 ,-0.31445313 ,3 ,Acc ,15
3dd9e578dace13af ,1987807092875 ,-0.53656006 ,0.253479 ,-0.31921387 ,3 ,Acc ,15
3dd9e578dace13af ,1987907984697 ,-0.61987305 ,0.20288086 ,-0.36871338 ,3 ,Acc ,15
3dd9e578dace13af ,1988028000635 ,-0.64727783 ,-0.08892822 ,-0.40948486 ,3 ,Acc ,15
3dd9e578dace13af ,1988148332406 ,-0.6815796 ,-0.23083496 ,-0.40454102 ,3 ,Acc ,15
3dd9e578dace13af ,1988249212302 ,-0.7196045 ,-0.25250244 ,-0.38909912 ,3 ,Acc ,15
3dd9e578dace13af ,1988367746676 ,-0.67248535 ,-0.28100586 ,-0.35491943 ,3 ,Acc ,15
3dd9e578dace13af ,1988468553447 ,-0.6442261 ,-0.13684082 ,-0.3685913 ,3 ,Acc ,15
3dd9e578dace13af ,1988588623603 ,-0.6209717 ,0.088378906 ,-0.33081055 ,3 ,Acc ,15
3dd9e578dace13af ,1988688005166 ,-0.5756836 ,0.20709229 ,-0.28070068 ,3 ,Acc ,15
3dd9e578dace13af ,1988788872458 ,-0.581604 ,0.26763916 ,-0.2833252 ,3 ,Acc ,15
3dd9e578dace13af ,1988908976885 ,-0.6758423 ,0.11541748 ,-0.33721924 ,3 ,Acc ,15
3dd9e578dace13af ,1989029196051 ,-0.62713623 ,-0.1796875 ,-0.3449707 ,3 ,Acc ,15
3dd9e578dace13af ,1989149327822 ,-0.6946411 ,-0.2321167 ,-0.34100342 ,3 ,Acc ,15
3dd9e578dace13af ,1989252962197 ,-0.6810913 ,-0.27124023 ,-0.31903076 ,3 ,Acc ,15
3dd9e578dace13af ,1989366254541 ,-0.6542969 ,-0.20123291 ,-0.31610107 ,3 ,Acc ,15
3dd9e578dace13af ,1989468995791 ,-0.6148071 ,-0.0357666 ,-0.33770752 ,3 ,Acc ,15
3dd9e578dace13af ,1989465680218 ,6.5110474 ,5.9653015 ,-2.1181488 ,0 ,Acc ,10
3dd9e578dace13af ,1989583938655 ,-0.59454346 ,0.17242432 ,-0.28515625 ,3 ,Acc ,15
3dd9e578dace13af ,1989689136311 ,-0.5419922 ,0.28320313 ,-0.2518921 ,3 ,Acc ,15
3dd9e578dace13af ,1989809292405 ,-0.61968994 ,0.2977295 ,-0.26531982 ,3 ,Acc ,15
3dd9e578dace13af ,1989910139488 ,-0.67541504 ,0.08428955 ,-0.30163574 ,3 ,Acc ,15
3dd9e578dace13af ,1990030181728 ,-0.6342163 ,-0.21087646 ,-0.30889893 ,3 ,Acc ,15
3dd9e578dace13af ,1990149689697 ,-0.67926025 ,-0.28979492 ,-0.28466797 ,3 ,Acc ,15
3dd9e578dace13af ,1990266286832 ,-0.66204834 ,-0.30639648 ,-0.24975586 ,3 ,Acc ,15
3dd9e578dace13af ,1990369683394 ,-0.64178467 ,-0.18603516 ,-0.25958252 ,3 ,Acc ,15
3dd9e578dace13af ,1990470851936 ,-0.6071167 ,0.014831543 ,-0.2929077 ,3 ,Acc ,15
3dd9e578dace13af ,1990590753134 ,-0.5997925 ,0.23803711 ,-0.24310303 ,3 ,Acc ,15
3dd9e578dace13af ,1990690202613 ,-0.56463623 ,0.3297119 ,-0.22283936 ,3 ,Acc ,15
3dd9e578dace13af ,1990791120009 ,-0.63360596 ,0.29803467 ,-0.24304199 ,3 ,Acc ,15
3dd9e578dace13af ,1990911126884 ,-0.6697998 ,0.0115356445 ,-0.2756958 ,3 ,Acc ,15
3dd9e578dace13af ,1991031323446 ,-0.6652832 ,-0.21417236 ,-0.27368164 ,3 ,Acc ,15
3dd9e578dace13af ,1991151104228 ,-0.6821289 ,-0.28845215 ,-0.24664307 ,3 ,Acc ,15
3dd9e578dace13af ,1991252503082 ,-0.65789795 ,-0.2672119 ,-0.23138428 ,3 ,Acc ,15
3dd9e578dace13af ,1991370967248 ,-0.63946533 ,-0.081848145 ,-0.26416016 ,3 ,Acc ,15
3dd9e578dace13af ,1991471814279 ,-0.635376 ,0.12390137 ,-0.2662964 ,3 ,Acc ,15
3dd9e578dace13af ,1991570886571 ,-0.6015625 ,0.28826904 ,-0.21606445 ,3 ,Acc ,15
3dd9e578dace13af ,1991672005842 ,-0.5883789 ,0.35742188 ,-0.1977539 ,3 ,Acc ,15
3dd9e578dace13af ,1991792081467 ,-0.6798706 ,0.21246338 ,-0.22930908 ,3 ,Acc ,15
3dd9e578dace13af ,1991912311936 ,-0.6482544 ,-0.09576416 ,-0.25134277 ,3 ,Acc ,15
3dd9e578dace13af ,1992032285738 ,-0.6732178 ,-0.22772217 ,-0.22979736 ,3 ,Acc ,15
3dd9e578dace13af ,1992152701415 ,-0.6790161 ,-0.25897217 ,-0.1942749 ,3 ,Acc ,15
3dd9e578dace13af ,1992253581310 ,-0.67907715 ,-0.1697998 ,-0.19793701 ,3 ,Acc ,15
3dd9e578dace13af ,1992372080998 ,-0.6616821 ,0.052856445 ,-0.22753906 ,3 ,Acc ,15
3dd9e578dace13af ,1992472915737 ,-0.64727783 ,0.22906494 ,-0.18469238 ,3 ,Acc ,15
3dd9e578dace13af ,1992469592508 ,7.9856415 ,7.748932 ,-1.6091156 ,0 ,Acc ,10
3dd9e578dace13af ,1992592071310 ,-0.59246826 ,0.3607788 ,-0.15179443 ,3 ,Acc ,15
3dd9e578dace13af ,1992692338810 ,-0.68011475 ,0.3554077 ,-0.16571045 ,3 ,Acc ,15
3dd9e578dace13af ,1992810594227 ,-0.73358154 ,0.051513672 ,-0.22729492 ,3 ,Acc ,15
3dd9e578dace13af ,1992914418602 ,-0.7220459 ,-0.14367676 ,-0.24176025 ,3 ,Acc ,15
3dd9e578dace13af ,1993030130529 ,-0.7750244 ,-0.17199707 ,-0.20916748 ,3 ,Acc ,15
3dd9e578dace13af ,1993133798654 ,-0.75445557 ,-0.19720459 ,-0.18011475 ,3 ,Acc ,15
3dd9e578dace13af ,1993233620060 ,-0.72351074 ,-0.09680176 ,-0.18499756 ,3 ,Acc ,15
3dd9e578dace13af ,1993333050945 ,-0.7258911 ,0.13653564 ,-0.19537354 ,3 ,Acc ,15
3dd9e578dace13af ,1993433148133 ,-0.68829346 ,0.31585693 ,-0.1560669 ,3 ,Acc ,15
3dd9e578dace13af ,1993533380320 ,-0.62054443 ,0.42529297 ,-0.14251709 ,3 ,Acc ,15
3dd9e578dace13af ,1993634042612 ,-0.66851807 ,0.43670654 ,-0.16394043 ,3 ,Acc ,15
3dd9e578dace13af ,1993754280477 ,-0.7783203 ,0.17156982 ,-0.20019531 ,3 ,Acc ,15
3dd9e578dace13af ,1993855298289 ,-0.7027588 ,-0.109313965 ,-0.19818115 ,3 ,Acc ,15
3dd9e578dace13af ,1993973758758 ,-0.8076172 ,-0.12213135 ,-0.16925049 ,3 ,Acc ,15
3dd9e578dace13af ,1994074677195 ,-0.79022217 ,-0.16137695 ,-0.13739014 ,3 ,Acc ,15
3dd9e578dace13af ,1994173953393 ,-0.75286865 ,-0.11505127 ,-0.1484375 ,3 ,Acc ,15
3dd9e578dace13af ,1994294078810 ,-0.7747803 ,0.1798706 ,-0.18823242 ,3 ,Acc ,15
3dd9e578dace13af ,1994395033393 ,-0.7150879 ,0.37353516 ,-0.16583252 ,3 ,Acc ,15
3dd9e578dace13af ,1994515047143 ,-0.647583 ,0.48327637 ,-0.17236328 ,3 ,Acc ,15
3dd9e578dace13af ,1994635256257 ,-0.76275635 ,0.43328857 ,-0.20269775 ,3 ,Acc ,15
3dd9e578dace13af ,1994755296882 ,-0.8703003 ,0.14074707 ,-0.20343018 ,3 ,Acc ,15
3dd9e578dace13af ,1994856390112 ,-0.84484863 ,-0.08630371 ,-0.1852417 ,3 ,Acc ,15
3dd9e578dace13af ,1994974863289 ,-0.9428711 ,-0.05065918 ,-0.14691162 ,3 ,Acc ,15
3dd9e578dace13af ,1995075653705 ,-0.97772217 ,0.06896973 ,-0.13391113 ,3 ,Acc ,15
3dd9e578dace13af ,1995175127038 ,-0.9350586 ,0.21069336 ,-0.1348877 ,3 ,Acc ,15
3dd9e578dace13af ,1995275896830 ,-0.8463745 ,0.37597656 ,-0.13824463 ,3 ,Acc ,15
3dd9e578dace13af ,1995395906361 ,-0.7154541 ,0.5264282 ,-0.17041016 ,3 ,Acc ,15
3dd9e578dace13af ,1995472874538 ,8.593124 ,7.563156 ,4.3470306 ,0 ,Acc ,10
3dd9e578dace13af ,1995510364695 ,-0.66796875 ,0.59472656 ,-0.1897583 ,3 ,Acc ,15
3dd9e578dace13af ,1995615600632 ,-0.7786865 ,0.48895264 ,-0.2008667 ,3 ,Acc ,15
3dd9e578dace13af ,1995716340736 ,-0.8442993 ,0.18835449 ,-0.23364258 ,3 ,Acc ,15
3dd9e578dace13af ,1995836522507 ,-0.875 ,0.0345459 ,-0.206604 ,3 ,Acc ,15
3dd9e578dace13af ,1995935903392 ,-0.93444824 ,0.06756592 ,-0.16827393 ,3 ,Acc ,15
3dd9e578dace13af ,1996056837246 ,-0.9302368 ,-0.0020141602 ,-0.15209961 ,3 ,Acc ,15
3dd9e578dace13af ,1996157000111 ,-0.8963623 ,0.059020996 ,-0.1552124 ,3 ,Acc ,15
3dd9e578dace13af ,1996257904226 ,-0.8468628 ,0.25964355 ,-0.20117188 ,3 ,Acc ,15
3dd9e578dace13af ,1996373190788 ,-0.7601929 ,0.43469238 ,-0.21868896 ,3 ,Acc ,15
3dd9e578dace13af ,1996494742246 ,-0.67974854 ,0.49230957 ,-0.26342773 ,3 ,Acc ,15
3dd9e578dace13af ,1996597265163 ,-0.7216797 ,0.493042 ,-0.2612915 ,3 ,Acc ,15
3dd9e578dace13af ,1996717533027 ,-0.8251343 ,0.33532715 ,-0.2064209 ,3 ,Acc ,15
3dd9e578dace13af ,1996816913600 ,-0.84472656 ,0.15679932 ,-0.17407227 ,3 ,Acc ,15
3dd9e578dace13af ,1996917593184 ,-0.8960571 ,0.10864258 ,-0.123046875 ,3 ,Acc ,15
3dd9e578dace13af ,1997032075475 ,-0.8873291 ,0.040649414 ,-0.08746338 ,3 ,Acc ,15
3dd9e578dace13af ,1997137226673 ,-0.85614014 ,0.039489746 ,-0.10406494 ,3 ,Acc ,15
3dd9e578dace13af ,1997237905840 ,-0.8185425 ,0.16680908 ,-0.15374756 ,3 ,Acc ,15
3dd9e578dace13af ,1997358225944 ,-0.7618408 ,0.37243652 ,-0.20831299 ,3 ,Acc ,15
3dd9e578dace13af ,1997459188808 ,-0.70410156 ,0.4989624 ,-0.1987915 ,3 ,Acc ,15
3dd9e578dace13af ,1997577670892 ,-0.65216064 ,0.5422363 ,-0.21459961 ,3 ,Acc ,15
3dd9e578dace13af ,1997678523079 ,-0.71484375 ,0.4854126 ,-0.19915771 ,3 ,Acc ,15
3dd9e578dace13af ,1997777918704 ,-0.76831055 ,0.33868408 ,-0.17633057 ,3 ,Acc ,15
3dd9e578dace13af ,1997878979902 ,-0.7663574 ,0.2041626 ,-0.19213867 ,3 ,Acc ,15
3dd9e578dace13af ,1997997010944 ,-0.776062 ,0.1665039 ,-0.17797852 ,3 ,Acc ,15
3dd9e578dace13af ,1998098345787 ,-0.7952881 ,0.2727661 ,-0.14764404 ,3 ,Acc ,15
3dd9e578dace13af ,1998199036152 ,-0.7216797 ,0.44714355 ,-0.11340332 ,3 ,Acc ,15
3dd9e578dace13af ,1998319212871 ,-0.54211426 ,0.65460205 ,-0.0031738281 ,3 ,Acc ,15
3dd9e578dace13af ,1998439281048 ,-0.31604004 ,0.7798462 ,0.079956055 ,3 ,Acc ,15
3dd9e578dace13af ,1998475291100 ,11.167435 ,-3.4477234 ,5.2954407 ,0 ,Acc ,10
3dd9e578dace13af ,1998554875006 ,-0.17810059 ,0.7944946 ,0.08312988 ,3 ,Acc ,15
3dd9e578dace13af ,1998662236933 ,-0.12030029 ,0.7861328 ,0.045043945 ,3 ,Acc ,15
3dd9e578dace13af ,1998779022714 ,-0.10925293 ,0.7877197 ,0.029052734 ,3 ,Acc ,15
3dd9e578dace13af ,1998878908235 ,-0.091552734 ,0.7854614 ,0.004760742 ,3 ,Acc ,15
3dd9e578dace13af ,1998979196204 ,-0.08514404 ,0.78234863 ,-0.012512207 ,3 ,Acc ,15
3dd9e578dace13af ,1999079745683 ,-0.25909424 ,0.1862793 ,-0.2932129 ,3 ,Acc ,15
3dd9e578dace13af ,1999179471099 ,-0.27563477 ,0.18682861 ,-0.2803955 ,3 ,Acc ,15
3dd9e578dace13af ,1999280375683 ,-0.2796631 ,0.17675781 ,-0.27508545 ,3 ,Acc ,15
3dd9e578dace13af ,1999400129849 ,-0.2723999 ,0.16326904 ,-0.26879883 ,3 ,Acc ,15
3dd9e578dace13af ,1999520323912 ,-0.26257324 ,0.1630249 ,-0.26818848 ,3 ,Acc ,15
3dd9e578dace13af ,1999619897401 ,-0.25860596 ,0.17254639 ,-0.26989746 ,3 ,Acc ,15
3dd9e578dace13af ,1999720545839 ,-0.25427246 ,0.19543457 ,-0.2738037 ,3 ,Acc ,15
3dd9e578dace13af ,1999824152141 ,-0.25238037 ,0.19476318 ,-0.26989746 ,3 ,Acc ,15
3dd9e578dace13af ,1999939699589 ,-0.2701416 ,0.20477295 ,-0.255188 ,3 ,Acc ,15
3dd9e578dace13af ,2000040822922 ,-0.24768066 ,0.19396973 ,-0.25811768 ,3 ,Acc ,15
3dd9e578dace13af ,2000161204745 ,-0.23962402 ,0.1930542 ,-0.2522583 ,3 ,Acc ,15
