3dd9e578dace13af ,1756451543225 ,0.030441284 ,0.1965332 ,-0.2103424 ,0 ,Acc ,10
3dd9e578dace13af ,1756571609266 ,0.2444458 ,-0.2942505 ,0.48687744 ,3 ,Acc ,15
3dd9e578dace13af ,1756671195881 ,0.269104 ,-0.36480713 ,0.41906738 ,3 ,Acc ,15
3dd9e578dace13af ,1756771824996 ,0.23895264 ,-0.4449463 ,0.38049316 ,3 ,Acc ,15
3dd9e578dace13af ,1756873604162 ,0.2906494 ,-0.4393921 ,0.348938 ,3 ,Acc ,15
3dd9e578dace13af ,1756976673120 ,0.3453369 ,-0.28027344 ,0.4029541 ,3 ,Acc ,15
3dd9e578dace13af ,1757076596714 ,0.4390869 ,-0.05279541 ,0.49804688 ,3 ,Acc ,15
3dd9e578dace13af ,1757178247495 ,0.6314697 ,0.007507324 ,0.60510254 ,3 ,Acc ,15
3dd9e578dace13af ,1757298338641 ,0.67974854 ,0.09240723 ,0.6659546 ,3 ,Acc ,15
3dd9e578dace13af ,1757397787860 ,0.70739746 ,0.057800293 ,0.6705322 ,3 ,Acc ,15
3dd9e578dace13af ,1757517902391 ,0.6951294 ,-0.061401367 ,0.7127075 ,3 ,Acc ,15
3dd9e578dace13af ,1757618617964 ,0.6958008 ,-0.12835693 ,0.70581055 ,3 ,Acc ,15
3dd9e578dace13af ,1757718131974 ,0.703125 ,-0.13208008 ,0.67181396 ,3 ,Acc ,15
3dd9e578dace13af ,1757819109266 ,0.64385986 ,-0.12976074 ,0.637146 ,3 ,Acc ,15
3dd9e578dace13af ,1757938995985 ,0.5300293 ,-0.112854004 ,0.6325073 ,3 ,Acc ,15
3dd9e578dace13af ,1758060200151 ,0.4621582 ,-0.17840576 ,0.6430054 ,3 ,Acc ,15
3dd9e578dace13af ,1758179274995 ,0.5249634 ,-0.22784424 ,0.6600342 ,3 ,Acc ,15
3dd9e578dace13af ,1758278769162 ,0.6442261 ,-0.10882568 ,0.6574707 ,3 ,Acc ,15
3dd9e578dace13af ,1758379604943 ,0.70129395 ,0.012573242 ,0.63616943 ,3 ,Acc ,15
3dd9e578dace13af ,1758478918068 ,0.75061035 ,0.048095703 ,0.60614014 ,3 ,Acc ,15
3dd9e578dace13af ,1758579794318 ,0.79071045 ,0.08679199 ,0.5593872 ,3 ,Acc ,15
3dd9e578dace13af ,1758699456193 ,0.7574463 ,0.064453125 ,0.569397 ,3 ,Acc ,15
3dd9e578dace13af ,1758799319891 ,0.6743164 ,-0.010498047 ,0.6154175 ,3 ,Acc ,15
3dd9e578dace13af ,1758900054682 ,0.6035156 ,-0.118896484 ,0.635437 ,3 ,Acc ,15
3dd9e578dace13af ,1759020220255 ,0.5303345 ,-0.24658203 ,0.62805176 ,3 ,Acc ,15
3dd9e578dace13af ,1759140185776 ,0.54803467 ,-0.28936768 ,0.6323242 ,3 ,Acc ,15
3dd9e578dace13af ,1759261574890 ,0.63983154 ,-0.12420654 ,0.6187744 ,3 ,Acc ,15
3dd9e578dace13af ,1759358778328 ,0.671875 ,0.06451416 ,0.5811157 ,3 ,Acc ,15
3dd9e578dace13af ,1759461739005 ,0.7074585 ,0.13677979 ,0.5477905 ,3 ,Acc ,15
3dd9e578dace13af ,1759458417338 ,2.408722 ,0.96621704 ,3.5040436 ,0 ,Acc ,10
3dd9e578dace13af ,1759575094474 ,0.71429443 ,0.17578125 ,0.520813 ,3 ,Acc ,15
3dd9e578dace13af ,1759675623067 ,0.6682739 ,0.1531372 ,0.5313721 ,3 ,Acc ,15
3dd9e578dace13af ,1759780857651 ,0.5927124 ,0.08081055 ,0.5717163 ,3 ,Acc ,15
3dd9e578dace13af ,1759901231401 ,0.54229736 ,-0.054748535 ,0.57940674 ,3 ,Acc ,15
3dd9e578dace13af ,1760021262182 ,0.5152588 ,-0.17492676 ,0.57110596 ,3 ,Acc ,15
3dd9e578dace13af ,1760140835828 ,0.57702637 ,-0.1716919 ,0.571228 ,3 ,Acc ,15
3dd9e578dace13af ,1760240896348 ,0.58758545 ,0.024536133 ,0.5540161 ,3 ,Acc ,15
3dd9e578dace13af ,1760340855932 ,0.6192627 ,0.1239624 ,0.53619385 ,3 ,Acc ,15
3dd9e578dace13af ,1760441056348 ,0.6604614 ,0.15948486 ,0.52685547 ,3 ,Acc ,15
3dd9e578dace13af ,1760541928900 ,0.61950684 ,0.25152588 ,0.5 ,3 ,Acc ,15
3dd9e578dace13af ,1760663062390 ,0.5753784 ,0.21014404 ,0.5 ,3 ,Acc ,15
3dd9e578dace13af ,1760782227754 ,0.5187988 ,0.091918945 ,0.5084839 ,3 ,Acc ,15
3dd9e578dace13af ,1760902202129 ,0.5083618 ,-0.053344727 ,0.46984863 ,3 ,Acc ,15
3dd9e578dace13af ,1761001782858 ,0.51660156 ,-0.13342285 ,0.4631958 ,3 ,Acc ,15
3dd9e578dace13af ,1761102579942 ,0.5666504 ,-0.07330322 ,0.49719238 ,3 ,Acc ,15
3dd9e578dace13af ,1761201945827 ,0.54241943 ,0.1260376 ,0.493042 ,3 ,Acc ,15
3dd9e578dace13af ,1761302675254 ,0.5696411 ,0.20800781 ,0.4850464 ,3 ,Acc ,15
3dd9e578dace13af ,1761403949525 ,0.5878906 ,0.26116943 ,0.47473145 ,3 ,Acc ,15
3dd9e578dace13af ,1761522329942 ,0.58081055 ,0.28344727 ,0.4456787 ,3 ,Acc ,15
3dd9e578dace13af ,1761644229108 ,0.54174805 ,0.19989014 ,0.42596436 ,3 ,Acc ,15
3dd9e578dace13af ,1761762690150 ,0.4763794 ,0.09399414 ,0.41534424 ,3 ,Acc ,15
3dd9e578dace13af ,1761863431400 ,0.47631836 ,-0.011657715 ,0.38842773 ,3 ,Acc ,15
3dd9e578dace13af ,1761964554160 ,0.49761963 ,-0.08605957 ,0.39404297 ,3 ,Acc ,15
3dd9e578dace13af ,1762064577962 ,0.5534668 ,-0.055236816 ,0.41748047 ,3 ,Acc ,15
3dd9e578dace13af ,1762183646816 ,0.52630615 ,0.13800049 ,0.41900635 ,3 ,Acc ,15
3dd9e578dace13af ,1762284892962 ,0.5625 ,0.21685791 ,0.41760254 ,3 ,Acc ,15
3dd9e578dace13af ,1762403250306 ,0.59454346 ,0.28588867 ,0.41345215 ,3 ,Acc ,15
3dd9e578dace13af ,1762461658431 ,8.3124695 ,0.99731445 ,1.4861755 ,0 ,Acc ,10
3dd9e578dace13af ,1762519783691 ,0.58758545 ,0.2880249 ,0.39404297 ,3 ,Acc ,15
3dd9e578dace13af ,1762620747493 ,0.5473633 ,0.20355225 ,0.394104 ,3 ,Acc ,15
3dd9e578dace13af ,1762722795149 ,0.5123291 ,0.09509277 ,0.39233398 ,3 ,Acc ,15
3dd9e578dace13af ,1762843637493 ,0.51208496 ,-0.030639648 ,0.36273193 ,3 ,Acc ,15
3dd9e578dace13af ,1762944529785 ,0.5409546 ,-0.09667969 ,0.37579346 ,3 ,Acc ,15
3dd9e578dace13af ,1763045665045 ,0.58270264 ,-0.030639648 ,0.3890381 ,3 ,Acc ,15
3dd9e578dace13af ,1763164043951 ,0.5385742 ,0.14422607 ,0.368042 ,3 ,Acc ,15
3dd9e578dace13af ,1763284146660 ,0.5897827 ,0.21014404 ,0.37493896 ,3 ,Acc ,15
3dd9e578dace13af ,1763384956868 ,0.5925293 ,0.2798462 ,0.3604126 ,3 ,Acc ,15
3dd9e578dace13af ,1763505113691 ,0.5489502 ,0.28137207 ,0.34283447 ,3 ,Acc ,15
3dd9e578dace13af ,1763625169316 ,0.52178955 ,0.13916016 ,0.35424805 ,3 ,Acc ,15
3dd9e578dace13af ,1763745404316 ,0.5441284 ,-0.032409668 ,0.32537842 ,3 ,Acc ,15
3dd9e578dace13af ,1763844800930 ,0.5529785 ,-0.11816406 ,0.3251953 ,3 ,Acc ,15
3dd9e578dace13af ,1763959236295 ,0.5821533 ,-0.02911377 ,0.3574829 ,3 ,Acc ,15
3dd9e578dace13af ,1764066704055 ,0.5157471 ,0.14752197 ,0.3390503 ,3 ,Acc ,15
3dd9e578dace13af ,1764185719003 ,0.55633545 ,0.21612549 ,0.34277344 ,3 ,Acc ,15
3dd9e578dace13af ,1764300147336 ,0.5755005 ,0.25836182 ,0.32250977 ,3 ,Acc ,15
3dd9e578dace13af ,1764405378951 ,0.5576782 ,0.26885986 ,0.3043213 ,3 ,Acc ,15
3dd9e578dace13af ,1764506149211 ,0.5239258 ,0.19024658 ,0.30859375 ,3 ,Acc ,15
3dd9e578dace13af ,1764626384368 ,0.5196533 ,0.026245117 ,0.30413818 ,3 ,Acc ,15
3dd9e578dace13af ,1764746366451 ,0.53015137 ,-0.109680176 ,0.27026367 ,3 ,Acc ,15
3dd9e578dace13af ,1764845827545 ,0.5751343 ,-0.16827393 ,0.29187012 ,3 ,Acc ,15
3dd9e578dace13af ,1764946708430 ,0.60565186 ,-0.042907715 ,0.32385254 ,3 ,Acc ,15
3dd9e578dace13af ,1765046029419 ,0.53356934 ,0.14123535 ,0.3071289 ,3 ,Acc ,15
3dd9e578dace13af ,1765166143117 ,0.605896 ,0.1852417 ,0.31445313 ,3 ,Acc ,15
3dd9e578dace13af ,1765267984628 ,0.6057129 ,0.25152588 ,0.29766846 ,3 ,Acc ,15
3dd9e578dace13af ,1765387019940 ,0.569458 ,0.26654053 ,0.27172852 ,3 ,Acc ,15
3dd9e578dace13af ,1765464917805 ,7.960266 ,3.9464874 ,-3.648056 ,0 ,Acc ,10
3dd9e578dace13af ,1765501525096 ,0.5296631 ,0.14123535 ,0.2868042 ,3 ,Acc ,15
3dd9e578dace13af ,1765606692336 ,0.53015137 ,-0.002746582 ,0.27008057 ,3 ,Acc ,15
3dd9e578dace13af ,1765726819315 ,0.52453613 ,-0.15802002 ,0.21716309 ,3 ,Acc ,15
3dd9e578dace13af ,1765827695617 ,0.58026123 ,-0.21038818 ,0.22888184 ,3 ,Acc ,15
3dd9e578dace13af ,1765927021971 ,0.6157837 ,-0.06866455 ,0.2635498 ,3 ,Acc ,15
3dd9e578dace13af ,1766027772544 ,0.5425415 ,0.1418457 ,0.25653076 ,3 ,Acc ,15
3dd9e578dace13af ,1766146315096 ,0.61364746 ,0.2121582 ,0.27734375 ,3 ,Acc ,15
3dd9e578dace13af ,1766253206815 ,0.61138916 ,0.26513672 ,0.26812744 ,3 ,Acc ,15
3dd9e578dace13af ,1766367491919 ,0.57141113 ,0.24371338 ,0.24914551 ,3 ,Acc ,15
3dd9e578dace13af ,1766469279836 ,0.5690918 ,0.09075928 ,0.24121094 ,3 ,Acc ,15
3dd9e578dace13af ,1766588418065 ,0.57244873 ,-0.091796875 ,0.18609619 ,3 ,Acc ,15
3dd9e578dace13af ,1766687783794 ,0.5546875 ,-0.18115234 ,0.15319824 ,3 ,Acc ,15
3dd9e578dace13af ,1766788673742 ,0.59643555 ,-0.18798828 ,0.19116211 ,3 ,Acc ,15
3dd9e578dace13af ,1766888123012 ,0.61364746 ,-0.023376465 ,0.2434082 ,3 ,Acc ,15
3dd9e578dace13af ,1766988817856 ,0.55914307 ,0.14892578 ,0.24377441 ,3 ,Acc ,15
3dd9e578dace13af ,1767109011242 ,0.59454346 ,0.21154785 ,0.2300415 ,3 ,Acc ,15
3dd9e578dace13af ,1767212799054 ,0.5855713 ,0.2576294 ,0.2109375 ,3 ,Acc ,15
3dd9e578dace13af ,1767328683898 ,0.5767822 ,0.2210083 ,0.19812012 ,3 ,Acc ,15
3dd9e578dace13af ,1767429321085 ,0.56311035 ,0.097351074 ,0.19909668 ,3 ,Acc ,15
3dd9e578dace13af ,1767528771866 ,0.5452881 ,-0.025939941 ,0.18518066 ,3 ,Acc ,15
3dd9e578dace13af ,1767629398116 ,0.5371094 ,-0.12530518 ,0.15234375 ,3 ,Acc ,15
3dd9e578dace13af ,1767728914054 ,0.5718994 ,-0.18829346 ,0.15899658 ,3 ,Acc ,15
3dd9e578dace13af ,1767830008585 ,0.62615967 ,-0.11773682 ,0.19915771 ,3 ,Acc ,15
3dd9e578dace13af ,1767949845877 ,0.51464844 ,0.12249756 ,0.19171143 ,3 ,Acc ,15
3dd9e578dace13af ,1768071011293 ,0.5576782 ,0.2041626 ,0.17840576 ,3 ,Acc ,15
3dd9e578dace13af ,1768173295616 ,0.5654297 ,0.25653076 ,0.1618042 ,3 ,Acc ,15
3dd9e578dace13af ,1768289549054 ,0.53564453 ,0.26312256 ,0.14508057 ,3 ,Acc ,15
3dd9e578dace13af ,1768390338897 ,0.53308105 ,0.14086914 ,0.16040039 ,3 ,Acc ,15
3dd9e578dace13af ,1768468098533 ,6.1486206 ,6.7679443 ,-4.4040985 ,0 ,Acc ,10
3dd9e578dace13af ,1768504567231 ,0.55163574 ,-0.05102539 ,0.14178467 ,3 ,Acc ,15
3dd9e578dace13af ,1768606877387 ,0.5371704 ,-0.16589355 ,0.0970459 ,3 ,Acc ,15
3dd9e578dace13af ,1768710853897 ,0.5519409 ,-0.21813965 ,0.10089111 ,3 ,Acc ,15
3dd9e578dace13af ,1768830929522 ,0.61083984 ,-0.117614746 ,0.13348389 ,3 ,Acc ,15
3dd9e578dace13af ,1768951051605 ,0.49316406 ,0.12371826 ,0.1251831 ,3 ,Acc ,15
3dd9e578dace13af ,1769072133689 ,0.5551758 ,0.21716309 ,0.12298584 ,3 ,Acc ,15
3dd9e578dace13af ,1769190863480 ,0.5385742 ,0.26837158 ,0.09442139 ,3 ,Acc ,15
3dd9e578dace13af ,1769311271397 ,0.5064697 ,0.20697021 ,0.10089111 ,3 ,Acc ,15
3dd9e578dace13af ,1769410724522 ,0.52160645 ,0.0390625 ,0.11920166 ,3 ,Acc ,15
3dd9e578dace13af ,1769510954366 ,0.5602417 ,-0.1295166 ,0.07489014 ,3 ,Acc ,15
3dd9e578dace13af ,1769610855043 ,0.555542 ,-0.2475586 ,0.028137207 ,3 ,Acc ,15
3dd9e578dace13af ,1769711711084 ,0.58807373 ,-0.28137207 ,0.03656006 ,3 ,Acc ,15
3dd9e578dace13af ,1769832102386 ,0.64208984 ,-0.105041504 ,0.085998535 ,3 ,Acc ,15
3dd9e578dace13af ,1769952026761 ,0.5596924 ,0.1329956 ,0.11730957 ,3 ,Acc ,15
3dd9e578dace13af ,1770072978272 ,0.6229248 ,0.19250488 ,0.113220215 ,3 ,Acc ,15
3dd9e578dace13af ,1770192347074 ,0.5477905 ,0.23730469 ,0.08508301 ,3 ,Acc ,15
3dd9e578dace13af ,1770291809730 ,0.5414429 ,0.13739014 ,0.088134766 ,3 ,Acc ,15
3dd9e578dace13af ,1770392678324 ,0.58654785 ,-0.05029297 ,0.06591797 ,3 ,Acc ,15
3dd9e578dace13af ,1770512724313 ,0.5571289 ,-0.20587158 ,-0.0016479492 ,3 ,Acc ,15
3dd9e578dace13af ,1770632847490 ,0.5349121 ,-0.286438 ,-0.014831543 ,3 ,Acc ,15
3dd9e578dace13af ,1770752897386 ,0.6390991 ,-0.1928711 ,0.041503906 ,3 ,Acc ,15
3dd9e578dace13af ,1770874049782 ,0.53656006 ,0.05633545 ,0.09295654 ,3 ,Acc ,15
3dd9e578dace13af ,1770993158688 ,0.6121216 ,0.12915039 ,0.091674805 ,3 ,Acc ,15
3dd9e578dace13af ,1771111538063 ,0.54797363 ,0.18841553 ,0.08709717 ,3 ,Acc ,15
3dd9e578dace13af ,1771212700355 ,0.55566406 ,0.16497803 ,0.08557129 ,3 ,Acc ,15
3dd9e578dace13af ,1771313471657 ,0.5755005 ,0.032104492 ,0.0513916 ,3 ,Acc ,15
3dd9e578dace13af ,1771412959261 ,0.5725708 ,-0.12225342 ,-0.0034179688 ,3 ,Acc ,15
3dd9e578dace13af ,1771471363375 ,10.908081 ,6.7650757 ,-3.4563293 ,0 ,Acc ,10
3dd9e578dace13af ,1771528897438 ,0.53338623 ,-0.25256348 ,-0.07659912 ,3 ,Acc ,15
3dd9e578dace13af ,1771633829313 ,0.5610962 ,-0.29882813 ,-0.08093262 ,3 ,Acc ,15
3dd9e578dace13af ,1771754041604 ,0.63378906 ,-0.14385986 ,0.006958008 ,3 ,Acc ,15
3dd9e578dace13af ,1771871343063 ,0.5336304 ,0.07220459 ,0.05895996 ,3 ,Acc ,15
3dd9e578dace13af ,1771994288219 ,0.6397705 ,0.09893799 ,0.06237793 ,3 ,Acc ,15
3dd9e578dace13af ,1772114352490 ,0.6107178 ,0.15258789 ,0.050476074 ,3 ,Acc ,15
3dd9e578dace13af ,1772213795667 ,0.55322266 ,0.1381836 ,0.021057129 ,3 ,Acc ,15
3dd9e578dace13af ,1772314593687 ,0.5507202 ,-0.018188477 ,-0.0146484375 ,3 ,Acc ,15
3dd9e578dace13af ,1772414082490 ,0.5761719 ,-0.1854248 ,-0.062438965 ,3 ,Acc ,15
3dd9e578dace13af ,1772514826031 ,0.5623169 ,-0.28979492 ,-0.11236572 ,3 ,Acc ,15
3dd9e578dace13af ,1772635019364 ,0.5852661 ,-0.3164673 ,-0.1026001 ,3 ,Acc ,15
3dd9e578dace13af ,1772755063791 ,0.64642334 ,-0.12451172 ,-0.022705078 ,3 ,Acc ,15
3dd9e578dace13af ,1772876291031 ,0.5031128 ,0.09875488 ,0.0021362305 ,3 ,Acc ,15
3dd9e578dace13af ,1772995315666 ,0.5910034 ,0.14630127 ,-0.014892578 ,3 ,Acc ,15
3dd9e578dace13af ,1773100215614 ,0.576416 ,0.16552734 ,-0.042419434 ,3 ,Acc ,15
3dd9e578dace13af ,1773214883687 ,0.5687866 ,0.11395264 ,-0.05670166 ,3 ,Acc ,15
3dd9e578dace13af ,1773315638166 ,0.5924072 ,-0.026916504 ,-0.068603516 ,3 ,Acc ,15
3dd9e578dace13af ,1773415138479 ,0.6148071 ,-0.20025635 ,-0.13031006 ,3 ,Acc ,15
3dd9e578dace13af ,1773515940875 ,0.6600342 ,-0.28851318 ,-0.19714355 ,3 ,Acc ,15
3dd9e578dace13af ,1773631020718 ,0.66223145 ,-0.30639648 ,-0.17321777 ,3 ,Acc ,15
3dd9e578dace13af ,1773735534156 ,0.67419434 ,-0.18884277 ,-0.07556152 ,3 ,Acc ,15
3dd9e578dace13af ,1773836499729 ,0.57891846 ,0.043945313 ,0.0032958984 ,3 ,Acc ,15
3dd9e578dace13af ,1773956297541 ,0.43103027 ,0.08581543 ,-0.0635376 ,3 ,Acc ,15
3dd9e578dace13af ,1774077528322 ,0.39056396 ,0.021484375 ,-0.11602783 ,3 ,Acc ,15
3dd9e578dace13af ,1774196551083 ,0.27111816 ,0.048706055 ,-0.11340332 ,3 ,Acc ,15
3dd9e578dace13af ,1774316814833 ,0.2234497 ,0.015258789 ,-0.09020996 ,3 ,Acc ,15
3dd9e578dace13af ,1774436867801 ,0.16174316 ,-0.03869629 ,-0.06341553 ,3 ,Acc ,15
3dd9e578dace13af ,1774474762437 ,10.494415 ,-1.0012817 ,-12.657013 ,0 ,Acc ,10
3dd9e578dace13af ,1774551196916 ,0.108947754 ,-0.06915283 ,-0.09210205 ,3 ,Acc ,15
3dd9e578dace13af ,1774654516187 ,-0.010314941 ,-0.041625977 ,-0.09777832 ,3 ,Acc ,15
3dd9e578dace13af ,1774757239364 ,-0.115722656 ,-0.018798828 ,-0.11029053 ,3 ,Acc ,15
3dd9e578dace13af ,1774874822957 ,-0.29840088 ,-0.030700684 ,-0.18151855 ,3 ,Acc ,15
3dd9e578dace13af ,1774976867905 ,-0.3703003 ,-0.044067383 ,-0.27374268 ,3 ,Acc ,15
3dd9e578dace13af ,1775078654416 ,-0.44067383 ,-0.041625977 ,-0.34490967 ,3 ,Acc ,15
3dd9e578dace13af ,1775197755041 ,-0.4977417 ,-0.01550293 ,-0.2942505 ,3 ,Acc ,15
3dd9e578dace13af ,1775297137957 ,-0.61169434 ,0.009460449 ,-0.1609497 ,3 ,Acc ,15
3dd9e578dace13af ,1775397967645 ,-0.70880127 ,0.02545166 ,-0.05078125 ,3 ,Acc ,15
3dd9e578dace13af ,1775518191811 ,-0.3511963 ,0.4909668 ,-0.56085205 ,3 ,Acc ,15
3dd9e578dace13af ,1775638202853 ,-0.3287964 ,0.47930908 ,-0.590271 ,3 ,Acc ,15
3dd9e578dace13af ,1775758404780 ,-0.2506714 ,0.4642334 ,-0.668396 ,3 ,Acc ,15
3dd9e578dace13af ,1775857774155 ,-0.16326904 ,0.44903564 ,-0.73864746 ,3 ,Acc ,15
3dd9e578dace13af ,1775958486603 ,-0.09429932 ,0.4545288 ,-0.78308105 ,3 ,Acc ,15
3dd9e578dace13af ,1776058004832 ,-0.091796875 ,0.4360962 ,-0.8189697 ,3 ,Acc ,15
3dd9e578dace13af ,1776158830144 ,-0.14764404 ,0.43377686 ,-0.79138184 ,3 ,Acc ,15
3dd9e578dace13af ,1776279918061 ,-0.30596924 ,0.41033936 ,-0.7110596 ,3 ,Acc ,15
3dd9e578dace13af ,1776399028426 ,-0.40393066 ,0.3916626 ,-0.6534424 ,3 ,Acc ,15
3dd9e578dace13af ,1776519126759 ,-0.40075684 ,0.43359375 ,-0.6165161 ,3 ,Acc ,15
3dd9e578dace13af ,1776639360040 ,-0.38989258 ,0.45336914 ,-0.6201782 ,3 ,Acc ,15
3dd9e578dace13af ,1776759413530 ,-0.37512207 ,0.36187744 ,-0.73553467 ,3 ,Acc ,15
3dd9e578dace13af ,1776858857644 ,-0.3079834 ,0.25671387 ,-0.8364868 ,3 ,Acc ,15
3dd9e578dace13af ,1776979112227 ,-0.16363525 ,0.33258057 ,-0.87335205 ,3 ,Acc ,15
3dd9e578dace13af ,1777080775509 ,-0.057800293 ,0.39483643 ,-0.8585205 ,3 ,Acc ,15
3dd9e578dace13af ,1777198604050 ,-0.1281128 ,0.37457275 ,-0.80718994 ,3 ,Acc ,15
3dd9e578dace13af ,1777299355613 ,-0.37164307 ,0.33032227 ,-0.7592163 ,3 ,Acc ,15
3dd9e578dace13af ,1777400041238 ,-0.44140625 ,0.38586426 ,-0.6879883 ,3 ,Acc ,15
3dd9e578dace13af ,1777477921133 ,0.662323 ,-2.567337 ,0.7502594 ,0 ,Acc ,10
3dd9e578dace13af ,1777514532331 ,-0.41589355 ,0.44348145 ,-0.6555786 ,3 ,Acc ,15
3dd9e578dace13af ,1777619455404 ,-0.4276123 ,0.45117188 ,-0.65948486 ,3 ,Acc ,15
3dd9e578dace13af ,1777720385821 ,-0.37127686 ,0.41101074 ,-0.7203369 ,3 ,Acc ,15
3dd9e578dace13af ,1777840708425 ,-0.21051025 ,0.4081421 ,-0.803833 ,3 ,Acc ,15
3dd9e578dace13af ,1777940861862 ,-0.10266113 ,0.4088745 ,-0.85357666 ,3 ,Acc ,15
3dd9e578dace13af ,1778060112539 ,-0.022399902 ,0.4126587 ,-0.86047363 ,3 ,Acc ,15
3dd9e578dace13af ,1778161009467 ,-0.050354004 ,0.47070313 ,-0.7947998 ,3 ,Acc ,15
3dd9e578dace13af ,1778282091862 ,-0.35375977 ,0.36627197 ,-0.7642212 ,3 ,Acc ,15
3dd9e578dace13af ,1778400859727 ,-0.41516113 ,0.38934326 ,-0.7175293 ,3 ,Acc ,15
3dd9e578dace13af ,1778521319154 ,-0.39593506 ,0.46759033 ,-0.6835327 ,3 ,Acc ,15
3dd9e578dace13af ,1778641473998 ,-0.43762207 ,0.39831543 ,-0.723938 ,3 ,Acc ,15
3dd9e578dace13af ,1778740844102 ,-0.33068848 ,0.34625244 ,-0.81365967 ,3 ,Acc ,15
3dd9e578dace13af ,1778841746862 ,-0.17895508 ,0.3953247 ,-0.85595703 ,3 ,Acc ,15
3dd9e578dace13af ,1778941106654 ,-0.076660156 ,0.40722656 ,-0.88739014 ,3 ,Acc ,15
3dd9e578dace13af ,1779041735560 ,-0.011474609 ,0.4192505 ,-0.888916 ,3 ,Acc ,15
3dd9e578dace13af ,1779162477852 ,-0.10229492 ,0.48046875 ,-0.8206787 ,3 ,Acc ,15
3dd9e578dace13af ,1779283220508 ,-0.34521484 ,0.3501587 ,-0.81365967 ,3 ,Acc ,15
3dd9e578dace13af ,1779402702018 ,-0.37243652 ,0.4329834 ,-0.73620605 ,3 ,Acc ,15
3dd9e578dace13af ,1779959613060 ,-0.012451172 ,0.41271973 ,-0.8911743 ,3 ,Acc ,15
3dd9e578dace13af ,1780061672278 ,0.026062012 ,0.4798584 ,-0.84954834 ,3 ,Acc ,15
3dd9e578dace13af ,1780163697226 ,-0.14440918 ,0.48669434 ,-0.81048584 ,3 ,Acc ,15
3dd9e578dace13af ,1780283381705 ,-0.335083 ,0.42919922 ,-0.7695923 ,3 ,Acc ,15
3dd9e578dace13af ,1780398042122 ,-0.37860107 ,0.47503662 ,-0.7093506 ,3 ,Acc ,15
3dd9e578dace13af ,1780481193268 ,4.454071 ,-0.9501343 ,0.6124878 ,0 ,Acc ,10
3dd9e578dace13af ,1780518092070 ,-0.43060303 ,0.4640503 ,-0.6954346 ,3 ,Acc ,15
3dd9e578dace13af ,1780619941132 ,-0.37121582 ,0.46142578 ,-0.7463989 ,3 ,Acc ,15
3dd9e578dace13af ,1780724221705 ,-0.22271729 ,0.4584961 ,-0.81866455 ,3 ,Acc ,15
3dd9e578dace13af ,1780844347174 ,-0.08148193 ,0.4500122 ,-0.8674927 ,3 ,Acc ,15
3dd9e578dace13af ,1780964466497 ,0.015625 ,0.41186523 ,-0.89501953 ,3 ,Acc ,15
3dd9e578dace13af ,1781081337174 ,0.08081055 ,0.5378418 ,-0.8109741 ,3 ,Acc ,15
3dd9e578dace13af ,1781183535142 ,-0.103149414 ,0.53826904 ,-0.7871094 ,3 ,Acc ,15
3dd9e578dace13af ,1781285864934 ,-0.3624878 ,0.40075684 ,-0.7937012 ,3 ,Acc ,15
3dd9e578dace13af ,1781404484517 ,-0.42297363 ,0.4519043 ,-0.73309326 ,3 ,Acc ,15
3dd9e578dace13af ,1781524766653 ,-0.40716553 ,0.46417236 ,-0.7449951 ,3 ,Acc ,15
3dd9e578dace13af ,1781644681080 ,-0.32086182 ,0.4265747 ,-0.8150635 ,3 ,Acc ,15
3dd9e578dace13af ,1781744099830 ,-0.18762207 ,0.39379883 ,-0.87506104 ,3 ,Acc ,15
3dd9e578dace13af ,1781846189257 ,-0.04827881 ,0.430542 ,-0.8869629 ,3 ,Acc ,15
3dd9e578dace13af ,1781964972850 ,0.072753906 ,0.44921875 ,-0.8821411 ,3 ,Acc ,15
3dd9e578dace13af ,1782086159413 ,0.018615723 ,0.5440674 ,-0.8196411 ,3 ,Acc ,15
3dd9e578dace13af ,1782205358423 ,-0.20697021 ,0.44256592 ,-0.83862305 ,3 ,Acc ,15
3dd9e578dace13af ,1782325487642 ,-0.3284912 ,0.50653076 ,-0.75128174 ,3 ,Acc ,15
3dd9e578dace13af ,1782443628475 ,-0.40307617 ,0.477417 ,-0.73864746 ,3 ,Acc ,15
3dd9e578dace13af ,1782545014048 ,-0.39196777 ,0.44891357 ,-0.77349854 ,3 ,Acc ,15
3dd9e578dace13af ,1782645830767 ,-0.28112793 ,0.43481445 ,-0.83428955 ,3 ,Acc ,15
3dd9e578dace13af ,1782764871652 ,-0.10369873 ,0.45300293 ,-0.8731079 ,3 ,Acc ,15
3dd9e578dace13af ,1782865322746 ,0.020996094 ,0.4788208 ,-0.8737793 ,3 ,Acc ,15
3dd9e578dace13af ,1782966181808 ,0.073791504 ,0.50408936 ,-0.8574829 ,3 ,Acc ,15
3dd9e578dace13af ,1783087237381 ,-0.07434082 ,0.51501465 ,-0.8389282 ,3 ,Acc ,15
3dd9e578dace13af ,1783206464256 ,-0.2758789 ,0.43463135 ,-0.8329468 ,3 ,Acc ,15
3dd9e578dace13af ,1783323847433 ,-0.31121826 ,0.51464844 ,-0.76416016 ,3 ,Acc ,15
3dd9e578dace13af ,1783428709517 ,-0.35803223 ,0.48492432 ,-0.76782227 ,3 ,Acc ,15
3dd9e578dace13af ,1783483170871 ,9.12059 ,1.0403442 ,-0.7835846 ,0 ,Acc ,10
3dd9e578dace13af ,1783540330558 ,-0.3215332 ,0.44488525 ,-0.815979 ,3 ,Acc ,15
3dd9e578dace13af ,1783642278579 ,-0.16790771 ,0.48114014 ,-0.8512573 ,3 ,Acc ,15
3dd9e578dace13af ,1783746387485 ,-0.039978027 ,0.49554443 ,-0.86590576 ,3 ,Acc ,15
3dd9e578dace13af ,1783847213423 ,0.0423584 ,0.48162842 ,-0.87524414 ,3 ,Acc ,15
3dd9e578dace13af ,1783967180089 ,0.051635742 ,0.5507202 ,-0.82940674 ,3 ,Acc ,15
3dd9e578dace13af ,1784084735402 ,-0.16229248 ,0.51208496 ,-0.82684326 ,3 ,Acc ,15
3dd9e578dace13af ,1784186715714 ,-0.2850952 ,0.4647827 ,-0.8161011 ,3 ,Acc ,15
3dd9e578dace13af ,1784288528839 ,-0.29779053 ,0.53533936 ,-0.76239014 ,3 ,Acc ,15
3dd9e578dace13af ,1784407713475 ,-0.3529663 ,0.50372314 ,-0.7666626 ,3 ,Acc ,15
3dd9e578dace13af ,1784507034620 ,-0.33129883 ,0.45166016 ,-0.81762695 ,3 ,Acc ,15
3dd9e578dace13af ,1784607820454 ,-0.18157959 ,0.44543457 ,-0.87194824 ,3 ,Acc ,15
3dd9e578dace13af ,1784727464881 ,0.0017700195 ,0.48669434 ,-0.8734741 ,3 ,Acc ,15
3dd9e578dace13af ,1784844160349 ,0.114868164 ,0.48620605 ,-0.8657837 ,3 ,Acc ,15
3dd9e578dace13af ,1784947596391 ,0.091308594 ,0.5504761 ,-0.8295288 ,3 ,Acc ,15
3dd9e578dace13af ,1785048439412 ,-0.099609375 ,0.52801514 ,-0.83880615 ,3 ,Acc ,15
3dd9e578dace13af ,1785168446547 ,-0.28979492 ,0.4584961 ,-0.8311157 ,3 ,Acc ,15
3dd9e578dace13af ,1785289669203 ,-0.35601807 ,0.51867676 ,-0.7620239 ,3 ,Acc ,15
3dd9e578dace13af ,1785408734203 ,-0.3768921 ,0.4831543 ,-0.78100586 ,3 ,Acc ,15
3dd9e578dace13af ,1785508188787 ,-0.2802124 ,0.48120117 ,-0.8260498 ,3 ,Acc ,15
3dd9e578dace13af ,1785609069099 ,-0.111694336 ,0.48876953 ,-0.8633423 ,3 ,Acc ,15
3dd9e578dace13af ,1785713659047 ,0.045288086 ,0.53240967 ,-0.8451538 ,3 ,Acc ,15
3dd9e578dace13af ,1785828521234 ,0.15942383 ,0.5326538 ,-0.82891846 ,3 ,Acc ,15
3dd9e578dace13af ,1785929390141 ,0.1081543 ,0.59020996 ,-0.7998047 ,3 ,Acc ,15
3dd9e578dace13af ,1786028773786 ,-0.09283447 ,0.54608154 ,-0.8309326 ,3 ,Acc ,15
3dd9e578dace13af ,1786129449932 ,-0.26342773 ,0.494812 ,-0.82159424 ,3 ,Acc ,15
3dd9e578dace13af ,1786228938005 ,-0.32312012 ,0.5389404 ,-0.76763916 ,3 ,Acc ,15
3dd9e578dace13af ,1786329904776 ,-0.35437012 ,0.5171509 ,-0.7720337 ,3 ,Acc ,15
3dd9e578dace13af ,1786449887849 ,-0.2901001 ,0.50354004 ,-0.81048584 ,3 ,Acc ,15
3dd9e578dace13af ,1786487287224 ,9.817749 ,4.918808 ,-3.7493439 ,0 ,Acc ,10
3dd9e578dace13af ,1786566689203 ,-0.11218262 ,0.48168945 ,-0.86828613 ,3 ,Acc ,15
3dd9e578dace13af ,1786669445713 ,0.038024902 ,0.50341797 ,-0.8630371 ,3 ,Acc ,15
3dd9e578dace13af ,1786788620453 ,0.171875 ,0.51348877 ,-0.838562 ,3 ,Acc ,15
3dd9e578dace13af ,1786891383838 ,0.1665039 ,0.6008911 ,-0.78082275 ,3 ,Acc ,15
3dd9e578dace13af ,1787009443838 ,-0.078063965 ,0.57476807 ,-0.81433105 ,3 ,Acc ,15
3dd9e578dace13af ,1787130115505 ,-0.2722168 ,0.51208496 ,-0.8121338 ,3 ,Acc ,15
3dd9e578dace13af ,1787250727171 ,-0.3317871 ,0.54559326 ,-0.7672119 ,3 ,Acc ,15
3dd9e578dace13af ,1787370934515 ,-0.32537842 ,0.51135254 ,-0.79437256 ,3 ,Acc ,15
3dd9e578dace13af ,1787492026338 ,-0.16674805 ,0.5626831 ,-0.8095093 ,3 ,Acc ,15
3dd9e578dace13af ,1787611225765 ,0.022277832 ,0.5845947 ,-0.81018066 ,3 ,Acc ,15
3dd9e578dace13af ,1787731214307 ,0.15325928 ,0.5656128 ,-0.8048096 ,3 ,Acc ,15
3dd9e578dace13af ,1787851591442 ,0.16699219 ,0.61694336 ,-0.7661743 ,3 ,Acc ,15
3dd9e578dace13af ,1787950898525 ,0.012023926 ,0.65441895 ,-0.75598145 ,3 ,Acc ,15
3dd9e578dace13af ,1788050859150 ,-0.19830322 ,0.5513916 ,-0.80981445 ,3 ,Acc ,15
3dd9e578dace13af ,1788171770973 ,-0.291687 ,0.5585327 ,-0.7764282 ,3 ,Acc ,15
3dd9e578dace13af ,1788292905661 ,-0.34039307 ,0.5749512 ,-0.7438965 ,3 ,Acc ,15
3dd9e578dace13af ,1788412047275 ,-0.2927246 ,0.55267334 ,-0.78009033 ,3 ,Acc ,15
3dd9e578dace13af ,1788531934983 ,-0.08496094 ,0.60931396 ,-0.78790283 ,3 ,Acc ,15
3dd9e578dace13af ,1788652318577 ,0.10095215 ,0.6364746 ,-0.7623291 ,3 ,Acc ,15
3dd9e578dace13af ,1788754983369 ,0.20037842 ,0.62677 ,-0.74816895 ,3 ,Acc ,15
3dd9e578dace13af ,1788871848942 ,0.16186523 ,0.68811035 ,-0.7053833 ,3 ,Acc ,15
3dd9e578dace13af ,1788972705244 ,-0.058410645 ,0.65270996 ,-0.755188 ,3 ,Acc ,15
3dd9e578dace13af ,1789071900660 ,-0.2185669 ,0.5458374 ,-0.8087158 ,3 ,Acc ,15
3dd9e578dace13af ,1789172762744 ,-0.24493408 ,0.6309204 ,-0.7357178 ,3 ,Acc ,15
3dd9e578dace13af ,1789293987223 ,-0.28753662 ,0.62268066 ,-0.7253418 ,3 ,Acc ,15
3dd9e578dace13af ,1789413071598 ,-0.24865723 ,0.6168823 ,-0.74505615 ,3 ,Acc ,15
3dd9e578dace13af ,1789489522952 ,11.319183 ,7.1032104 ,-1.7289124 ,0 ,Acc ,10
3dd9e578dace13af ,1789527463837 ,-0.053771973 ,0.6665039 ,-0.7415161 ,3 ,Acc ,15
3dd9e578dace13af ,1789631028316 ,0.096069336 ,0.69989014 ,-0.70269775 ,3 ,Acc ,15
3dd9e578dace13af ,1789733352952 ,0.19354248 ,0.6956177 ,-0.6838989 ,3 ,Acc ,15
3dd9e578dace13af ,1789832874722 ,0.20892334 ,0.74780273 ,-0.6251221 ,3 ,Acc ,15
3dd9e578dace13af ,1789933762483 ,0.07342529 ,0.8376465 ,-0.54052734 ,3 ,Acc ,15
3dd9e578dace13af ,1790053781858 ,-0.11102295 ,0.86053467 ,-0.49713135 ,3 ,Acc ,15
3dd9e578dace13af ,1790168102795 ,-0.23071289 ,0.84143066 ,-0.4866333 ,3 ,Acc ,15
3dd9e578dace13af ,1790289158160 ,-0.26055908 ,0.83758545 ,-0.48016357 ,3 ,Acc ,15
3dd9e578dace13af ,1790408350451 ,-0.15826416 ,0.883667 ,-0.44049072 ,3 ,Acc ,15
3dd9e578dace13af ,1790528370451 ,0.00793457 ,0.81915283 ,-0.5730591 ,3 ,Acc ,15
3dd9e578dace13af ,1790631182587 ,0.16369629 ,0.8341675 ,-0.5258789 ,3 ,Acc ,15
3dd9e578dace13af ,1790734579670 ,0.25952148 ,0.8111572 ,-0.5232544 ,3 ,Acc ,15
3dd9e578dace13af ,1790833958576 ,0.26971436 ,0.8118286 ,-0.51586914 ,3 ,Acc ,15
3dd9e578dace13af ,1790934827066 ,0.1317749 ,0.85162354 ,-0.50439453 ,3 ,Acc ,15
3dd9e578dace13af ,1791054945087 ,-0.10021973 ,0.7966919 ,-0.5958252 ,3 ,Acc ,15
3dd9e578dace13af ,1791174928784 ,-0.14227295 ,0.84851074 ,-0.5097046 ,3 ,Acc ,15
3dd9e578dace13af ,1791295566857 ,-0.17120361 ,0.8514404 ,-0.4953003 ,3 ,Acc ,15
3dd9e578dace13af ,1791415254097 ,-0.16320801 ,0.8198242 ,-0.5480957 ,3 ,Acc ,15
3dd9e578dace13af ,1791535435868 ,-0.03289795 ,0.8156128 ,-0.5770874 ,3 ,Acc ,15
3dd9e578dace13af ,1791634886128 ,0.0871582 ,0.7976074 ,-0.59680176 ,3 ,Acc ,15
3dd9e578dace13af ,1791735580034 ,0.18945313 ,0.7947998 ,-0.576416 ,3 ,Acc ,15
3dd9e578dace13af ,1791845224149 ,0.25543213 ,0.7779541 ,-0.5739136 ,3 ,Acc ,15
3dd9e578dace13af ,1791955183003 ,0.22052002 ,0.821228 ,-0.526001 ,3 ,Acc ,15
3dd9e578dace13af ,1792055981492 ,0.07318115 ,0.82214355 ,-0.56451416 ,3 ,Acc ,15
3dd9e578dace13af ,1792176152847 ,-0.066345215 ,0.7904663 ,-0.60809326 ,3 ,Acc ,15
3dd9e578dace13af ,1792297236701 ,-0.1161499 ,0.78845215 ,-0.60009766 ,3 ,Acc ,15
3dd9e578dace13af ,1792415858055 ,-0.1282959 ,0.74468994 ,-0.64453125 ,3 ,Acc ,15
3dd9e578dace13af ,1792493333315 ,15.196884 ,5.8020477 ,3.4691925 ,0 ,Acc ,10
3dd9e578dace13af ,1792530646336 ,-0.07128906 ,0.7484131 ,-0.649353 ,3 ,Acc ,15
3dd9e578dace13af ,1792630228055 ,0.028808594 ,0.706604 ,-0.7012329 ,3 ,Acc ,15
3dd9e578dace13af ,1792736762430 ,0.15148926 ,0.7379761 ,-0.6550293 ,3 ,Acc ,15
3dd9e578dace13af ,1792840398523 ,0.2571411 ,0.762146 ,-0.5891113 ,3 ,Acc ,15
3dd9e578dace13af ,1792956281596 ,0.34802246 ,0.72662354 ,-0.58258057 ,3 ,Acc ,15
3dd9e578dace13af ,1793057140398 ,0.39746094 ,0.71990967 ,-0.5501709 ,3 ,Acc ,15
3dd9e578dace13af ,1793177165502 ,0.46948242 ,0.6726074 ,-0.5368042 ,3 ,Acc ,15
3dd9e578dace13af ,1793294937221 ,0.58514404 ,0.54907227 ,-0.5652466 ,3 ,Acc ,15
3dd9e578dace13af ,1793396413315 ,0.6395874 ,0.50146484 ,-0.5471802 ,3 ,Acc ,15
3dd9e578dace13af ,1793498533002 ,0.65252686 ,0.4777832 ,-0.5482178 ,3 ,Acc ,15
3dd9e578dace13af ,1793617761544 ,0.6820679 ,0.44696045 ,-0.5305176 ,3 ,Acc ,15
3dd9e578dace13af ,1793737789721 ,0.6970825 ,0.4249878 ,-0.5253906 ,3 ,Acc ,15
3dd9e578dace13af ,1793859374356 ,0.70196533 ,0.41229248 ,-0.5311279 ,3 ,Acc ,15
3dd9e578dace13af ,1793977849408 ,0.7028198 ,0.4038086 ,-0.5371704 ,3 ,Acc ,15
3dd9e578dace13af ,1794098970815 ,0.70526123 ,0.3848877 ,-0.55352783 ,3 ,Acc ,15
3dd9e578dace13af ,1794218887794 ,0.7147827 ,0.3838501 ,-0.5348511 ,3 ,Acc ,15
3dd9e578dace13af ,1794338647794 ,0.11834717 ,0.38598633 ,-0.91485596 ,3 ,Acc ,15
3dd9e578dace13af ,1794437890398 ,0.12188721 ,0.37652588 ,-0.91815186 ,3 ,Acc ,15
3dd9e578dace13af ,1794538670814 ,0.13470459 ,0.37353516 ,-0.91741943 ,3 ,Acc ,15
3dd9e578dace13af ,1794638112637 ,0.13995361 ,0.369812 ,-0.9180298 ,3 ,Acc ,15
3dd9e578dace13af ,1794739063679 ,0.13690186 ,0.36224365 ,-0.9213867 ,3 ,Acc ,15
3dd9e578dace13af ,1794859218939 ,0.13238525 ,0.35180664 ,-0.9260254 ,3 ,Acc ,15
3dd9e578dace13af ,1794979174096 ,0.12573242 ,0.3427124 ,-0.93029785 ,3 ,Acc ,15
3dd9e578dace13af ,1795100297481 ,0.13012695 ,0.34088135 ,-0.9300537 ,3 ,Acc ,15
