3dd9e578dace13af ,1101055019420 ,-0.13842773 ,0.37753296 ,0.40150452 ,0 ,Acc ,10
3dd9e578dace13af ,1101162628483 ,-0.32452393 ,0.11755371 ,0.09851074 ,3 ,Acc ,15
3dd9e578dace13af ,1101282920305 ,-0.3334961 ,0.11425781 ,0.17730713 ,3 ,Acc ,15
3dd9e578dace13af ,1101384798691 ,-0.38635254 ,0.103759766 ,0.20880127 ,3 ,Acc ,15
3dd9e578dace13af ,1101484362128 ,-0.4862671 ,0.052246094 ,0.17840576 ,3 ,Acc ,15
3dd9e578dace13af ,1101582822284 ,-0.517395 ,-0.09313965 ,0.095581055 ,3 ,Acc ,15
3dd9e578dace13af ,1101708904889 ,-0.45916748 ,-0.3632202 ,-0.061828613 ,3 ,Acc ,15
3dd9e578dace13af ,1101828969993 ,-0.33117676 ,-0.5859375 ,-0.18939209 ,3 ,Acc ,15
3dd9e578dace13af ,1101949114263 ,-0.39038086 ,-0.61157227 ,-0.30993652 ,3 ,Acc ,15
3dd9e578dace13af ,1102048794784 ,-0.3965454 ,-0.628479 ,-0.3143921 ,3 ,Acc ,15
3dd9e578dace13af ,1102149370305 ,-0.42614746 ,-0.6356201 ,-0.31756592 ,3 ,Acc ,15
3dd9e578dace13af ,1102250450930 ,-0.44726563 ,-0.6052246 ,-0.25494385 ,3 ,Acc ,15
3dd9e578dace13af ,1102368975878 ,-0.3932495 ,-0.5177002 ,-0.159729 ,3 ,Acc ,15
3dd9e578dace13af ,1102469668170 ,-0.38824463 ,-0.4185791 ,-0.103271484 ,3 ,Acc ,15
3dd9e578dace13af ,1102589853951 ,-0.38983154 ,-0.32983398 ,-0.08294678 ,3 ,Acc ,15
3dd9e578dace13af ,1102709998430 ,-0.44256592 ,-0.30615234 ,-0.16564941 ,3 ,Acc ,15
3dd9e578dace13af ,1102830069211 ,-0.36206055 ,-0.49798584 ,-0.17675781 ,3 ,Acc ,15
3dd9e578dace13af ,1102950173534 ,-0.4142456 ,-0.58898926 ,-0.27392578 ,3 ,Acc ,15
3dd9e578dace13af ,1103051330461 ,-0.45184326 ,-0.55999756 ,-0.30651855 ,3 ,Acc ,15
3dd9e578dace13af ,1103169922648 ,-0.49414063 ,-0.5228882 ,-0.2677002 ,3 ,Acc ,15
3dd9e578dace13af ,1103270537388 ,-0.4984131 ,-0.44317627 ,-0.17938232 ,3 ,Acc ,15
3dd9e578dace13af ,1103370424523 ,-0.5071411 ,-0.3355713 ,-0.09484863 ,3 ,Acc ,15
3dd9e578dace13af ,1103470056450 ,-0.5247803 ,-0.22070313 ,-0.01373291 ,3 ,Acc ,15
3dd9e578dace13af ,1103590880461 ,-0.54107666 ,-0.17669678 ,0.0013427734 ,3 ,Acc ,15
3dd9e578dace13af ,1103711058273 ,-0.50512695 ,-0.4064331 ,-0.14447021 ,3 ,Acc ,15
3dd9e578dace13af ,1103831178065 ,-0.26635742 ,-0.6581421 ,-0.12005615 ,3 ,Acc ,15
3dd9e578dace13af ,1103951234627 ,-0.44122314 ,-0.6230469 ,-0.26489258 ,3 ,Acc ,15
3dd9e578dace13af ,1104052389159 ,-0.4390869 ,-0.64508057 ,-0.25878906 ,3 ,Acc ,15
3dd9e578dace13af ,1104064929679 ,3.0773468 ,-5.150131 ,5.568817 ,0 ,Acc ,10
3dd9e578dace13af ,1104168288481 ,-0.37579346 ,-0.6548462 ,-0.17425537 ,3 ,Acc ,15
3dd9e578dace13af ,1104286472388 ,-0.5128174 ,-0.47802734 ,-0.14477539 ,3 ,Acc ,15
3dd9e578dace13af ,1104391781919 ,-0.5292969 ,-0.35131836 ,-0.044677734 ,3 ,Acc ,15
3dd9e578dace13af ,1104511829888 ,-0.5235596 ,-0.25585938 ,-0.008544922 ,3 ,Acc ,15
3dd9e578dace13af ,1104632016450 ,-0.55133057 ,-0.32507324 ,-0.103027344 ,3 ,Acc ,15
3dd9e578dace13af ,1104752166189 ,-0.40057373 ,-0.5415039 ,-0.095214844 ,3 ,Acc ,15
3dd9e578dace13af ,1104853257856 ,-0.34509277 ,-0.62994385 ,-0.10296631 ,3 ,Acc ,15
3dd9e578dace13af ,1104971935616 ,-0.35656738 ,-0.66204834 ,-0.11279297 ,3 ,Acc ,15
3dd9e578dace13af ,1105072496294 ,-0.3213501 ,-0.66052246 ,-0.05206299 ,3 ,Acc ,15
3dd9e578dace13af ,1105172118741 ,-0.3399048 ,-0.5947876 ,6.1035156E-5 ,3 ,Acc ,15
3dd9e578dace13af ,1105292207856 ,-0.38208008 ,-0.45611572 ,0.07446289 ,3 ,Acc ,15
3dd9e578dace13af ,1105392828116 ,-0.4421997 ,-0.34783936 ,0.13885498 ,3 ,Acc ,15
3dd9e578dace13af ,1105512931189 ,-0.4727173 ,-0.32025146 ,0.10827637 ,3 ,Acc ,15
3dd9e578dace13af ,1105633167647 ,-0.4107666 ,-0.48364258 ,0.03894043 ,3 ,Acc ,15
3dd9e578dace13af ,1105749081293 ,-0.21362305 ,-0.6184082 ,0.105651855 ,3 ,Acc ,15
3dd9e578dace13af ,1105854183012 ,-0.2341919 ,-0.66967773 ,0.090148926 ,3 ,Acc ,15
3dd9e578dace13af ,1105973085564 ,-0.24255371 ,-0.7050171 ,0.09716797 ,3 ,Acc ,15
3dd9e578dace13af ,1106073662960 ,-0.21496582 ,-0.65185547 ,0.15771484 ,3 ,Acc ,15
3dd9e578dace13af ,1106193691606 ,-0.2868042 ,-0.4882202 ,0.18914795 ,3 ,Acc ,15
3dd9e578dace13af ,1106293238376 ,-0.43792725 ,-0.35858154 ,0.21795654 ,3 ,Acc ,15
3dd9e578dace13af ,1106393301449 ,-0.4822998 ,-0.26556396 ,0.25054932 ,3 ,Acc ,15
3dd9e578dace13af ,1106514034574 ,-0.5109253 ,-0.32403564 ,0.17407227 ,3 ,Acc ,15
3dd9e578dace13af ,1106634237855 ,-0.3244629 ,-0.5147095 ,0.15240479 ,3 ,Acc ,15
3dd9e578dace13af ,1106754272230 ,-0.2930298 ,-0.61273193 ,0.08618164 ,3 ,Acc ,15
3dd9e578dace13af ,1106855706241 ,-0.30706787 ,-0.65734863 ,0.058532715 ,3 ,Acc ,15
3dd9e578dace13af ,1106974014887 ,-0.21618652 ,-0.67352295 ,0.14801025 ,3 ,Acc ,15
3dd9e578dace13af ,1107074784053 ,-0.23895264 ,-0.60095215 ,0.20495605 ,3 ,Acc ,15
3dd9e578dace13af ,1107071465564 ,7.3054657 ,3.1375275 ,-1.3826141 ,0 ,Acc ,10
3dd9e578dace13af ,1107188869782 ,-0.36895752 ,-0.44274902 ,0.24603271 ,3 ,Acc ,15
3dd9e578dace13af ,1107294377439 ,-0.4421997 ,-0.32348633 ,0.30566406 ,3 ,Acc ,15
3dd9e578dace13af ,1107394555511 ,-0.47106934 ,-0.25231934 ,0.3225708 ,3 ,Acc ,15
3dd9e578dace13af ,1107494473949 ,-0.5050659 ,-0.32617188 ,0.24450684 ,3 ,Acc ,15
3dd9e578dace13af ,1107595193011 ,-0.36621094 ,-0.48284912 ,0.21014404 ,3 ,Acc ,15
3dd9e578dace13af ,1107694782959 ,-0.25769043 ,-0.583374 ,0.1876831 ,3 ,Acc ,15
3dd9e578dace13af ,1107814827386 ,-0.2662964 ,-0.65130615 ,0.14001465 ,3 ,Acc ,15
3dd9e578dace13af ,1107929303740 ,-0.2208252 ,-0.6555786 ,0.1928711 ,3 ,Acc ,15
3dd9e578dace13af ,1108035684053 ,-0.2581787 ,-0.58703613 ,0.24945068 ,3 ,Acc ,15
3dd9e578dace13af ,1108155829105 ,-0.3378296 ,-0.44384766 ,0.31713867 ,3 ,Acc ,15
3dd9e578dace13af ,1108271770824 ,-0.399292 ,-0.31958008 ,0.371521 ,3 ,Acc ,15
3dd9e578dace13af ,1108375407959 ,-0.44250488 ,-0.2949829 ,0.33874512 ,3 ,Acc ,15
3dd9e578dace13af ,1108475481553 ,-0.43444824 ,-0.37835693 ,0.2836914 ,3 ,Acc ,15
3dd9e578dace13af ,1108596350094 ,-0.30395508 ,-0.47583008 ,0.28796387 ,3 ,Acc ,15
3dd9e578dace13af ,1108694611500 ,-0.31011963 ,-0.5467529 ,0.25372314 ,3 ,Acc ,15
3dd9e578dace13af ,1108796644365 ,-0.27850342 ,-0.6021118 ,0.21478271 ,3 ,Acc ,15
3dd9e578dace13af ,1108915476344 ,-0.28479004 ,-0.6003418 ,0.21026611 ,3 ,Acc ,15
3dd9e578dace13af ,1109015194990 ,-0.31176758 ,-0.5484619 ,0.25915527 ,3 ,Acc ,15
3dd9e578dace13af ,1109116998584 ,-0.34979248 ,-0.44262695 ,0.328125 ,3 ,Acc ,15
3dd9e578dace13af ,1109220906604 ,-0.4492798 ,-0.32281494 ,0.43945313 ,3 ,Acc ,15
3dd9e578dace13af ,1109336481709 ,-0.56848145 ,-0.21160889 ,0.5791626 ,3 ,Acc ,15
3dd9e578dace13af ,1109437266136 ,-0.63116455 ,-0.1453247 ,0.6838379 ,3 ,Acc ,15
3dd9e578dace13af ,1109536964573 ,-0.63238525 ,-0.12042236 ,0.7508545 ,3 ,Acc ,15
3dd9e578dace13af ,1109637474990 ,-0.61816406 ,-0.11383057 ,0.7727661 ,3 ,Acc ,15
3dd9e578dace13af ,1109757592333 ,-0.6328125 ,-0.08709717 ,0.7659302 ,3 ,Acc ,15
3dd9e578dace13af ,1109858500146 ,-0.6300659 ,-0.081848145 ,0.77093506 ,3 ,Acc ,15
3dd9e578dace13af ,1109976982750 ,-0.6031494 ,-0.11804199 ,0.788147 ,3 ,Acc ,15
3dd9e578dace13af ,1110074581708 ,6.9333954 ,-3.0868683 ,-3.327591 ,0 ,Acc ,10
3dd9e578dace13af ,1110077906344 ,-0.6132202 ,-0.12854004 ,0.77160645 ,3 ,Acc ,15
3dd9e578dace13af ,1110196146656 ,-0.59558105 ,-0.08227539 ,0.7005005 ,3 ,Acc ,15
3dd9e578dace13af ,1110316235146 ,-0.40722656 ,-0.1473999 ,0.6043091 ,3 ,Acc ,15
3dd9e578dace13af ,1110417764521 ,-0.3100586 ,-0.35247803 ,0.4598999 ,3 ,Acc ,15
3dd9e578dace13af ,1110537761344 ,-0.24505615 ,-0.5064087 ,0.31695557 ,3 ,Acc ,15
3dd9e578dace13af ,1110638363739 ,-0.26507568 ,-0.5220947 ,0.32354736 ,3 ,Acc ,15
3dd9e578dace13af ,1110738159833 ,-0.36572266 ,-0.576355 ,0.27038574 ,3 ,Acc ,15
3dd9e578dace13af ,1110838705562 ,-0.27893066 ,-0.60461426 ,0.2944336 ,3 ,Acc ,15
3dd9e578dace13af ,1110938171187 ,-0.26049805 ,-0.56347656 ,0.3557129 ,3 ,Acc ,15
3dd9e578dace13af ,1111038910250 ,-0.30059814 ,-0.45666504 ,0.4537964 ,3 ,Acc ,15
3dd9e578dace13af ,1111159062854 ,-0.34075928 ,-0.31921387 ,0.53222656 ,3 ,Acc ,15
3dd9e578dace13af ,1111260185302 ,-0.44726563 ,-0.2874756 ,0.505188 ,3 ,Acc ,15
3dd9e578dace13af ,1111378747697 ,-0.5249634 ,-0.40161133 ,0.4066162 ,3 ,Acc ,15
3dd9e578dace13af ,1111496737541 ,-0.21728516 ,-0.43048096 ,0.4817505 ,3 ,Acc ,15
3dd9e578dace13af ,1111598141604 ,-0.2697754 ,-0.53118896 ,0.3968506 ,3 ,Acc ,15
3dd9e578dace13af ,1111699191135 ,-0.27996826 ,-0.59051514 ,0.3414917 ,3 ,Acc ,15
3dd9e578dace13af ,1111799034781 ,-0.21697998 ,-0.59454346 ,0.38433838 ,3 ,Acc ,15
3dd9e578dace13af ,1111899237906 ,-0.30981445 ,-0.526001 ,0.43371582 ,3 ,Acc ,15
3dd9e578dace13af ,1112000434051 ,-0.49230957 ,-0.36291504 ,0.5 ,3 ,Acc ,15
3dd9e578dace13af ,1112120663583 ,-0.6244507 ,-0.12652588 ,0.65057373 ,3 ,Acc ,15
3dd9e578dace13af ,1112240666499 ,-0.5944214 ,0.01550293 ,0.79730225 ,3 ,Acc ,15
3dd9e578dace13af ,1112361045353 ,-0.5152588 ,-0.01977539 ,0.84295654 ,3 ,Acc ,15
3dd9e578dace13af ,1112461550353 ,-0.43780518 ,-0.05053711 ,0.8643799 ,3 ,Acc ,15
3dd9e578dace13af ,1112563553947 ,-0.428833 ,-0.08068848 ,0.854187 ,3 ,Acc ,15
3dd9e578dace13af ,1112680778686 ,-0.4130249 ,-0.10021973 ,0.8463745 ,3 ,Acc ,15
3dd9e578dace13af ,1112803878530 ,-0.37731934 ,-0.14355469 ,0.8411255 ,3 ,Acc ,15
3dd9e578dace13af ,1112920982905 ,-0.31951904 ,-0.21990967 ,0.83032227 ,3 ,Acc ,15
3dd9e578dace13af ,1113042919103 ,-0.300354 ,-0.26037598 ,0.8239136 ,3 ,Acc ,15
3dd9e578dace13af ,1113075569676 ,1.2882843 ,-1.5128937 ,-6.7835693 ,0 ,Acc ,10
3dd9e578dace13af ,1113155462384 ,-0.3713379 ,-0.15710449 ,0.8621826 ,3 ,Acc ,15
3dd9e578dace13af ,1113257762072 ,-0.40179443 ,0.50079346 ,0.72576904 ,3 ,Acc ,15
3dd9e578dace13af ,1113362517020 ,-0.42608643 ,0.05493164 ,0.8208008 ,3 ,Acc ,15
3dd9e578dace13af ,1113481635040 ,-0.37451172 ,-0.1932373 ,0.66674805 ,3 ,Acc ,15
3dd9e578dace13af ,1113604692280 ,-0.38189697 ,-0.4491577 ,0.45446777 ,3 ,Acc ,15
3dd9e578dace13af ,1113721877905 ,-0.347229 ,-0.53704834 ,0.37786865 ,3 ,Acc ,15
3dd9e578dace13af ,1113843867801 ,-0.2994995 ,-0.5411377 ,0.4432373 ,3 ,Acc ,15
3dd9e578dace13af ,1113962084623 ,-0.276062 ,-0.4463501 ,0.53533936 ,3 ,Acc ,15
3dd9e578dace13af ,1114082216551 ,-0.31793213 ,-0.5204468 ,0.53741455 ,3 ,Acc ,15
3dd9e578dace13af ,1114181827123 ,-0.37731934 ,-0.6000366 ,0.4631958 ,3 ,Acc ,15
3dd9e578dace13af ,1114282439988 ,-0.49945068 ,-0.6144409 ,0.3725586 ,3 ,Acc ,15
3dd9e578dace13af ,1114402656446 ,-0.607605 ,-0.59069824 ,0.3189087 ,3 ,Acc ,15
3dd9e578dace13af ,1114502117696 ,-0.67144775 ,-0.602417 ,0.26611328 ,3 ,Acc ,15
3dd9e578dace13af ,1114602765457 ,-0.60162354 ,-0.5782471 ,0.35046387 ,3 ,Acc ,15
3dd9e578dace13af ,1114722957540 ,-0.5510864 ,-0.59783936 ,0.39379883 ,3 ,Acc ,15
3dd9e578dace13af ,1114843026498 ,-0.4428711 ,-0.520874 ,0.50579834 ,3 ,Acc ,15
3dd9e578dace13af ,1114963224102 ,-0.33764648 ,-0.34277344 ,0.618042 ,3 ,Acc ,15
3dd9e578dace13af ,1115064325040 ,-0.44732666 ,-0.33605957 ,0.61798096 ,3 ,Acc ,15
3dd9e578dace13af ,1115182782852 ,-0.51031494 ,-0.33746338 ,0.5621338 ,3 ,Acc ,15
3dd9e578dace13af ,1115283599258 ,-0.54486084 ,-0.43395996 ,0.47296143 ,3 ,Acc ,15
3dd9e578dace13af ,1115383124519 ,-0.45959473 ,-0.47735596 ,0.5161133 ,3 ,Acc ,15
3dd9e578dace13af ,1115483155352 ,-0.5993042 ,-0.53723145 ,0.4260254 ,3 ,Acc ,15
3dd9e578dace13af ,1115601583685 ,-0.579834 ,-0.51678467 ,0.44140625 ,3 ,Acc ,15
3dd9e578dace13af ,1115703507175 ,-0.46868896 ,-0.489563 ,0.48358154 ,3 ,Acc ,15
3dd9e578dace13af ,1115804075300 ,-0.44293213 ,-0.47698975 ,0.5222168 ,3 ,Acc ,15
3dd9e578dace13af ,1115924254102 ,-0.4459839 ,-0.36358643 ,0.59259033 ,3 ,Acc ,15
3dd9e578dace13af ,1116023869935 ,-0.48468018 ,-0.28344727 ,0.6286621 ,3 ,Acc ,15
3dd9e578dace13af ,1116081066185 ,11.053833 ,6.8526764 ,-3.5727844 ,0 ,Acc ,10
3dd9e578dace13af ,1116138060404 ,-0.54693604 ,-0.2557373 ,0.60369873 ,3 ,Acc ,15
3dd9e578dace13af ,1116241626133 ,-0.5855713 ,-0.35229492 ,0.52264404 ,3 ,Acc ,15
3dd9e578dace13af ,1116344156133 ,-0.46032715 ,-0.42816162 ,0.53741455 ,3 ,Acc ,15
3dd9e578dace13af ,1116444557748 ,-0.35107422 ,-0.45355225 ,0.57006836 ,3 ,Acc ,15
3dd9e578dace13af ,1116645112695 ,-0.29711914 ,-0.5415039 ,0.56848145 ,3 ,Acc ,15
3dd9e578dace13af ,1116764555508 ,-0.31958008 ,-0.4821167 ,0.6069946 ,3 ,Acc ,15
3dd9e578dace13af ,1116866252227 ,-0.42315674 ,-0.3862915 ,0.61047363 ,3 ,Acc ,15
3dd9e578dace13af ,1116984886914 ,-0.57769775 ,-0.29193115 ,0.5975342 ,3 ,Acc ,15
3dd9e578dace13af ,1117085434310 ,-0.63409424 ,-0.2234497 ,0.59588623 ,3 ,Acc ,15
3dd9e578dace13af ,1117205616289 ,-0.6576538 ,-0.3026123 ,0.52948 ,3 ,Acc ,15
3dd9e578dace13af ,1117325748841 ,-0.46954346 ,-0.4560547 ,0.5437622 ,3 ,Acc ,15
3dd9e578dace13af ,1117445888737 ,-0.3213501 ,-0.4673462 ,0.6020508 ,3 ,Acc ,15
3dd9e578dace13af ,1117565965299 ,-0.36242676 ,-0.54229736 ,0.57818604 ,3 ,Acc ,15
3dd9e578dace13af ,1117667180143 ,-0.32647705 ,-0.51220703 ,0.61413574 ,3 ,Acc ,15
3dd9e578dace13af ,1117785678007 ,-0.3831787 ,-0.4156494 ,0.64501953 ,3 ,Acc ,15
3dd9e578dace13af ,1117886092903 ,-0.48675537 ,-0.3279419 ,0.62060547 ,3 ,Acc ,15
3dd9e578dace13af ,1118006475872 ,-0.65093994 ,-0.26287842 ,0.5784302 ,3 ,Acc ,15
3dd9e578dace13af ,1118106178268 ,-0.68859863 ,-0.19726563 ,0.56347656 ,3 ,Acc ,15
3dd9e578dace13af ,1118226099934 ,-0.25964355 ,-0.71569824 ,-0.22106934 ,3 ,Acc ,15
3dd9e578dace13af ,1118326867955 ,-0.12683105 ,-0.82995605 ,-0.23913574 ,3 ,Acc ,15
3dd9e578dace13af ,1118446960403 ,-0.082214355 ,-0.87561035 ,-0.2548828 ,3 ,Acc ,15
3dd9e578dace13af ,1118567173007 ,-0.105163574 ,-0.87060547 ,-0.29974365 ,3 ,Acc ,15
3dd9e578dace13af ,1118681998059 ,-0.06707764 ,-0.8955078 ,-0.24407959 ,3 ,Acc ,15
3dd9e578dace13af ,1118786497851 ,-0.10821533 ,-0.8699951 ,-0.19805908 ,3 ,Acc ,15
3dd9e578dace13af ,1118887500195 ,-0.17834473 ,-0.8111572 ,-0.12133789 ,3 ,Acc ,15
3dd9e578dace13af ,1118986987694 ,-0.2409668 ,-0.7426758 ,-0.018249512 ,3 ,Acc ,15
3dd9e578dace13af ,1119083934830 ,-0.94487 ,2.9808502 ,0.36116028 ,0 ,Acc ,10
3dd9e578dace13af ,1119087256549 ,-0.28070068 ,-0.6812134 ,0.06451416 ,3 ,Acc ,15
3dd9e578dace13af ,1119203044205 ,-0.33258057 ,-0.66711426 ,0.021484375 ,3 ,Acc ,15
3dd9e578dace13af ,1119307422851 ,-0.31677246 ,-0.7581177 ,-0.06549072 ,3 ,Acc ,15
3dd9e578dace13af ,1119408033423 ,-0.13330078 ,-0.8609009 ,0.051208496 ,3 ,Acc ,15
3dd9e578dace13af ,1119526265663 ,-0.23730469 ,-0.8742676 ,-0.099731445 ,3 ,Acc ,15
3dd9e578dace13af ,1119627794361 ,-0.16955566 ,-0.9154663 ,0.013549805 ,3 ,Acc ,15
3dd9e578dace13af ,1119728338267 ,-0.09863281 ,-0.9324951 ,0.12310791 ,3 ,Acc ,15
3dd9e578dace13af ,1119848522330 ,7.324219E-4 ,-0.8915405 ,0.32781982 ,3 ,Acc ,15
3dd9e578dace13af ,1119948080663 ,0.027526855 ,-0.8449707 ,0.44451904 ,3 ,Acc ,15
3dd9e578dace13af ,1120048747173 ,0.046325684 ,-0.7762451 ,0.5935669 ,3 ,Acc ,15
3dd9e578dace13af ,1120168932121 ,0.038879395 ,-0.6744385 ,0.73223877 ,3 ,Acc ,15
3dd9e578dace13af ,1120270000454 ,0.016296387 ,-0.58361816 ,0.81188965 ,3 ,Acc ,15
3dd9e578dace13af ,1120388400715 ,0.055603027 ,-0.4946289 ,0.8671875 ,3 ,Acc ,15
3dd9e578dace13af ,1120487338058 ,0.13134766 ,-0.4093628 ,0.9025879 ,3 ,Acc ,15
3dd9e578dace13af ,1120609266756 ,0.20111084 ,-0.3850708 ,0.89904785 ,3 ,Acc ,15
3dd9e578dace13af ,1120708825767 ,0.26257324 ,-0.36169434 ,0.89331055 ,3 ,Acc ,15
3dd9e578dace13af ,1120809571808 ,0.30755615 ,-0.34735107 ,0.8850708 ,3 ,Acc ,15
3dd9e578dace13af ,1120909100506 ,0.3274536 ,-0.3104248 ,0.892334 ,3 ,Acc ,15
3dd9e578dace13af ,1121009827694 ,0.3032837 ,-0.32128906 ,0.8969116 ,3 ,Acc ,15
3dd9e578dace13af ,1121130005819 ,0.22039795 ,-0.31298828 ,0.91778564 ,3 ,Acc ,15
3dd9e578dace13af ,1121250034829 ,0.13476563 ,-0.26708984 ,0.93518066 ,3 ,Acc ,15
3dd9e578dace13af ,1121370122850 ,0.080200195 ,-0.2276001 ,0.9407959 ,3 ,Acc ,15
3dd9e578dace13af ,1121486258214 ,0.107177734 ,-0.24707031 ,0.9472656 ,3 ,Acc ,15
3dd9e578dace13af ,1121806939829 ,0.35784912 ,-0.14959717 ,0.9210205 ,3 ,Acc ,15
3dd9e578dace13af ,1121930809360 ,0.3977661 ,-0.15942383 ,0.90216064 ,3 ,Acc ,15
3dd9e578dace13af ,1122050838839 ,0.39624023 ,-0.07287598 ,0.909729 ,3 ,Acc ,15
3dd9e578dace13af ,1122086124985 ,8.145691 ,-0.26402283 ,-7.221298 ,0 ,Acc ,10
3dd9e578dace13af ,1122166530610 ,0.265625 ,-0.06866455 ,0.9468994 ,3 ,Acc ,15
3dd9e578dace13af ,1122272162693 ,0.14886475 ,-0.1427002 ,0.9511719 ,3 ,Acc ,15
3dd9e578dace13af ,1122384745506 ,0.039733887 ,-0.19494629 ,0.9378052 ,3 ,Acc ,15
3dd9e578dace13af ,1122491330714 ,0.02935791 ,-0.28900146 ,0.9182739 ,3 ,Acc ,15
3dd9e578dace13af ,1122611528110 ,0.20343018 ,-0.23406982 ,0.9346924 ,3 ,Acc ,15
3dd9e578dace13af ,1122730868266 ,0.32513428 ,-0.10229492 ,0.93444824 ,3 ,Acc ,15
3dd9e578dace13af ,1122831162120 ,0.3772583 ,-0.20941162 ,0.90045166 ,3 ,Acc ,15
3dd9e578dace13af ,1122931824828 ,0.4099121 ,-0.1663208 ,0.89538574 ,3 ,Acc ,15
3dd9e578dace13af ,1123051944933 ,0.3637085 ,-0.10491943 ,0.91778564 ,3 ,Acc ,15
3dd9e578dace13af ,1123172078578 ,0.22259521 ,-0.16827393 ,0.9360962 ,3 ,Acc ,15
3dd9e578dace13af ,1123275834985 ,0.1239624 ,-0.25561523 ,0.9065552 ,3 ,Acc ,15
3dd9e578dace13af ,1123391733214 ,0.044433594 ,-0.30688477 ,0.88256836 ,3 ,Acc ,15
3dd9e578dace13af ,1123491467901 ,0.11352539 ,-0.33703613 ,0.8932495 ,3 ,Acc ,15
3dd9e578dace13af ,1123591915245 ,0.23883057 ,-0.23327637 ,0.9234619 ,3 ,Acc ,15
3dd9e578dace13af ,1123712250453 ,0.34088135 ,-0.19232178 ,0.9136963 ,3 ,Acc ,15
3dd9e578dace13af ,1123832227224 ,0.40063477 ,-0.19165039 ,0.8916626 ,3 ,Acc ,15
3dd9e578dace13af ,1123932143526 ,0.40856934 ,-0.123535156 ,0.89556885 ,3 ,Acc ,15
3dd9e578dace13af ,1124032431078 ,0.33538818 ,-0.13586426 ,0.91223145 ,3 ,Acc ,15
3dd9e578dace13af ,1124133235088 ,0.20220947 ,-0.2033081 ,0.9192505 ,3 ,Acc ,15
3dd9e578dace13af ,1124253272640 ,0.07562256 ,-0.2555542 ,0.8937378 ,3 ,Acc ,15
3dd9e578dace13af ,1124373406078 ,0.016418457 ,-0.31793213 ,0.8778076 ,3 ,Acc ,15
3dd9e578dace13af ,1124474478682 ,0.117492676 ,-0.31036377 ,0.90374756 ,3 ,Acc ,15
3dd9e578dace13af ,1124593107953 ,0.28063965 ,-0.12524414 ,0.93115234 ,3 ,Acc ,15
3dd9e578dace13af ,1124693738057 ,0.3624878 ,-0.16381836 ,0.9057617 ,3 ,Acc ,15
3dd9e578dace13af ,1124813984307 ,0.40570068 ,-0.14178467 ,0.88897705 ,3 ,Acc ,15
3dd9e578dace13af ,1124934017119 ,0.37921143 ,-0.09918213 ,0.8977661 ,3 ,Acc ,15
3dd9e578dace13af ,1125054006026 ,0.24597168 ,-0.16070557 ,0.9147339 ,3 ,Acc ,15
3dd9e578dace13af ,1125088150140 ,5.4449615 ,2.9282074 ,-7.7435303 ,0 ,Acc ,10
3dd9e578dace13af ,1125168906911 ,0.12109375 ,-0.25634766 ,0.87823486 ,3 ,Acc ,15
3dd9e578dace13af ,1125275174567 ,0.0357666 ,-0.28961182 ,0.8563843 ,3 ,Acc ,15
3dd9e578dace13af ,1125393958109 ,0.105895996 ,-0.37322998 ,0.8527832 ,3 ,Acc ,15
3dd9e578dace13af ,1125494591755 ,0.24133301 ,-0.20617676 ,0.9020996 ,3 ,Acc ,15
3dd9e578dace13af ,1125594098838 ,0.3236084 ,-0.10430908 ,0.9104004 ,3 ,Acc ,15
3dd9e578dace13af ,1125714309359 ,0.39923096 ,-0.18945313 ,0.8788452 ,3 ,Acc ,15
3dd9e578dace13af ,1125814958942 ,0.39990234 ,-0.10467529 ,0.8864136 ,3 ,Acc ,15
3dd9e578dace13af ,1125935038629 ,0.3012085 ,-0.1350708 ,0.90093994 ,3 ,Acc ,15
3dd9e578dace13af ,1126055198004 ,0.14935303 ,-0.24523926 ,0.87854004 ,3 ,Acc ,15
3dd9e578dace13af ,1126175224723 ,0.03564453 ,-0.28625488 ,0.84051514 ,3 ,Acc ,15
3dd9e578dace13af ,1126276428733 ,0.029418945 ,-0.3499756 ,0.83203125 ,3 ,Acc ,15
3dd9e578dace13af ,1126394944046 ,0.19946289 ,-0.3161621 ,0.87091064 ,3 ,Acc ,15
3dd9e578dace13af ,1126495697640 ,0.29504395 ,-0.14202881 ,0.90545654 ,3 ,Acc ,15
3dd9e578dace13af ,1126615210244 ,0.37982178 ,-0.2376709 ,0.8742676 ,3 ,Acc ,15
3dd9e578dace13af ,1126719602848 ,0.40008545 ,-0.17242432 ,0.87927246 ,3 ,Acc ,15
3dd9e578dace13af ,1126835472119 ,0.35534668 ,-0.13720703 ,0.88012695 ,3 ,Acc ,15
3dd9e578dace13af ,1126936079983 ,0.22961426 ,-0.21813965 ,0.86932373 ,3 ,Acc ,15
3dd9e578dace13af ,1127056302379 ,0.103027344 ,-0.31866455 ,0.7971802 ,3 ,Acc ,15
3dd9e578dace13af ,1127174053108 ,0.020507813 ,-0.32556152 ,0.7645874 ,3 ,Acc ,15
3dd9e578dace13af ,1127277528264 ,0.078186035 ,-0.37078857 ,0.7897339 ,3 ,Acc ,15
3dd9e578dace13af ,1127395769202 ,0.24432373 ,-0.23742676 ,0.8746948 ,3 ,Acc ,15
3dd9e578dace13af ,1127496242379 ,0.3274536 ,-0.17260742 ,0.88757324 ,3 ,Acc ,15
3dd9e578dace13af ,1127596141337 ,0.38500977 ,-0.2241211 ,0.86169434 ,3 ,Acc ,15
3dd9e578dace13af ,1127696850139 ,0.40856934 ,-0.19616699 ,0.8574829 ,3 ,Acc ,15
3dd9e578dace13af ,1127796862847 ,0.3637085 ,-0.20245361 ,0.8566284 ,3 ,Acc ,15
3dd9e578dace13af ,1127896994983 ,0.2538452 ,-0.26556396 ,0.8341675 ,3 ,Acc ,15
3dd9e578dace13af ,1127996933056 ,0.12835693 ,-0.30291748 ,0.8017578 ,3 ,Acc ,15
3dd9e578dace13af ,1128097382587 ,0.043029785 ,-0.31976318 ,0.77178955 ,3 ,Acc ,15
3dd9e578dace13af ,1128094054826 ,10.6740265 ,3.6692047 ,-8.5876465 ,0 ,Acc ,10
3dd9e578dace13af ,1128197482795 ,0.03149414 ,-0.36950684 ,0.77227783 ,3 ,Acc ,15
3dd9e578dace13af ,1128297790503 ,0.14074707 ,-0.38409424 ,0.80407715 ,3 ,Acc ,15
3dd9e578dace13af ,1128417775399 ,0.2616577 ,-0.1831665 ,0.8753662 ,3 ,Acc ,15
3dd9e578dace13af ,1128537857118 ,0.36419678 ,-0.22192383 ,0.85461426 ,3 ,Acc ,15
3dd9e578dace13af ,1128641353420 ,0.39038086 ,-0.19445801 ,0.85162354 ,3 ,Acc ,15
3dd9e578dace13af ,1128758057170 ,0.3482666 ,-0.17022705 ,0.8513794 ,3 ,Acc ,15
3dd9e578dace13af ,1128858232639 ,0.23980713 ,-0.24145508 ,0.83306885 ,3 ,Acc ,15
3dd9e578dace13af ,1128958363784 ,0.12799072 ,-0.30236816 ,0.7852783 ,3 ,Acc ,15
3dd9e578dace13af ,1129058349618 ,0.034301758 ,-0.31884766 ,0.7421875 ,3 ,Acc ,15
3dd9e578dace13af ,1129158432222 ,0.025939941 ,-0.37573242 ,0.72998047 ,3 ,Acc ,15
3dd9e578dace13af ,1129258631649 ,0.14013672 ,-0.369812 ,0.78222656 ,3 ,Acc ,15
3dd9e578dace13af ,1129358595555 ,0.21191406 ,-0.2310791 ,0.84832764 ,3 ,Acc ,15
3dd9e578dace13af ,1129458074305 ,0.2868042 ,-0.2649536 ,0.84368896 ,3 ,Acc ,15
3dd9e578dace13af ,1129558487795 ,0.33184814 ,-0.27215576 ,0.8397217 ,3 ,Acc ,15
3dd9e578dace13af ,1129679425242 ,0.3383789 ,-0.2333374 ,0.840271 ,3 ,Acc ,15
3dd9e578dace13af ,1129779308680 ,0.26794434 ,-0.20977783 ,0.8362427 ,3 ,Acc ,15
3dd9e578dace13af ,1129880383888 ,0.15887451 ,-0.22998047 ,0.8109131 ,3 ,Acc ,15
3dd9e578dace13af ,1129979675711 ,0.074279785 ,-0.26898193 ,0.7631836 ,3 ,Acc ,15
3dd9e578dace13af ,1130099575919 ,0.023010254 ,-0.31567383 ,0.7295532 ,3 ,Acc ,15
3dd9e578dace13af ,1130215788628 ,0.124572754 ,-0.32763672 ,0.769104 ,3 ,Acc ,15
3dd9e578dace13af ,1130319249253 ,0.19580078 ,-0.22741699 ,0.82128906 ,3 ,Acc ,15
3dd9e578dace13af ,1130419947378 ,0.2718506 ,-0.23486328 ,0.82196045 ,3 ,Acc ,15
3dd9e578dace13af ,1130540107221 ,0.3466797 ,-0.2319336 ,0.8171997 ,3 ,Acc ,15
3dd9e578dace13af ,1130660139044 ,0.35394287 ,-0.20397949 ,0.80859375 ,3 ,Acc ,15
3dd9e578dace13af ,1130759768680 ,0.2878418 ,-0.20715332 ,0.7966919 ,3 ,Acc ,15
3dd9e578dace13af ,1130860465086 ,0.18017578 ,-0.23919678 ,0.7822876 ,3 ,Acc ,15
3dd9e578dace13af ,1130963649721 ,0.10369873 ,-0.2947998 ,0.7375488 ,3 ,Acc ,15
3dd9e578dace13af ,1131081679044 ,0.06567383 ,-0.36175537 ,0.7081299 ,3 ,Acc ,15
3dd9e578dace13af ,1131113316700 ,15.307877 ,3.9924927 ,-8.3367 ,0 ,Acc ,10
3dd9e578dace13af ,1131194394096 ,0.15771484 ,-0.38104248 ,0.73254395 ,3 ,Acc ,15
3dd9e578dace13af ,1131295190398 ,0.20770264 ,-0.23590088 ,0.7858887 ,3 ,Acc ,15
3dd9e578dace13af ,1131399987794 ,0.28735352 ,-0.19885254 ,0.78912354 ,3 ,Acc ,15
3dd9e578dace13af ,1131501130294 ,0.3552246 ,-0.17047119 ,0.7854004 ,3 ,Acc ,15
3dd9e578dace13af ,1131621437742 ,0.35150146 ,-0.115112305 ,0.7905884 ,3 ,Acc ,15
3dd9e578dace13af ,1131720812325 ,0.28112793 ,-0.16412354 ,0.77838135 ,3 ,Acc ,15
3dd9e578dace13af ,1131840829148 ,0.14477539 ,-0.25732422 ,0.7503052 ,3 ,Acc ,15
3dd9e578dace13af ,1131941620294 ,0.060180664 ,-0.32873535 ,0.6939697 ,3 ,Acc ,15
3dd9e578dace13af ,1132041139252 ,0.0061035156 ,-0.37823486 ,0.6567383 ,3 ,Acc ,15
3dd9e578dace13af ,1132160286596 ,0.108947754 ,-0.42242432 ,0.67193604 ,3 ,Acc ,15
3dd9e578dace13af ,1132261979877 ,0.20092773 ,-0.28875732 ,0.75097656 ,3 ,Acc ,15
3dd9e578dace13af ,1132382055971 ,0.31079102 ,-0.24084473 ,0.7750244 ,3 ,Acc ,15
3dd9e578dace13af ,1132483168366 ,0.3710327 ,-0.23895264 ,0.770874 ,3 ,Acc ,15
3dd9e578dace13af ,1132601800710 ,0.36224365 ,-0.18164063 ,0.77557373 ,3 ,Acc ,15
3dd9e578dace13af ,1132719915918 ,0.27264404 ,-0.19470215 ,0.75891113 ,3 ,Acc ,15
3dd9e578dace13af ,1132822565345 ,0.12884521 ,-0.21899414 ,0.7394409 ,3 ,Acc ,15
3dd9e578dace13af ,1132942631647 ,0.016418457 ,-0.31323242 ,0.64959717 ,3 ,Acc ,15
3dd9e578dace13af ,1133062785918 ,-0.018798828 ,-0.39874268 ,0.58587646 ,3 ,Acc ,15
3dd9e578dace13af ,1133183091908 ,0.120788574 ,-0.41864014 ,0.6421509 ,3 ,Acc ,15
3dd9e578dace13af ,1133284027429 ,0.19500732 ,-0.23443604 ,0.74731445 ,3 ,Acc ,15
3dd9e578dace13af ,1133402568470 ,0.3154297 ,-0.20581055 ,0.7522583 ,3 ,Acc ,15
3dd9e578dace13af ,1133503314408 ,0.37219238 ,-0.21105957 ,0.7415161 ,3 ,Acc ,15
3dd9e578dace13af ,1133621534824 ,0.36193848 ,-0.19433594 ,0.7411499 ,3 ,Acc ,15
3dd9e578dace13af ,1133722914043 ,0.29968262 ,-0.24450684 ,0.7156372 ,3 ,Acc ,15
3dd9e578dace13af ,1133823595658 ,0.18792725 ,-0.31817627 ,0.6912842 ,3 ,Acc ,15
3dd9e578dace13af ,1133943683158 ,0.119384766 ,-0.42071533 ,0.62927246 ,3 ,Acc ,15
3dd9e578dace13af ,1134043324668 ,0.10003662 ,-0.4885254 ,0.6030884 ,3 ,Acc ,15
3dd9e578dace13af ,1134120111647 ,14.463882 ,4.147812 ,-3.934433 ,0 ,Acc ,10
3dd9e578dace13af ,1134157645501 ,0.19494629 ,-0.48425293 ,0.63116455 ,3 ,Acc ,15
3dd9e578dace13af ,1134260321751 ,0.24847412 ,-0.32147217 ,0.70654297 ,3 ,Acc ,15
3dd9e578dace13af ,1134363644876 ,0.3026123 ,-0.27130127 ,0.7074585 ,3 ,Acc ,15
3dd9e578dace13af ,1134464306386 ,0.32250977 ,-0.2000122 ,0.69140625 ,3 ,Acc ,15
3dd9e578dace13af ,1134563761595 ,0.3114624 ,-0.10876465 ,0.6826782 ,3 ,Acc ,15
3dd9e578dace13af ,1134664459147 ,0.32226563 ,-0.15472412 ,0.67944336 ,3 ,Acc ,15
3dd9e578dace13af ,1134764055188 ,0.25054932 ,-0.26586914 ,0.6777344 ,3 ,Acc ,15
3dd9e578dace13af ,1134864558053 ,0.16546631 ,-0.41375732 ,0.6312866 ,3 ,Acc ,15
3dd9e578dace13af ,1134984559668 ,0.059936523 ,-0.48260498 ,0.59851074 ,3 ,Acc ,15
3dd9e578dace13af ,1135085947897 ,0.06890869 ,-0.5266113 ,0.5956421 ,3 ,Acc ,15
3dd9e578dace13af ,1135204531595 ,0.24798584 ,-0.5126343 ,0.62628174 ,3 ,Acc ,15
3dd9e578dace13af ,1135305220501 ,0.3508911 ,-0.3661499 ,0.6608887 ,3 ,Acc ,15
3dd9e578dace13af ,1135425321438 ,0.43249512 ,-0.33996582 ,0.6279297 ,3 ,Acc ,15
3dd9e578dace13af ,1135545567376 ,0.47668457 ,-0.35437012 ,0.58825684 ,3 ,Acc ,15
3dd9e578dace13af ,1135645038261 ,0.4527588 ,-0.35888672 ,0.58288574 ,3 ,Acc ,15
3dd9e578dace13af ,1135764907219 ,0.37353516 ,-0.4510498 ,0.57318115 ,3 ,Acc ,15
3dd9e578dace13af ,1135865795292 ,0.26226807 ,-0.5231323 ,0.5378418 ,3 ,Acc ,15
3dd9e578dace13af ,1135986249094 ,0.10424805 ,-0.5310669 ,0.53393555 ,3 ,Acc ,15
3dd9e578dace13af ,1136087132896 ,0.109680176 ,-0.5923462 ,0.48156738 ,3 ,Acc ,15
3dd9e578dace13af ,1136205602636 ,0.24163818 ,-0.58795166 ,0.5064697 ,3 ,Acc ,15
3dd9e578dace13af ,1136306297167 ,0.39135742 ,-0.5091553 ,0.5593872 ,3 ,Acc ,15
3dd9e578dace13af ,1136426378000 ,0.4621582 ,-0.45404053 ,0.58026123 ,3 ,Acc ,15
3dd9e578dace13af ,1136546613625 ,0.55249023 ,-0.50079346 ,0.50354004 ,3 ,Acc ,15
3dd9e578dace13af ,1136661309250 ,0.5380249 ,-0.45965576 ,0.50701904 ,3 ,Acc ,15
3dd9e578dace13af ,1136765965552 ,0.49243164 ,-0.48614502 ,0.5125122 ,3 ,Acc ,15
3dd9e578dace13af ,1136865973990 ,0.39123535 ,-0.57006836 ,0.5009155 ,3 ,Acc ,15
3dd9e578dace13af ,1136966492427 ,0.27337646 ,-0.6421509 ,0.49749756 ,3 ,Acc ,15
3dd9e578dace13af ,1137066843000 ,0.20300293 ,-0.6837158 ,0.47888184 ,3 ,Acc ,15
3dd9e578dace13af ,1137140667583 ,12.1249695 ,6.428833 ,-0.39735413 ,0 ,Acc ,10
3dd9e578dace13af ,1137181415760 ,0.1671753 ,-0.6902466 ,0.48394775 ,3 ,Acc ,15
3dd9e578dace13af ,1137288385760 ,0.2576294 ,-0.6914673 ,0.4763794 ,3 ,Acc ,15
3dd9e578dace13af ,1137406981437 ,0.39953613 ,-0.60357666 ,0.51898193 ,3 ,Acc ,15
3dd9e578dace13af ,1137525978677 ,0.45825195 ,-0.5831299 ,0.49884033 ,3 ,Acc ,15
3dd9e578dace13af ,1137627775292 ,0.48944092 ,-0.5683594 ,0.4817505 ,3 ,Acc ,15
3dd9e578dace13af ,1137727780552 ,0.5529175 ,-0.0836792 ,0.79089355 ,3 ,Acc ,15
3dd9e578dace13af ,1137827984719 ,0.53204346 ,-0.1005249 ,0.7796631 ,3 ,Acc ,15
3dd9e578dace13af ,1137945682323 ,0.38983154 ,-0.14984131 ,0.7554321 ,3 ,Acc ,15
3dd9e578dace13af ,1138047603416 ,0.20074463 ,-0.19873047 ,0.689209 ,3 ,Acc ,15
3dd9e578dace13af ,1138148367739 ,0.048034668 ,-0.24914551 ,0.5756836 ,3 ,Acc ,15
3dd9e578dace13af ,1138268424093 ,-0.05102539 ,-0.24230957 ,0.44781494 ,3 ,Acc ,15
3dd9e578dace13af ,1138369907687 ,-0.08258057 ,-0.23950195 ,0.4005127 ,3 ,Acc ,15
3dd9e578dace13af ,1138488500968 ,-0.086364746 ,-0.24859619 ,0.4118042 ,3 ,Acc ,15
3dd9e578dace13af ,1138588861593 ,-0.06347656 ,-0.2709961 ,0.41845703 ,3 ,Acc ,15
3dd9e578dace13af ,1138690782843 ,-0.09399414 ,-0.26574707 ,0.43182373 ,3 ,Acc ,15
3dd9e578dace13af ,1138808401385 ,-0.09136963 ,-0.30047607 ,0.42492676 ,3 ,Acc ,15
3dd9e578dace13af ,1138908168624 ,-0.07556152 ,-0.31591797 ,0.40252686 ,3 ,Acc ,15
3dd9e578dace13af ,1139011648104 ,-0.0692749 ,-0.30926514 ,0.36987305 ,3 ,Acc ,15
3dd9e578dace13af ,1139128771281 ,-0.06323242 ,-0.29327393 ,0.32025146 ,3 ,Acc ,15
3dd9e578dace13af ,1139229312843 ,-0.012817383 ,-0.29681396 ,0.26623535 ,3 ,Acc ,15
3dd9e578dace13af ,1139332713937 ,-0.02557373 ,-0.26416016 ,0.23144531 ,3 ,Acc ,15
3dd9e578dace13af ,1139449047010 ,-0.04547119 ,-0.23809814 ,0.23718262 ,3 ,Acc ,15
3dd9e578dace13af ,1139570632426 ,-0.05255127 ,-0.22851563 ,0.23730469 ,3 ,Acc ,15
3dd9e578dace13af ,1139670010395 ,-0.07128906 ,-0.22229004 ,0.2536621 ,3 ,Acc ,15
3dd9e578dace13af ,1139790062999 ,-0.107788086 ,-0.2130127 ,0.2753296 ,3 ,Acc ,15
3dd9e578dace13af ,1139890412062 ,-0.10656738 ,-0.21740723 ,0.28302002 ,3 ,Acc ,15
3dd9e578dace13af ,1139990293259 ,-0.107666016 ,-0.21862793 ,0.2861328 ,3 ,Acc ,15
3dd9e578dace13af ,1140091392739 ,-0.07122803 ,-0.21923828 ,0.29681396 ,3 ,Acc ,15
3dd9e578dace13af ,1140144090291 ,1.2194519 ,-4.2153473 ,-1.2835693 ,0 ,Acc ,10
3dd9e578dace13af ,1140204961957 ,0.06274414 ,-0.23712158 ,0.29187012 ,3 ,Acc ,15
3dd9e578dace13af ,1140310521176 ,0.080200195 ,-0.2355957 ,0.29333496 ,3 ,Acc ,15
3dd9e578dace13af ,1140426204145 ,0.08892822 ,-0.2355957 ,0.2935791 ,3 ,Acc ,15
3dd9e578dace13af ,1140526283363 ,0.064697266 ,-0.22296143 ,0.29577637 ,3 ,Acc ,15
3dd9e578dace13af ,1140630963936 ,0.0814209 ,-0.2166748 ,0.30444336 ,3 ,Acc ,15
3dd9e578dace13af ,1140750981488 ,0.08850098 ,-0.21759033 ,0.30560303 ,3 ,Acc ,15
