3dd9e578dace13af ,1806841818621 ,-0.18919373 ,0.12689209 ,0.12608337 ,0 ,Acc ,10
3dd9e578dace13af ,1806946046382 ,-0.047729492 ,0.37426758 ,-0.91937256 ,3 ,Acc ,15
3dd9e578dace13af ,1807045710496 ,-0.25964355 ,0.3171997 ,-0.9105835 ,3 ,Acc ,15
3dd9e578dace13af ,1807166554194 ,-0.5317383 ,0.2156372 ,-0.8109131 ,3 ,Acc ,15
3dd9e578dace13af ,1807266492215 ,-0.6760864 ,0.12060547 ,-0.7017212 ,3 ,Acc ,15
3dd9e578dace13af ,1807368212840 ,-0.74749756 ,0.068725586 ,-0.649353 ,3 ,Acc ,15
3dd9e578dace13af ,1807489256329 ,-0.7687988 ,0.034729004 ,-0.63482666 ,3 ,Acc ,15
3dd9e578dace13af ,1807592769715 ,-0.73010254 ,0.04498291 ,-0.68084717 ,3 ,Acc ,15
3dd9e578dace13af ,1807692207111 ,-0.6611328 ,0.109191895 ,-0.7420044 ,3 ,Acc ,15
3dd9e578dace13af ,1807793040184 ,-0.588562 ,0.12561035 ,-0.79089355 ,3 ,Acc ,15
3dd9e578dace13af ,1807914163256 ,-0.52783203 ,0.18481445 ,-0.8017578 ,3 ,Acc ,15
3dd9e578dace13af ,1808032144350 ,-0.7519531 ,0.15478516 ,-0.6343994 ,3 ,Acc ,15
3dd9e578dace13af ,1808132674350 ,-0.77386475 ,0.13745117 ,-0.6182251 ,3 ,Acc ,15
3dd9e578dace13af ,1808232891017 ,-0.8433838 ,0.0026245117 ,-0.5266113 ,3 ,Acc ,15
3dd9e578dace13af ,1808353625392 ,-0.9034424 ,-0.17944336 ,-0.38690186 ,3 ,Acc ,15
3dd9e578dace13af ,1808452900548 ,-0.91052246 ,-0.1531372 ,-0.36071777 ,3 ,Acc ,15
3dd9e578dace13af ,1808553829662 ,-0.90411377 ,-0.12896729 ,-0.3805542 ,3 ,Acc ,15
3dd9e578dace13af ,1808652894610 ,-0.88183594 ,-0.03375244 ,-0.45288086 ,3 ,Acc ,15
3dd9e578dace13af ,1808752889506 ,-0.8253174 ,0.10345459 ,-0.54888916 ,3 ,Acc ,15
3dd9e578dace13af ,1808874103725 ,-0.74902344 ,0.24505615 ,-0.61279297 ,3 ,Acc ,15
3dd9e578dace13af ,1808994312110 ,-0.677063 ,0.34069824 ,-0.63690186 ,3 ,Acc ,15
3dd9e578dace13af ,1809115486016 ,-0.7284546 ,0.2444458 ,-0.6397095 ,3 ,Acc ,15
3dd9e578dace13af ,1809234627995 ,-0.85076904 ,0.010253906 ,-0.5169678 ,3 ,Acc ,15
3dd9e578dace13af ,1809333955860 ,-0.8729248 ,-0.10998535 ,-0.45141602 ,3 ,Acc ,15
3dd9e578dace13af ,1809434319610 ,-0.84942627 ,-0.06451416 ,-0.44207764 ,3 ,Acc ,15
3dd9e578dace13af ,1809555018672 ,-0.8532715 ,-0.064331055 ,-0.44085693 ,3 ,Acc ,15
3dd9e578dace13af ,1809674304089 ,-0.86157227 ,0.037353516 ,-0.48406982 ,3 ,Acc ,15
3dd9e578dace13af ,1809795157787 ,-0.8138428 ,0.10784912 ,-0.56152344 ,3 ,Acc ,15
3dd9e578dace13af ,1809851260287 ,-1.1016846 ,3.8689423 ,1.247345 ,0 ,Acc ,10
3dd9e578dace13af ,1809910267787 ,-0.7423706 ,0.20220947 ,-0.60510254 ,3 ,Acc ,15
3dd9e578dace13af ,1810029601120 ,-0.7156372 ,0.24731445 ,-0.64105225 ,3 ,Acc ,15
3dd9e578dace13af ,1810134841693 ,-0.7877197 ,0.14941406 ,-0.5969238 ,3 ,Acc ,15
3dd9e578dace13af ,1810235590183 ,-0.85583496 ,-0.12554932 ,-0.47546387 ,3 ,Acc ,15
3dd9e578dace13af ,1810335115808 ,-0.8983154 ,-0.19140625 ,-0.3793335 ,3 ,Acc ,15
3dd9e578dace13af ,1810451163360 ,-0.9248657 ,-0.1821289 ,-0.33007813 ,3 ,Acc ,15
3dd9e578dace13af ,1810556123672 ,-0.90960693 ,-0.21875 ,-0.3126831 ,3 ,Acc ,15
3dd9e578dace13af ,1810676150807 ,-0.8499756 ,-0.13922119 ,-0.4335327 ,3 ,Acc ,15
3dd9e578dace13af ,1810796240182 ,-0.79748535 ,0.04663086 ,-0.5408325 ,3 ,Acc ,15
3dd9e578dace13af ,1810917371901 ,-0.732605 ,0.15368652 ,-0.5835571 ,3 ,Acc ,15
3dd9e578dace13af ,1811034581276 ,-0.7439575 ,0.08227539 ,-0.59375 ,3 ,Acc ,15
3dd9e578dace13af ,1811136143307 ,-0.83691406 ,-0.07519531 ,-0.46105957 ,3 ,Acc ,15
3dd9e578dace13af ,1811236780182 ,-0.88183594 ,-0.16906738 ,-0.36132813 ,3 ,Acc ,15
3dd9e578dace13af ,1811356839974 ,-0.907959 ,-0.20983887 ,-0.2833252 ,3 ,Acc ,15
3dd9e578dace13af ,1811456304088 ,-0.90960693 ,-0.2255249 ,-0.24633789 ,3 ,Acc ,15
3dd9e578dace13af ,1811557148463 ,-0.88305664 ,-0.18286133 ,-0.30773926 ,3 ,Acc ,15
3dd9e578dace13af ,1811677149765 ,-0.82580566 ,-0.045043945 ,-0.43572998 ,3 ,Acc ,15
3dd9e578dace13af ,1811797356849 ,-0.7868042 ,0.15338135 ,-0.4845581 ,3 ,Acc ,15
3dd9e578dace13af ,1811918237369 ,-0.7631836 ,0.2524414 ,-0.5006714 ,3 ,Acc ,15
3dd9e578dace13af ,1812034955651 ,-0.83483887 ,0.14904785 ,-0.4746704 ,3 ,Acc ,15
3dd9e578dace13af ,1812137064296 ,-0.8671875 ,-0.074645996 ,-0.38604736 ,3 ,Acc ,15
3dd9e578dace13af ,1812237309296 ,-0.90148926 ,-0.15661621 ,-0.3272705 ,3 ,Acc ,15
3dd9e578dace13af ,1812337248828 ,-0.9139404 ,-0.19628906 ,-0.28356934 ,3 ,Acc ,15
3dd9e578dace13af ,1812438092525 ,-0.9015503 ,-0.20440674 ,-0.2623291 ,3 ,Acc ,15
3dd9e578dace13af ,1812558152421 ,-0.86883545 ,-0.0881958 ,-0.3449707 ,3 ,Acc ,15
3dd9e578dace13af ,1812678371015 ,-0.8132324 ,0.09692383 ,-0.44213867 ,3 ,Acc ,15
3dd9e578dace13af ,1812798393775 ,-0.75860596 ,0.27514648 ,-0.45776367 ,3 ,Acc ,15
3dd9e578dace13af ,1812854495702 ,3.736786 ,7.058838 ,1.4419708 ,0 ,Acc ,10
3dd9e578dace13af ,1812913480025 ,-0.7776489 ,0.29699707 ,-0.45910645 ,3 ,Acc ,15
3dd9e578dace13af ,1813016144244 ,-0.8631592 ,0.12438965 ,-0.40270996 ,3 ,Acc ,15
3dd9e578dace13af ,1813119836536 ,-0.88031006 ,-0.10656738 ,-0.3166504 ,3 ,Acc ,15
3dd9e578dace13af ,1813238909921 ,-0.91204834 ,-0.14672852 ,-0.26800537 ,3 ,Acc ,15
3dd9e578dace13af ,1813359002942 ,-0.89160156 ,-0.17926025 ,-0.2475586 ,3 ,Acc ,15
3dd9e578dace13af ,1813479206223 ,-0.86053467 ,-0.07348633 ,-0.32757568 ,3 ,Acc ,15
3dd9e578dace13af ,1813599265285 ,-0.82177734 ,0.15716553 ,-0.3980713 ,3 ,Acc ,15
3dd9e578dace13af ,1813719092473 ,-0.7593384 ,0.31811523 ,-0.40704346 ,3 ,Acc ,15
3dd9e578dace13af ,1813818833098 ,-0.7536011 ,0.34051514 ,-0.41870117 ,3 ,Acc ,15
3dd9e578dace13af ,1814055441796 ,-0.8670044 ,-0.1048584 ,-0.3189087 ,3 ,Acc ,15
3dd9e578dace13af ,1814276512785 ,-0.90148926 ,-0.15777588 ,-0.24072266 ,3 ,Acc ,15
3dd9e578dace13af ,1814400387004 ,-0.8796997 ,-0.06518555 ,-0.27807617 ,3 ,Acc ,15
3dd9e578dace13af ,1814521352525 ,-0.8377075 ,0.14727783 ,-0.3526001 ,3 ,Acc ,15
3dd9e578dace13af ,1814640277264 ,-0.7741699 ,0.31451416 ,-0.35681152 ,3 ,Acc ,15
3dd9e578dace13af ,1814739859035 ,-0.7489624 ,0.37097168 ,-0.36834717 ,3 ,Acc ,15
3dd9e578dace13af ,1814840714868 ,-0.8272095 ,0.28302002 ,-0.36401367 ,3 ,Acc ,15
3dd9e578dace13af ,1814940064608 ,-0.8682251 ,0.03186035 ,-0.32269287 ,3 ,Acc ,15
3dd9e578dace13af ,1815057683306 ,-0.901001 ,-0.07757568 ,-0.2736206 ,3 ,Acc ,15
3dd9e578dace13af ,1815161199347 ,-0.9237671 ,-0.08062744 ,-0.2467041 ,3 ,Acc ,15
3dd9e578dace13af ,1815281071483 ,-0.8908081 ,-0.11651611 ,-0.2265625 ,3 ,Acc ,15
3dd9e578dace13af ,1815401222941 ,-0.864563 ,0.04852295 ,-0.28094482 ,3 ,Acc ,15
3dd9e578dace13af ,1815522341587 ,-0.80493164 ,0.25549316 ,-0.32891846 ,3 ,Acc ,15
3dd9e578dace13af ,1815641535597 ,-0.73553467 ,0.38452148 ,-0.3411255 ,3 ,Acc ,15
3dd9e578dace13af ,1815740898618 ,-0.73913574 ,0.40527344 ,-0.35845947 ,3 ,Acc ,15
3dd9e578dace13af ,1815857758930 ,6.3637238 ,3.0405273 ,7.7623444 ,0 ,Acc ,10
3dd9e578dace13af ,1815861076430 ,-0.8430786 ,0.23529053 ,-0.3383789 ,3 ,Acc ,15
3dd9e578dace13af ,1815977194712 ,-0.8649292 ,-0.041870117 ,-0.27008057 ,3 ,Acc ,15
3dd9e578dace13af ,1816081860597 ,-0.8987427 ,-0.089660645 ,-0.22338867 ,3 ,Acc ,15
3dd9e578dace13af ,1816202211066 ,-0.8842163 ,-0.11834717 ,-0.17938232 ,3 ,Acc ,15
3dd9e578dace13af ,1816323238149 ,-0.8519287 ,-0.0025024414 ,-0.23114014 ,3 ,Acc ,15
3dd9e578dace13af ,1816442413826 ,-0.81048584 ,0.2510376 ,-0.3116455 ,3 ,Acc ,15
3dd9e578dace13af ,1816541810076 ,-0.7498779 ,0.4227295 ,-0.29614258 ,3 ,Acc ,15
3dd9e578dace13af ,1816642456378 ,-0.70513916 ,0.47821045 ,-0.307312 ,3 ,Acc ,15
3dd9e578dace13af ,1816742024086 ,-0.7860718 ,0.39331055 ,-0.3106079 ,3 ,Acc ,15
3dd9e578dace13af ,1816842858305 ,-0.8555908 ,0.13800049 ,-0.27416992 ,3 ,Acc ,15
3dd9e578dace13af ,1816962858774 ,-0.8684082 ,-0.055419922 ,-0.22558594 ,3 ,Acc ,15
3dd9e578dace13af ,1817082890649 ,-0.9066162 ,-0.058044434 ,-0.17767334 ,3 ,Acc ,15
3dd9e578dace13af ,1817202892472 ,-0.869812 ,-0.039489746 ,-0.19226074 ,3 ,Acc ,15
3dd9e578dace13af ,1817324315076 ,-0.83776855 ,0.15490723 ,-0.2711792 ,3 ,Acc ,15
3dd9e578dace13af ,1817438377419 ,-0.7668457 ,0.4003296 ,-0.27453613 ,3 ,Acc ,15
3dd9e578dace13af ,1817542851638 ,-0.68048096 ,0.5213623 ,-0.27166748 ,3 ,Acc ,15
3dd9e578dace13af ,1817643675024 ,-0.74627686 ,0.18170166 ,-0.6293335 ,3 ,Acc ,15
3dd9e578dace13af ,1817742885336 ,-0.8093872 ,0.07696533 ,-0.5270386 ,3 ,Acc ,15
3dd9e578dace13af ,1817843840909 ,-0.91101074 ,-0.12011719 ,-0.32659912 ,3 ,Acc ,15
3dd9e578dace13af ,1817962889815 ,-0.90130615 ,-0.16143799 ,-0.21270752 ,3 ,Acc ,15
3dd9e578dace13af ,1818063445648 ,-0.91607666 ,-0.17962646 ,-0.14788818 ,3 ,Acc ,15
3dd9e578dace13af ,1818164305700 ,-0.9359131 ,-0.16766357 ,-0.1665039 ,3 ,Acc ,15
3dd9e578dace13af ,1818265333617 ,-0.91400146 ,-0.08868408 ,-0.3314209 ,3 ,Acc ,15
3dd9e578dace13af ,1818383824346 ,0.99438477 ,-0.094177246 ,0.04876709 ,3 ,Acc ,15
3dd9e578dace13af ,1818484482940 ,0.96569824 ,-0.23284912 ,0.11456299 ,3 ,Acc ,15
3dd9e578dace13af ,1818585832315 ,0.96032715 ,-0.23260498 ,0.1538086 ,3 ,Acc ,15
3dd9e578dace13af ,1818704173825 ,0.99780273 ,-0.055114746 ,0.030273438 ,3 ,Acc ,15
3dd9e578dace13af ,1818804303044 ,0.9798584 ,0.122558594 ,-0.12878418 ,3 ,Acc ,15
3dd9e578dace13af ,1818861144086 ,13.714096 ,0.81988525 ,11.512405 ,0 ,Acc ,10
3dd9e578dace13af ,1818920076950 ,0.9442749 ,0.26348877 ,-0.1829834 ,3 ,Acc ,15
3dd9e578dace13af ,1819024270856 ,0.94836426 ,0.23480225 ,-0.21130371 ,3 ,Acc ,15
3dd9e578dace13af ,1819126260075 ,0.97052 ,0.1539917 ,-0.17687988 ,3 ,Acc ,15
3dd9e578dace13af ,1819245400544 ,0.9989624 ,0.0014648438 ,-0.030578613 ,3 ,Acc ,15
3dd9e578dace13af ,1819346668565 ,0.98291016 ,-0.17407227 ,0.05432129 ,3 ,Acc ,15
3dd9e578dace13af ,1819464997731 ,0.94207764 ,-0.31237793 ,0.12176514 ,3 ,Acc ,15
3dd9e578dace13af ,1819565807002 ,0.9537964 ,-0.26757813 ,0.107177734 ,3 ,Acc ,15
3dd9e578dace13af ,1819685860023 ,0.9941406 ,-0.018432617 ,-0.03729248 ,3 ,Acc ,15
3dd9e578dace13af ,1819806038512 ,0.9711304 ,0.16204834 ,-0.15942383 ,3 ,Acc ,15
3dd9e578dace13af ,1819927140387 ,0.96759033 ,0.16790771 ,-0.17584229 ,3 ,Acc ,15
3dd9e578dace13af ,1820046337731 ,0.9685669 ,0.1496582 ,-0.19604492 ,3 ,Acc ,15
3dd9e578dace13af ,1820166487366 ,0.9945679 ,0.0087890625 ,-0.1003418 ,3 ,Acc ,15
3dd9e578dace13af ,1820286654866 ,0.97979736 ,-0.1965332 ,0.027770996 ,3 ,Acc ,15
3dd9e578dace13af ,1820386115439 ,0.9430542 ,-0.32122803 ,0.08416748 ,3 ,Acc ,15
3dd9e578dace13af ,1820486015439 ,0.9428711 ,-0.31707764 ,0.10028076 ,3 ,Acc ,15
3dd9e578dace13af ,1820726812887 ,0.9674072 ,0.06829834 ,-0.15270996 ,3 ,Acc ,15
3dd9e578dace13af ,1820826367991 ,0.97491455 ,0.068725586 ,-0.19488525 ,3 ,Acc ,15
3dd9e578dace13af ,1820928285960 ,0.9675293 ,0.070739746 ,-0.23852539 ,3 ,Acc ,15
3dd9e578dace13af ,1821047241220 ,0.954834 ,0.061706543 ,-0.25030518 ,3 ,Acc ,15
3dd9e578dace13af ,1821167561168 ,0.9830322 ,-0.028259277 ,-0.11798096 ,3 ,Acc ,15
3dd9e578dace13af ,1821266936741 ,0.9873657 ,-0.1430664 ,-0.018127441 ,3 ,Acc ,15
3dd9e578dace13af ,1821367642158 ,0.9649658 ,-0.25860596 ,0.042175293 ,3 ,Acc ,15
3dd9e578dace13af ,1821467132522 ,0.95196533 ,-0.29522705 ,0.07531738 ,3 ,Acc ,15
3dd9e578dace13af ,1821567990595 ,0.97076416 ,-0.21307373 ,0.012634277 ,3 ,Acc ,15
3dd9e578dace13af ,1821688016897 ,0.9909668 ,-0.06762695 ,-0.111083984 ,3 ,Acc ,15
3dd9e578dace13af ,1821808250074 ,0.9780884 ,0.026000977 ,-0.20507813 ,3 ,Acc ,15
3dd9e578dace13af ,1821881193355 ,15.554886 ,-2.5882568 ,11.959 ,0 ,Acc ,10
3dd9e578dace13af ,1821923445959 ,0.9649048 ,0.032836914 ,-0.25531006 ,3 ,Acc ,15
3dd9e578dace13af ,1822025024553 ,0.97351074 ,-0.013916016 ,-0.22259521 ,3 ,Acc ,15
3dd9e578dace13af ,1822129443720 ,0.98706055 ,-0.10662842 ,-0.11352539 ,3 ,Acc ,15
3dd9e578dace13af ,1822248613511 ,0.96551514 ,-0.25598145 ,0.014404297 ,3 ,Acc ,15
3dd9e578dace13af ,1822348051949 ,0.923645 ,-0.36547852 ,0.091674805 ,3 ,Acc ,15
3dd9e578dace13af ,1822448883355 ,0.9104614 ,-0.3798828 ,0.12719727 ,3 ,Acc ,15
3dd9e578dace13af ,1822568979032 ,0.9642334 ,-0.20605469 ,0.023620605 ,3 ,Acc ,15
3dd9e578dace13af ,1822689191949 ,0.9862671 ,-0.039855957 ,-0.1473999 ,3 ,Acc ,15
3dd9e578dace13af ,1822809178667 ,0.97540283 ,-0.01586914 ,-0.21704102 ,3 ,Acc ,15
3dd9e578dace13af ,1822930442209 ,0.9636841 ,-0.0076293945 ,-0.2659912 ,3 ,Acc ,15
3dd9e578dace13af ,1823049479344 ,0.97125244 ,-0.056518555 ,-0.22875977 ,3 ,Acc ,15
3dd9e578dace13af ,1823148891271 ,0.9805908 ,-0.16259766 ,-0.10827637 ,3 ,Acc ,15
3dd9e578dace13af ,1823249819917 ,0.9661255 ,-0.24432373 ,0.01928711 ,3 ,Acc ,15
3dd9e578dace13af ,1823349158719 ,0.92962646 ,-0.33325195 ,0.08850098 ,3 ,Acc ,15
3dd9e578dace13af ,1823469280178 ,0.9142456 ,-0.3557129 ,0.12237549 ,3 ,Acc ,15
3dd9e578dace13af ,1823570166115 ,0.94421387 ,-0.24993896 ,0.04058838 ,3 ,Acc ,15
3dd9e578dace13af ,1823690186063 ,0.98394775 ,-0.09161377 ,-0.15307617 ,3 ,Acc ,15
3dd9e578dace13af ,1823806736792 ,0.96972656 ,-0.05255127 ,-0.23712158 ,3 ,Acc ,15
3dd9e578dace13af ,1823909808875 ,0.96154785 ,-0.070129395 ,-0.2590332 ,3 ,Acc ,15
3dd9e578dace13af ,1824010513615 ,0.9657593 ,-0.08508301 ,-0.24511719 ,3 ,Acc ,15
3dd9e578dace13af ,1824109958250 ,0.97875977 ,-0.14501953 ,-0.14483643 ,3 ,Acc ,15
3dd9e578dace13af ,1824210852729 ,0.95977783 ,-0.25927734 ,-0.0040893555 ,3 ,Acc ,15
3dd9e578dace13af ,1824328431479 ,0.8890991 ,-0.40020752 ,0.076171875 ,3 ,Acc ,15
3dd9e578dace13af ,1824428139500 ,0.86206055 ,-0.46246338 ,0.103271484 ,3 ,Acc ,15
3dd9e578dace13af ,1824532192521 ,0.89782715 ,-0.39813232 ,0.06072998 ,3 ,Acc ,15
3dd9e578dace13af ,1824651226583 ,0.97283936 ,-0.1720581 ,-0.123291016 ,3 ,Acc ,15
3dd9e578dace13af ,1824748547417 ,0.9748535 ,-0.08190918 ,-0.2064209 ,3 ,Acc ,15
3dd9e578dace13af ,1824851518719 ,0.97052 ,-0.08972168 ,-0.21087646 ,3 ,Acc ,15
3dd9e578dace13af ,1824884404396 ,11.5651245 ,-8.516205 ,11.53537 ,0 ,Acc ,10
3dd9e578dace13af ,1824965756010 ,0.96746826 ,-0.12408447 ,-0.21087646 ,3 ,Acc ,15
3dd9e578dace13af ,1825070964917 ,0.9691162 ,-0.16503906 ,-0.18206787 ,3 ,Acc ,15
3dd9e578dace13af ,1825171898354 ,0.96746826 ,-0.23382568 ,-0.09423828 ,3 ,Acc ,15
3dd9e578dace13af ,1825291925177 ,0.93951416 ,-0.33276367 ,0.013122559 ,3 ,Acc ,15
3dd9e578dace13af ,1825412095489 ,0.89331055 ,-0.42712402 ,0.046020508 ,3 ,Acc ,15
3dd9e578dace13af ,1825525402781 ,0.8903198 ,-0.41784668 ,0.00592041 ,3 ,Acc ,15
3dd9e578dace13af ,1825631647156 ,0.9626465 ,-0.2526245 ,-0.08557129 ,3 ,Acc ,15
3dd9e578dace13af ,1825733411843 ,0.9579468 ,-0.14105225 ,-0.18566895 ,3 ,Acc ,15
3dd9e578dace13af ,1825852489864 ,0.95581055 ,-0.14086914 ,-0.22241211 ,3 ,Acc ,15
3dd9e578dace13af ,1825952023979 ,0.9369507 ,-0.20880127 ,-0.20526123 ,3 ,Acc ,15
3dd9e578dace13af ,1826052816218 ,0.9055786 ,-0.25720215 ,-0.15216064 ,3 ,Acc ,15
3dd9e578dace13af ,1826172883302 ,0.86798096 ,-0.27612305 ,-0.06225586 ,3 ,Acc ,15
3dd9e578dace13af ,1826292884551 ,0.80841064 ,-0.24523926 ,-0.0061035156 ,3 ,Acc ,15
3dd9e578dace13af ,1826412883614 ,0.6743164 ,-0.20349121 ,1.2207031E-4 ,3 ,Acc ,15
3dd9e578dace13af ,1826534302260 ,0.50128174 ,-0.1906128 ,0.0021972656 ,3 ,Acc ,15
3dd9e578dace13af ,1826653378614 ,0.3789673 ,-0.20703125 ,0.011169434 ,3 ,Acc ,15
3dd9e578dace13af ,1826752902676 ,0.3279419 ,-0.26312256 ,-0.0056152344 ,3 ,Acc ,15
3dd9e578dace13af ,1826853687624 ,0.24835205 ,-0.33532715 ,-0.06628418 ,3 ,Acc ,15
3dd9e578dace13af ,1826952888510 ,0.19091797 ,-0.32373047 ,-0.07531738 ,3 ,Acc ,15
3dd9e578dace13af ,1827053543457 ,0.19104004 ,-0.2623291 ,-0.012207031 ,3 ,Acc ,15
3dd9e578dace13af ,1827152885905 ,0.14190674 ,-0.19769287 ,0.044799805 ,3 ,Acc ,15
3dd9e578dace13af ,1827254057312 ,0.1519165 ,-0.20275879 ,0.02923584 ,3 ,Acc ,15
3dd9e578dace13af ,1827374295384 ,0.13446045 ,-0.25842285 ,-0.058166504 ,3 ,Acc ,15
3dd9e578dace13af ,1827494399395 ,0.04663086 ,-0.3164673 ,-0.12609863 ,3 ,Acc ,15
3dd9e578dace13af ,1827610799343 ,-0.008361816 ,-0.34735107 ,-0.19244385 ,3 ,Acc ,15
3dd9e578dace13af ,1827714064343 ,-0.0119018555 ,-0.3477173 ,-0.19769287 ,3 ,Acc ,15
3dd9e578dace13af ,1827834032207 ,0.07006836 ,-0.28393555 ,-0.08093262 ,3 ,Acc ,15
3dd9e578dace13af ,1827891283249 ,14.203125 ,-2.8678436 ,-7.7010193 ,0 ,Acc ,10
3dd9e578dace13af ,1827948901322 ,-0.031555176 ,-0.16967773 ,0.06286621 ,3 ,Acc ,15
3dd9e578dace13af ,1828054795957 ,0.029418945 ,-0.13946533 ,0.08288574 ,3 ,Acc ,15
3dd9e578dace13af ,1828175172051 ,0.0513916 ,-0.11608887 ,0.07611084 ,3 ,Acc ,15
3dd9e578dace13af ,1828295200019 ,-0.023986816 ,-0.14605713 ,0.03387451 ,3 ,Acc ,15
3dd9e578dace13af ,1828414301061 ,-0.081604004 ,-0.24957275 ,-0.092163086 ,3 ,Acc ,15
3dd9e578dace13af ,1828514306269 ,-0.12451172 ,-0.3164673 ,-0.19580078 ,3 ,Acc ,15
3dd9e578dace13af ,1828649785436 ,-0.09185791 ,-0.3685913 ,-0.30151367 ,3 ,Acc ,15
3dd9e578dace13af ,1828755079238 ,0.0032348633 ,-0.34552002 ,-0.2705078 ,3 ,Acc ,15
3dd9e578dace13af ,1828855826686 ,-0.076293945 ,-0.2409668 ,-0.09954834 ,3 ,Acc ,15
3dd9e578dace13af ,1828975881842 ,-0.109313965 ,-0.13476563 ,0.024291992 ,3 ,Acc ,15
3dd9e578dace13af ,1829096128248 ,-0.09881592 ,-0.07867432 ,0.06225586 ,3 ,Acc ,15
3dd9e578dace13af ,1829216124342 ,-0.12634277 ,-0.084350586 ,0.026550293 ,3 ,Acc ,15
3dd9e578dace13af ,1829333599915 ,-0.15283203 ,-0.20770264 ,-0.076049805 ,3 ,Acc ,15
3dd9e578dace13af ,1829435812988 ,-0.15197754 ,-0.29534912 ,-0.20587158 ,3 ,Acc ,15
3dd9e578dace13af ,1829536839498 ,-0.14331055 ,-0.34387207 ,-0.35534668 ,3 ,Acc ,15
3dd9e578dace13af ,1829656688092 ,-0.078308105 ,-0.3635254 ,-0.3908081 ,3 ,Acc ,15
3dd9e578dace13af ,1829776780071 ,-0.069885254 ,-0.23901367 ,-0.20050049 ,3 ,Acc ,15
3dd9e578dace13af ,1829876246790 ,-0.19525146 ,-0.11804199 ,0.0038452148 ,3 ,Acc ,15
3dd9e578dace13af ,1829977024758 ,-0.13690186 ,-0.07299805 ,0.04626465 ,3 ,Acc ,15
3dd9e578dace13af ,1830097193873 ,-0.1161499 ,-0.057678223 ,0.027832031 ,3 ,Acc ,15
3dd9e578dace13af ,1830217321790 ,-0.17687988 ,-0.13000488 ,-0.046691895 ,3 ,Acc ,15
3dd9e578dace13af ,1830338397467 ,-0.17199707 ,-0.258667 ,-0.20922852 ,3 ,Acc ,15
3dd9e578dace13af ,1830457518873 ,-0.18145752 ,-0.31573486 ,-0.36590576 ,3 ,Acc ,15
3dd9e578dace13af ,1830556941998 ,-0.16705322 ,-0.36047363 ,-0.42407227 ,3 ,Acc ,15
3dd9e578dace13af ,1830657713091 ,-0.08874512 ,-0.31066895 ,-0.35791016 ,3 ,Acc ,15
3dd9e578dace13af ,1830757191060 ,-0.14880371 ,-0.20178223 ,-0.1675415 ,3 ,Acc ,15
3dd9e578dace13af ,1830858033456 ,-0.20117188 ,-0.12670898 ,-0.026245117 ,3 ,Acc ,15
3dd9e578dace13af ,1830893748977 ,11.544434 ,-4.5971527 ,-6.2038116 ,0 ,Acc ,10
3dd9e578dace13af ,1830972229185 ,-0.13372803 ,-0.05303955 ,-0.0026245117 ,3 ,Acc ,15
3dd9e578dace13af ,1831072654445 ,-0.18829346 ,-0.03930664 ,-1.8310547E-4 ,3 ,Acc ,15
3dd9e578dace13af ,1831178463612 ,-0.19689941 ,-0.12225342 ,-0.105529785 ,3 ,Acc ,15
3dd9e578dace13af ,1831298390747 ,-0.16497803 ,-0.23883057 ,-0.29779053 ,3 ,Acc ,15
3dd9e578dace13af ,1831397834029 ,-0.16271973 ,-0.27355957 ,-0.43756104 ,3 ,Acc ,15
3dd9e578dace13af ,1831498694914 ,-0.12548828 ,-0.2883911 ,-0.4987793 ,3 ,Acc ,15
3dd9e578dace13af ,1831597376268 ,-0.07556152 ,-0.22839355 ,-0.38928223 ,3 ,Acc ,15
3dd9e578dace13af ,1831698802674 ,-0.20977783 ,-0.15863037 ,-0.16412354 ,3 ,Acc ,15
3dd9e578dace13af ,1831818992518 ,-0.11798096 ,-0.107055664 ,-0.07409668 ,3 ,Acc ,15
3dd9e578dace13af ,1831940197362 ,-0.10461426 ,-0.07312012 ,-0.053527832 ,3 ,Acc ,15
3dd9e578dace13af ,1832059316008 ,-0.16571045 ,-0.09753418 ,-0.070373535 ,3 ,Acc ,15
3dd9e578dace13af ,1832159130539 ,-0.13769531 ,-0.16766357 ,-0.2277832 ,3 ,Acc ,15
3dd9e578dace13af ,1832259486476 ,-0.13354492 ,-0.21807861 ,-0.39782715 ,3 ,Acc ,15
3dd9e578dace13af ,1832359318716 ,-0.17059326 ,-0.25054932 ,-0.5036621 ,3 ,Acc ,15
3dd9e578dace13af ,1832459786007 ,-0.1296997 ,-0.26660156 ,-0.5189209 ,3 ,Acc ,15
3dd9e578dace13af ,1832579806580 ,-0.09082031 ,-0.20806885 ,-0.3406372 ,3 ,Acc ,15
3dd9e578dace13af ,1832679818143 ,-0.23693848 ,-0.14123535 ,-0.13305664 ,3 ,Acc ,15
3dd9e578dace13af ,1832780000695 ,-0.16491699 ,-0.101623535 ,-0.09667969 ,3 ,Acc ,15
3dd9e578dace13af ,1832900144653 ,-0.11279297 ,-0.056884766 ,-0.11682129 ,3 ,Acc ,15
3dd9e578dace13af ,1833000005799 ,-0.1751709 ,-0.07232666 ,-0.13897705 ,3 ,Acc ,15
3dd9e578dace13af ,1833100400278 ,-0.17913818 ,-0.13208008 ,-0.26971436 ,3 ,Acc ,15
3dd9e578dace13af ,1833200255278 ,-0.18621826 ,-0.18701172 ,-0.40356445 ,3 ,Acc ,15
3dd9e578dace13af ,1833301075330 ,-0.20263672 ,-0.22857666 ,-0.4902954 ,3 ,Acc ,15
3dd9e578dace13af ,1833414944236 ,-0.09326172 ,-0.23864746 ,-0.5283203 ,3 ,Acc ,15
3dd9e578dace13af ,1833520631788 ,-0.06390381 ,-0.1795044 ,-0.41174316 ,3 ,Acc ,15
3dd9e578dace13af ,1833620981892 ,-0.19720459 ,-0.124816895 ,-0.23602295 ,3 ,Acc ,15
3dd9e578dace13af ,1833742082049 ,-0.10809326 ,-0.06542969 ,-0.17095947 ,3 ,Acc ,15
3dd9e578dace13af ,1833861201476 ,-0.11993408 ,-0.044799805 ,-0.16345215 ,3 ,Acc ,15
3dd9e578dace13af ,1833897074288 ,16.257843 ,-6.7947083 ,-7.4944305 ,0 ,Acc ,10
3dd9e578dace13af ,1833975472830 ,-0.16070557 ,-0.07525635 ,-0.20825195 ,3 ,Acc ,15
3dd9e578dace13af ,1834080714601 ,-0.14953613 ,-0.15423584 ,-0.3373413 ,3 ,Acc ,15
3dd9e578dace13af ,1834181602726 ,-0.128479 ,-0.1987915 ,-0.4892578 ,3 ,Acc ,15
3dd9e578dace13af ,1834301769809 ,-0.13311768 ,-0.23608398 ,-0.58795166 ,3 ,Acc ,15
3dd9e578dace13af ,1834401120955 ,-0.06365967 ,-0.22833252 ,-0.54766846 ,3 ,Acc ,15
3dd9e578dace13af ,1834501859236 ,-0.09100342 ,-0.16186523 ,-0.37408447 ,3 ,Acc ,15
3dd9e578dace13af ,1834622076111 ,-0.25164795 ,-0.0949707 ,-0.20361328 ,3 ,Acc ,15
3dd9e578dace13af ,1834743123715 ,-0.16436768 ,-0.008850098 ,-0.20007324 ,3 ,Acc ,15
3dd9e578dace13af ,1834844346371 ,-0.22961426 ,0.0126953125 ,-0.17242432 ,3 ,Acc ,15
3dd9e578dace13af ,1834961700850 ,-0.26922607 ,-0.061584473 ,-0.23547363 ,3 ,Acc ,15
3dd9e578dace13af ,1835081812256 ,-0.18847656 ,-0.17608643 ,-0.41064453 ,3 ,Acc ,15
3dd9e578dace13af ,1835182774496 ,-0.15014648 ,-0.21490479 ,-0.5510254 ,3 ,Acc ,15
3dd9e578dace13af ,1835302761944 ,-0.11218262 ,-0.2501831 ,-0.62384033 ,3 ,Acc ,15
3dd9e578dace13af ,1835402210850 ,-0.049682617 ,-0.19750977 ,-0.5567627 ,3 ,Acc ,15
3dd9e578dace13af ,1835503060381 ,-0.1843872 ,-0.122802734 ,-0.3710327 ,3 ,Acc ,15
3dd9e578dace13af ,1835622904704 ,-0.26141357 ,-0.043762207 ,-0.21765137 ,3 ,Acc ,15
3dd9e578dace13af ,1835744266944 ,-0.22216797 ,0.012878418 ,-0.19171143 ,3 ,Acc ,15
3dd9e578dace13af ,1835863319392 ,-0.26184082 ,-0.030273438 ,-0.22973633 ,3 ,Acc ,15
3dd9e578dace13af ,1835983573350 ,-0.22375488 ,-0.14135742 ,-0.38690186 ,3 ,Acc ,15
3dd9e578dace13af ,1836082886683 ,-0.17260742 ,-0.18579102 ,-0.5397339 ,3 ,Acc ,15
3dd9e578dace13af ,1836183738402 ,-0.15509033 ,-0.20794678 ,-0.64886475 ,3 ,Acc ,15
3dd9e578dace13af ,1836282907100 ,-0.5970459 ,0.46258545 ,-0.56744385 ,3 ,Acc ,15
3dd9e578dace13af ,1836382953246 ,-0.66851807 ,0.4241333 ,-0.4570923 ,3 ,Acc ,15
3dd9e578dace13af ,1836483388141 ,-0.8518677 ,0.3008423 ,-0.30963135 ,3 ,Acc ,15
3dd9e578dace13af ,1836582903558 ,-0.9173584 ,0.23297119 ,-0.18218994 ,3 ,Acc ,15
3dd9e578dace13af ,1836683603714 ,-0.9244995 ,0.2331543 ,-0.13378906 ,3 ,Acc ,15
3dd9e578dace13af ,1836784296527 ,-0.9151001 ,0.25201416 ,-0.16802979 ,3 ,Acc ,15
3dd9e578dace13af ,1836901134391 ,7.461975 ,-5.4327087 ,4.5236816 ,0 ,Acc ,10
3dd9e578dace13af ,1836904450120 ,-0.83465576 ,0.32696533 ,-0.32525635 ,3 ,Acc ,15
3dd9e578dace13af ,1837024209391 ,-0.7036133 ,0.4315796 ,-0.4857788 ,3 ,Acc ,15
3dd9e578dace13af ,1837124013558 ,-0.61608887 ,0.48510742 ,-0.57177734 ,3 ,Acc ,15
3dd9e578dace13af ,1837224780016 ,-0.58709717 ,0.4835205 ,-0.5963135 ,3 ,Acc ,15
3dd9e578dace13af ,1837346007256 ,-0.69158936 ,0.414917 ,-0.47357178 ,3 ,Acc ,15
3dd9e578dace13af ,1837465091058 ,-0.87023926 ,0.27752686 ,-0.30859375 ,3 ,Acc ,15
3dd9e578dace13af ,1837585224235 ,-0.9213867 ,0.2617798 ,-0.19580078 ,3 ,Acc ,15
3dd9e578dace13af ,1837705384287 ,-0.91796875 ,0.29571533 ,-0.16314697 ,3 ,Acc ,15
3dd9e578dace13af ,1837804845016 ,-0.8997803 ,0.3110962 ,-0.23284912 ,3 ,Acc ,15
3dd9e578dace13af ,1837905545120 ,-0.8276367 ,0.33306885 ,-0.38787842 ,3 ,Acc ,15
3dd9e578dace13af ,1838005058297 ,-0.6990967 ,0.4371338 ,-0.487854 ,3 ,Acc ,15
3dd9e578dace13af ,1838105731943 ,-0.60113525 ,0.49389648 ,-0.5739746 ,3 ,Acc ,15
3dd9e578dace13af ,1838225970224 ,-0.5830078 ,0.47009277 ,-0.6038208 ,3 ,Acc ,15
3dd9e578dace13af ,1838347066943 ,-0.73443604 ,0.43292236 ,-0.39215088 ,3 ,Acc ,15
3dd9e578dace13af ,1838466276838 ,-0.89086914 ,0.30480957 ,-0.20336914 ,3 ,Acc ,15
3dd9e578dace13af ,1838586249703 ,-0.8952637 ,0.3225708 ,-0.14172363 ,3 ,Acc ,15
3dd9e578dace13af ,1838706552151 ,-0.89990234 ,0.3314209 ,-0.17468262 ,3 ,Acc ,15
3dd9e578dace13af ,1838826562932 ,-0.8763428 ,0.30133057 ,-0.33843994 ,3 ,Acc ,15
3dd9e578dace13af ,1838925986005 ,-0.7606201 ,0.38891602 ,-0.46826172 ,3 ,Acc ,15
3dd9e578dace13af ,1839046157047 ,-0.62402344 ,0.4699707 ,-0.59313965 ,3 ,Acc ,15
3dd9e578dace13af ,1839183905901 ,-0.59539795 ,0.4831543 ,-0.5960083 ,3 ,Acc ,15
3dd9e578dace13af ,1839286476057 ,-0.7423706 ,0.44207764 ,-0.42663574 ,3 ,Acc ,15
3dd9e578dace13af ,1839387159859 ,-0.8842163 ,0.3461914 ,-0.27124023 ,3 ,Acc ,15
3dd9e578dace13af ,1839507332151 ,-0.88934326 ,0.37097168 ,-0.19226074 ,3 ,Acc ,15
3dd9e578dace13af ,1839627454494 ,-0.8753052 ,0.3970337 ,-0.15637207 ,3 ,Acc ,15
3dd9e578dace13af ,1839747817671 ,-0.8468628 ,0.42260742 ,-0.23144531 ,3 ,Acc ,15
3dd9e578dace13af ,1839867621942 ,-0.73309326 ,0.4812622 ,-0.38104248 ,3 ,Acc ,15
3dd9e578dace13af ,1839904422619 ,-0.762558 ,-1.4879761 ,4.305252 ,0 ,Acc ,10
3dd9e578dace13af ,1839983132307 ,-0.59020996 ,0.5817871 ,-0.46777344 ,3 ,Acc ,15
3dd9e578dace13af ,1840087251786 ,-0.5126953 ,0.6152344 ,-0.5043335 ,3 ,Acc ,15
3dd9e578dace13af ,1840188200536 ,-0.55352783 ,0.5916748 ,-0.42095947 ,3 ,Acc ,15
3dd9e578dace13af ,1840308295848 ,-0.76727295 ,0.46398926 ,-0.27404785 ,3 ,Acc ,15
3dd9e578dace13af ,1840428286004 ,-0.8190918 ,0.4182129 ,-0.17767334 ,3 ,Acc ,15
3dd9e578dace13af ,1840527755171 ,-0.7929077 ,0.44024658 ,-0.12530518 ,3 ,Acc ,15
3dd9e578dace13af ,1840628590744 ,-0.802124 ,0.45080566 ,-0.13311768 ,3 ,Acc ,15
3dd9e578dace13af ,1840727948921 ,-0.7449951 ,0.5026245 ,-0.22265625 ,3 ,Acc ,15
3dd9e578dace13af ,1840828751733 ,-0.6176758 ,0.57769775 ,-0.34240723 ,3 ,Acc ,15
3dd9e578dace13af ,1840950081577 ,-0.48809814 ,0.63708496 ,-0.46679688 ,3 ,Acc ,15
3dd9e578dace13af ,1841063111942 ,-0.42401123 ,0.63983154 ,-0.50671387 ,3 ,Acc ,15
3dd9e578dace13af ,1841167212046 ,-0.48388672 ,0.61053467 ,-0.38739014 ,3 ,Acc ,15
3dd9e578dace13af ,1841268653348 ,-0.6741333 ,0.5262451 ,-0.23309326 ,3 ,Acc ,15
3dd9e578dace13af ,1841368631473 ,-0.78912354 ,0.46136475 ,-0.15686035 ,3 ,Acc ,15
3dd9e578dace13af ,1841469394494 ,-0.7345581 ,0.49700928 ,-0.08190918 ,3 ,Acc ,15
3dd9e578dace13af ,1841573205744 ,-0.7059326 ,0.5081787 ,-0.08319092 ,3 ,Acc ,15
3dd9e578dace13af ,1841689006108 ,-0.65008545 ,0.55023193 ,-0.1708374 ,3 ,Acc ,15
3dd9e578dace13af ,1841789693921 ,-0.52282715 ,0.6356201 ,-0.27142334 ,3 ,Acc ,15
3dd9e578dace13af ,1841889191525 ,-0.42156982 ,0.67755127 ,-0.40234375 ,3 ,Acc ,15
3dd9e578dace13af ,1841990032462 ,-0.3461914 ,0.6812744 ,-0.493042 ,3 ,Acc ,15
3dd9e578dace13af ,1842110128452 ,-0.3694458 ,0.671875 ,-0.43621826 ,3 ,Acc ,15
3dd9e578dace13af ,1842230347358 ,-0.5196533 ,0.6121216 ,-0.22399902 ,3 ,Acc ,15
3dd9e578dace13af ,1842351403504 ,-0.6776123 ,0.50427246 ,-0.16705322 ,3 ,Acc ,15
3dd9e578dace13af ,1842470587566 ,-0.59350586 ,0.54071045 ,-0.048828125 ,3 ,Acc ,15
3dd9e578dace13af ,1842569918087 ,-0.6449585 ,0.5342407 ,-0.04711914 ,3 ,Acc ,15
3dd9e578dace13af ,1842670667722 ,-0.6422119 ,0.56500244 ,-0.11785889 ,3 ,Acc ,15
3dd9e578dace13af ,1842769912358 ,-0.557312 ,0.6040039 ,-0.2529297 ,3 ,Acc ,15
3dd9e578dace13af ,1842871052045 ,-0.010559082 ,0.99487305 ,-0.0053100586 ,3 ,Acc ,15
3dd9e578dace13af ,1842909453451 ,4.7122803 ,-1.1439667 ,8.281052 ,0 ,Acc ,10
3dd9e578dace13af ,1842988205847 ,0.090270996 ,0.7532959 ,-0.03930664 ,3 ,Acc ,15
3dd9e578dace13af ,1843088801941 ,0.101989746 ,0.7357788 ,7.9345703E-4 ,3 ,Acc ,15
3dd9e578dace13af ,1843191612097 ,0.00592041 ,0.7719116 ,0.14874268 ,3 ,Acc ,15
3dd9e578dace13af ,1843290757097 ,-0.20397949 ,0.8569336 ,0.12243652 ,3 ,Acc ,15
3dd9e578dace13af ,1843392011264 ,-0.21844482 ,0.87841797 ,0.16668701 ,3 ,Acc ,15
3dd9e578dace13af ,1843512233451 ,-0.16485596 ,0.8902588 ,0.23138428 ,3 ,Acc ,15
3dd9e578dace13af ,1843632252826 ,-0.22723389 ,0.9197998 ,0.12200928 ,3 ,Acc ,15
3dd9e578dace13af ,1843752929701 ,-0.14910889 ,0.8796997 ,0.06414795 ,3 ,Acc ,15
3dd9e578dace13af ,1843872903191 ,-0.0012207031 ,0.7897949 ,0.037719727 ,3 ,Acc ,15
3dd9e578dace13af ,1843992211368 ,0.099121094 ,0.7331543 ,-0.038208008 ,3 ,Acc ,15
3dd9e578dace13af ,1844114258607 ,0.10821533 ,0.7321167 ,-0.06750488 ,3 ,Acc ,15
3dd9e578dace13af ,1844232504649 ,-0.010803223 ,0.80737305 ,0.06689453 ,3 ,Acc ,15
3dd9e578dace13af ,1844331915586 ,-0.18884277 ,0.8774414 ,0.037231445 ,3 ,Acc ,15
3dd9e578dace13af ,1844433030430 ,-0.1494751 ,0.8746948 ,0.13342285 ,3 ,Acc ,15
3dd9e578dace13af ,1844556779284 ,-0.056396484 ,0.8567505 ,0.15649414 ,3 ,Acc ,15
3dd9e578dace13af ,1844672853242 ,0.07739258 ,0.8201904 ,0.057373047 ,3 ,Acc ,15
3dd9e578dace13af ,1844794311471 ,0.23480225 ,0.76123047 ,-0.113708496 ,3 ,Acc ,15
3dd9e578dace13af ,1844913390899 ,0.38061523 ,0.6486206 ,-0.350708 ,3 ,Acc ,15
3dd9e578dace13af ,1845032145482 ,0.44989014 ,0.5748291 ,-0.47381592 ,3 ,Acc ,15
3dd9e578dace13af ,1845132729805 ,0.42401123 ,0.53912354 ,-0.54138184 ,3 ,Acc ,15
3dd9e578dace13af ,1845351870950 ,0.39135742 ,0.5166626 ,-0.5571289 ,3 ,Acc ,15
3dd9e578dace13af ,1845569497044 ,0.29937744 ,0.21936035 ,-0.73742676 ,3 ,Acc ,15
3dd9e578dace13af ,1845692032669 ,0.3086548 ,0.23284912 ,-0.7357788 ,3 ,Acc ,15
3dd9e578dace13af ,1845794192044 ,0.30981445 ,0.24029541 ,-0.7394409 ,3 ,Acc ,15
3dd9e578dace13af ,1845910987044 ,0.23461914 ,0.24526978 ,0.100997925 ,0 ,Acc ,10
3dd9e578dace13af ,1845914302981 ,0.3069458 ,0.23956299 ,-0.74432373 ,3 ,Acc ,15
3dd9e578dace13af ,1846028984127 ,0.3005371 ,0.2390747 ,-0.74853516 ,3 ,Acc ,15
3dd9e578dace13af ,1846132898502 ,0.2975464 ,0.23724365 ,-0.7513428 ,3 ,Acc ,15
3dd9e578dace13af ,1846234785065 ,0.29193115 ,0.23291016 ,-0.75683594 ,3 ,Acc ,15
3dd9e578dace13af ,1846355742565 ,0.2831421 ,0.23321533 ,-0.7640381 ,3 ,Acc ,15
3dd9e578dace13af ,1846474969700 ,0.27075195 ,0.22998047 ,-0.7703247 ,3 ,Acc ,15
3dd9e578dace13af ,1846594982252 ,0.277771 ,0.23339844 ,-0.7739868 ,3 ,Acc ,15
