3dd9e578dace13af ,675647943387 ,0.036743164 ,-0.2409668 ,0.80651855 ,3 ,Acc ,15
3dd9e578dace13af ,675762273074 ,0.024108887 ,-0.19555664 ,0.8070679 ,3 ,Acc ,15
3dd9e578dace13af ,675862374949 ,0.037475586 ,-0.17236328 ,0.803833 ,3 ,Acc ,15
3dd9e578dace13af ,675962955730 ,-0.002380371 ,-0.3918457 ,0.7409668 ,3 ,Acc ,15
3dd9e578dace13af ,676062590366 ,0.07952881 ,-0.38330078 ,0.76226807 ,3 ,Acc ,15
3dd9e578dace13af ,676162594949 ,0.2345581 ,-0.3605957 ,0.79022217 ,3 ,Acc ,15
3dd9e578dace13af ,676262996720 ,0.39300537 ,-0.26715088 ,0.82147217 ,3 ,Acc ,15
3dd9e578dace13af ,676362904689 ,0.5296631 ,-0.15423584 ,0.814209 ,3 ,Acc ,15
3dd9e578dace13af ,676482862657 ,0.57995605 ,-0.20721436 ,0.78637695 ,3 ,Acc ,15
3dd9e578dace13af ,676582436043 ,0.59814453 ,-0.16888428 ,0.7821655 ,3 ,Acc ,15
3dd9e578dace13af ,676683177605 ,0.6314087 ,-0.19104004 ,0.7512207 ,3 ,Acc ,15
3dd9e578dace13af ,676803281563 ,0.60058594 ,-0.21740723 ,0.76361084 ,3 ,Acc ,15
3dd9e578dace13af ,676923452918 ,0.51049805 ,-0.2666626 ,0.7944946 ,3 ,Acc ,15
3dd9e578dace13af ,677343266720 ,0.6734009 ,-0.21691895 ,0.7055664 ,3 ,Acc ,15
3dd9e578dace13af ,677444283699 ,0.7510376 ,-0.10668945 ,0.6499634 ,3 ,Acc ,15
3dd9e578dace13af ,677564132032 ,0.795105 ,-0.08239746 ,0.5779419 ,3 ,Acc ,15
3dd9e578dace13af ,677864567240 ,0.7694702 ,-0.17358398 ,0.6055298 ,3 ,Acc ,15
3dd9e578dace13af ,678064664167 ,0.60357666 ,-0.30456543 ,0.73583984 ,3 ,Acc ,15
3dd9e578dace13af ,681667344999 ,9.180679 ,-0.54203796 ,8.394928 ,0 ,Acc ,10
3dd9e578dace13af ,682709135832 ,0.8048096 ,0.0079956055 ,0.44354248 ,3 ,Acc ,15
3dd9e578dace13af ,683290619061 ,0.70806885 ,-0.052001953 ,0.53131104 ,3 ,Acc ,15
3dd9e578dace13af ,683731403592 ,0.74139404 ,-0.08483887 ,0.4699707 ,3 ,Acc ,15
3dd9e578dace13af ,684071163384 ,0.55078125 ,-0.45465088 ,0.5423584 ,3 ,Acc ,15
3dd9e578dace13af ,684471752915 ,0.83691406 ,-0.11401367 ,0.39813232 ,3 ,Acc ,15
3dd9e578dace13af ,684571662915 ,0.788147 ,0.013366699 ,0.38171387 ,3 ,Acc ,15
3dd9e578dace13af ,684670649842 ,6.8031464 ,6.1071625 ,2.4615479 ,0 ,Acc ,10
3dd9e578dace13af ,684811856404 ,0.65686035 ,-0.20928955 ,0.49310303 ,3 ,Acc ,15
3dd9e578dace13af ,684911451404 ,0.5950928 ,-0.3255005 ,0.5093384 ,3 ,Acc ,15
3dd9e578dace13af ,685012272290 ,0.55700684 ,-0.39941406 ,0.51452637 ,3 ,Acc ,15
3dd9e578dace13af ,685111658904 ,0.6287842 ,-0.38024902 ,0.49261475 ,3 ,Acc ,15
3dd9e578dace13af ,685212352758 ,0.6929321 ,-0.22015381 ,0.45703125 ,3 ,Acc ,15
3dd9e578dace13af ,685332446769 ,0.7718506 ,-0.107788086 ,0.40740967 ,3 ,Acc ,15
3dd9e578dace13af ,685532685883 ,0.7932739 ,-0.008239746 ,0.35369873 ,3 ,Acc ,15
3dd9e578dace13af ,685732881195 ,0.69055176 ,-0.13720703 ,0.43469238 ,3 ,Acc ,15
3dd9e578dace13af ,685832257393 ,0.63964844 ,-0.28100586 ,0.45251465 ,3 ,Acc ,15
3dd9e578dace13af ,685933092498 ,0.5822754 ,-0.394104 ,0.4491577 ,3 ,Acc ,15
3dd9e578dace13af ,686053301716 ,0.60565186 ,-0.43481445 ,0.4510498 ,3 ,Acc ,15
3dd9e578dace13af ,686152816925 ,0.68518066 ,-0.32177734 ,0.42468262 ,3 ,Acc ,15
3dd9e578dace13af ,686373615674 ,0.7840576 ,-0.08947754 ,0.34802246 ,3 ,Acc ,15
3dd9e578dace13af ,686473718539 ,0.791626 ,-0.050231934 ,0.3109131 ,3 ,Acc ,15
3dd9e578dace13af ,686573739737 ,0.7490845 ,-0.05090332 ,0.31933594 ,3 ,Acc ,15
3dd9e578dace13af ,686673861612 ,0.6595459 ,-0.10809326 ,0.37548828 ,3 ,Acc ,15
3dd9e578dace13af ,686774008174 ,0.5661621 ,-0.20947266 ,0.44140625 ,3 ,Acc ,15
3dd9e578dace13af ,686874075466 ,0.5062866 ,-0.3267212 ,0.45672607 ,3 ,Acc ,15
3dd9e578dace13af ,686974134164 ,0.5238037 ,-0.40667725 ,0.44818115 ,3 ,Acc ,15
3dd9e578dace13af ,687074514685 ,0.6503296 ,-0.38848877 ,0.4177246 ,3 ,Acc ,15
3dd9e578dace13af ,687174587862 ,0.71209717 ,-0.20489502 ,0.3982544 ,3 ,Acc ,15
3dd9e578dace13af ,687274705987 ,0.7093506 ,-0.06298828 ,0.34783936 ,3 ,Acc ,15
3dd9e578dace13af ,687494867861 ,0.7539673 ,-0.01727295 ,0.24609375 ,3 ,Acc ,15
3dd9e578dace13af ,687594193539 ,0.71380615 ,-0.07507324 ,0.2952881 ,3 ,Acc ,15
3dd9e578dace13af ,687673725101 ,8.468262 ,6.1452637 ,0.38494873 ,0 ,Acc ,10
3dd9e578dace13af ,687694858070 ,0.66345215 ,-0.20880127 ,0.3725586 ,3 ,Acc ,15
3dd9e578dace13af ,687895303955 ,0.54211426 ,-0.47998047 ,0.40234375 ,3 ,Acc ,15
3dd9e578dace13af ,688095475205 ,0.6559448 ,-0.4121704 ,0.3704834 ,3 ,Acc ,15
3dd9e578dace13af ,688195040830 ,0.68981934 ,-0.20483398 ,0.35510254 ,3 ,Acc ,15
3dd9e578dace13af ,688295718486 ,0.7484131 ,-0.1105957 ,0.3008423 ,3 ,Acc ,15
3dd9e578dace13af ,688395109736 ,0.7648926 ,-0.07281494 ,0.25476074 ,3 ,Acc ,15
3dd9e578dace13af ,688595257444 ,0.69696045 ,-0.14135742 ,0.29089355 ,3 ,Acc ,15
3dd9e578dace13af ,688696048330 ,0.6326294 ,-0.27386475 ,0.3363037 ,3 ,Acc ,15
3dd9e578dace13af ,688816243226 ,0.57110596 ,-0.43182373 ,0.35235596 ,3 ,Acc ,15
3dd9e578dace13af ,688936365048 ,0.55340576 ,-0.53234863 ,0.35827637 ,3 ,Acc ,15
3dd9e578dace13af ,689056443850 ,0.6772461 ,-0.46697998 ,0.31640625 ,3 ,Acc ,15
3dd9e578dace13af ,689176725048 ,0.7088623 ,-0.23626709 ,0.3076172 ,3 ,Acc ,15
3dd9e578dace13af ,689276793173 ,0.7805176 ,-0.13635254 ,0.26660156 ,3 ,Acc ,15
3dd9e578dace13af ,689376933902 ,0.7897339 ,-0.07122803 ,0.22772217 ,3 ,Acc ,15
3dd9e578dace13af ,689497180569 ,0.7451172 ,-0.08508301 ,0.21704102 ,3 ,Acc ,15
3dd9e578dace13af ,689616985309 ,0.6694336 ,-0.22052002 ,0.2857666 ,3 ,Acc ,15
3dd9e578dace13af ,689716681090 ,0.62872314 ,-0.3937378 ,0.30303955 ,3 ,Acc ,15
3dd9e578dace13af ,689817447496 ,0.5640869 ,-0.5166626 ,0.3116455 ,3 ,Acc ,15
3dd9e578dace13af ,689937342027 ,0.5713501 ,-0.5619507 ,0.31115723 ,3 ,Acc ,15
3dd9e578dace13af ,690037051402 ,0.6611328 ,-0.44073486 ,0.30096436 ,3 ,Acc ,15
3dd9e578dace13af ,690137774215 ,0.7183838 ,-0.26660156 ,0.28912354 ,3 ,Acc ,15
3dd9e578dace13af ,690237214683 ,0.7644043 ,-0.1484375 ,0.25305176 ,3 ,Acc ,15
3dd9e578dace13af ,690337985829 ,0.7761841 ,-0.103881836 ,0.21136475 ,3 ,Acc ,15
3dd9e578dace13af ,690437529006 ,0.74383545 ,-0.11895752 ,0.20727539 ,3 ,Acc ,15
3dd9e578dace13af ,690538187339 ,0.6899414 ,-0.21380615 ,0.23937988 ,3 ,Acc ,15
3dd9e578dace13af ,690658254006 ,0.62664795 ,-0.38635254 ,0.26898193 ,3 ,Acc ,15
3dd9e578dace13af ,690677120985 ,9.186996 ,6.9417877 ,1.0252991 ,0 ,Acc ,10
3dd9e578dace13af ,690778462756 ,0.56152344 ,-0.5192871 ,0.27416992 ,3 ,Acc ,15
3dd9e578dace13af ,690878543589 ,0.57141113 ,-0.57244873 ,0.27075195 ,3 ,Acc ,15
3dd9e578dace13af ,690978611298 ,0.6566162 ,-0.5039673 ,0.25 ,3 ,Acc ,15
3dd9e578dace13af ,691078824891 ,0.7027588 ,-0.3227539 ,0.26293945 ,3 ,Acc ,15
3dd9e578dace13af ,691178919735 ,0.7576294 ,-0.20135498 ,0.23565674 ,3 ,Acc ,15
3dd9e578dace13af ,691279049787 ,0.77679443 ,-0.14068604 ,0.190979 ,3 ,Acc ,15
3dd9e578dace13af ,691619287131 ,0.64398193 ,-0.35620117 ,0.23138428 ,3 ,Acc ,15
3dd9e578dace13af ,691739528589 ,0.57647705 ,-0.51953125 ,0.22033691 ,3 ,Acc ,15
3dd9e578dace13af ,691859445724 ,0.541687 ,-0.5869751 ,0.23217773 ,3 ,Acc ,15
3dd9e578dace13af ,691959096870 ,0.6242676 ,-0.5385132 ,0.21875 ,3 ,Acc ,15
3dd9e578dace13af ,692059886870 ,0.6814575 ,-0.3807373 ,0.23095703 ,3 ,Acc ,15
3dd9e578dace13af ,692159304266 ,0.7380371 ,-0.25689697 ,0.20922852 ,3 ,Acc ,15
3dd9e578dace13af ,692259982912 ,0.770874 ,-0.17675781 ,0.17901611 ,3 ,Acc ,15
3dd9e578dace13af ,692380229214 ,0.73321533 ,-0.13146973 ,0.15368652 ,3 ,Acc ,15
3dd9e578dace13af ,692480287130 ,0.6959839 ,-0.20025635 ,0.15631104 ,3 ,Acc ,15
3dd9e578dace13af ,692580295047 ,0.6444092 ,-0.33721924 ,0.19250488 ,3 ,Acc ,15
3dd9e578dace13af ,692680507860 ,0.59991455 ,-0.4883423 ,0.18127441 ,3 ,Acc ,15
3dd9e578dace13af ,692780593849 ,0.5341797 ,-0.586853 ,0.18011475 ,3 ,Acc ,15
3dd9e578dace13af ,692880825568 ,0.5498047 ,-0.61816406 ,0.1774292 ,3 ,Acc ,15
3dd9e578dace13af ,692980815724 ,0.6604004 ,-0.5280762 ,0.15808105 ,3 ,Acc ,15
3dd9e578dace13af ,693081003536 ,0.68322754 ,-0.3319702 ,0.18353271 ,3 ,Acc ,15
3dd9e578dace13af ,693181123328 ,0.725647 ,-0.2296753 ,0.15429688 ,3 ,Acc ,15
3dd9e578dace13af ,693281198693 ,0.7684326 ,-0.19146729 ,0.101379395 ,3 ,Acc ,15
3dd9e578dace13af ,693381405463 ,0.74102783 ,-0.15240479 ,0.09197998 ,3 ,Acc ,15
3dd9e578dace13af ,693481448224 ,0.7074585 ,-0.19146729 ,0.10571289 ,3 ,Acc ,15
3dd9e578dace13af ,693581434578 ,0.6489258 ,-0.2994995 ,0.1519165 ,3 ,Acc ,15
3dd9e578dace13af ,693681626036 ,0.62054443 ,-0.46453857 ,0.16723633 ,3 ,Acc ,15
3dd9e578dace13af ,693680364317 ,12.870239 ,6.7829285 ,1.3742065 ,0 ,Acc ,10
3dd9e578dace13af ,693781566453 ,0.5745239 ,-0.61291504 ,0.12414551 ,3 ,Acc ,15
3dd9e578dace13af ,693881876661 ,0.5426636 ,-0.65722656 ,0.12554932 ,3 ,Acc ,15
3dd9e578dace13af ,693981926140 ,0.62176514 ,-0.58166504 ,0.11682129 ,3 ,Acc ,15
3dd9e578dace13af ,694082073380 ,0.6705322 ,-0.40960693 ,0.14056396 ,3 ,Acc ,15
3dd9e578dace13af ,694182032599 ,0.69470215 ,-0.2868042 ,0.13409424 ,3 ,Acc ,15
3dd9e578dace13af ,694282293067 ,0.72094727 ,-0.23815918 ,0.08392334 ,3 ,Acc ,15
3dd9e578dace13af ,694388254786 ,0.6750488 ,-0.18493652 ,0.060913086 ,3 ,Acc ,15
3dd9e578dace13af ,694489205775 ,0.5982666 ,-0.19415283 ,0.08428955 ,3 ,Acc ,15
3dd9e578dace13af ,694605369421 ,0.539917 ,-0.31604004 ,0.14849854 ,3 ,Acc ,15
3dd9e578dace13af ,694708537286 ,0.5560303 ,-0.48138428 ,0.14813232 ,3 ,Acc ,15
3dd9e578dace13af ,694827635046 ,0.5105591 ,-0.62524414 ,0.12237549 ,3 ,Acc ,15
3dd9e578dace13af ,694928025202 ,0.49279785 ,-0.6532593 ,0.12591553 ,3 ,Acc ,15
3dd9e578dace13af ,695028591192 ,0.53466797 ,-0.58843994 ,0.09875488 ,3 ,Acc ,15
3dd9e578dace13af ,695128271609 ,0.4505005 ,-0.3939209 ,0.15618896 ,3 ,Acc ,15
3dd9e578dace13af ,695228968848 ,0.37805176 ,-0.2798462 ,0.12664795 ,3 ,Acc ,15
3dd9e578dace13af ,695349284213 ,0.4031372 ,-0.2687378 ,0.058898926 ,3 ,Acc ,15
3dd9e578dace13af ,695469452286 ,0.22106934 ,-0.16125488 ,0.11102295 ,3 ,Acc ,15
3dd9e578dace13af ,695571973535 ,0.093688965 ,-0.1159668 ,0.16485596 ,3 ,Acc ,15
3dd9e578dace13af ,695690283900 ,0.0635376 ,-0.16119385 ,0.16741943 ,3 ,Acc ,15
3dd9e578dace13af ,695808863067 ,0.6784668 ,0.40960693 ,0.19384766 ,3 ,Acc ,15
3dd9e578dace13af ,695909450931 ,0.60595703 ,0.4411621 ,0.072753906 ,3 ,Acc ,15
3dd9e578dace13af ,696009055671 ,0.5210571 ,0.4520874 ,-0.050109863 ,3 ,Acc ,15
3dd9e578dace13af ,696109455671 ,0.41351318 ,0.44683838 ,-0.14703369 ,3 ,Acc ,15
3dd9e578dace13af ,696209382442 ,0.35876465 ,0.3829956 ,-0.2409668 ,3 ,Acc ,15
3dd9e578dace13af ,696310225410 ,0.375 ,0.3114624 ,-0.35113525 ,3 ,Acc ,15
3dd9e578dace13af ,696430296087 ,0.3493042 ,0.3269043 ,-0.40429688 ,3 ,Acc ,15
3dd9e578dace13af ,696544721816 ,0.2076416 ,0.38537598 ,-0.42230225 ,3 ,Acc ,15
3dd9e578dace13af ,696649510254 ,0.09069824 ,0.46844482 ,-0.38256836 ,3 ,Acc ,15
3dd9e578dace13af ,696684411816 ,7.9261475 ,-3.0642395 ,-0.81858826 ,0 ,Acc ,10
3dd9e578dace13af ,696764222702 ,-0.021484375 ,0.4694214 ,-0.4055786 ,3 ,Acc ,15
3dd9e578dace13af ,696870967025 ,0.0043945313 ,0.41436768 ,-0.43878174 ,3 ,Acc ,15
3dd9e578dace13af ,696989511920 ,0.08898926 ,0.3480835 ,-0.46374512 ,3 ,Acc ,15
3dd9e578dace13af ,697092039785 ,0.117614746 ,0.28198242 ,-0.49249268 ,3 ,Acc ,15
3dd9e578dace13af ,697204710202 ,0.2546997 ,0.28295898 ,-0.4699707 ,3 ,Acc ,15
3dd9e578dace13af ,697311260670 ,0.2341919 ,0.34020996 ,-0.4494629 ,3 ,Acc ,15
3dd9e578dace13af ,697431492858 ,0.14111328 ,0.4020996 ,-0.4147339 ,3 ,Acc ,15
3dd9e578dace13af ,697551509628 ,0.14007568 ,0.5001221 ,-0.34454346 ,3 ,Acc ,15
3dd9e578dace13af ,697665905774 ,0.055236816 ,0.545105 ,-0.34924316 ,3 ,Acc ,15
3dd9e578dace13af ,697771275774 ,0.07495117 ,0.5112915 ,-0.39715576 ,3 ,Acc ,15
3dd9e578dace13af ,697871888118 ,0.10681152 ,0.4185791 ,-0.4564209 ,3 ,Acc ,15
3dd9e578dace13af ,697989927441 ,0.1765747 ,0.31079102 ,-0.4970703 ,3 ,Acc ,15
3dd9e578dace13af ,698093121816 ,0.24700928 ,0.23223877 ,-0.5055542 ,3 ,Acc ,15
3dd9e578dace13af ,698211645670 ,0.39562988 ,0.26672363 ,-0.45098877 ,3 ,Acc ,15
3dd9e578dace13af ,698312444837 ,0.30847168 ,0.3446045 ,-0.4555664 ,3 ,Acc ,15
3dd9e578dace13af ,698432547076 ,0.16760254 ,0.43658447 ,-0.43292236 ,3 ,Acc ,15
3dd9e578dace13af ,698552758847 ,0.09020996 ,0.52160645 ,-0.40594482 ,3 ,Acc ,15
3dd9e578dace13af ,698672739732 ,0.047973633 ,0.53344727 ,-0.4298706 ,3 ,Acc ,15
3dd9e578dace13af ,698792960097 ,0.040161133 ,0.44281006 ,-0.47979736 ,3 ,Acc ,15
3dd9e578dace13af ,698893780409 ,0.1531372 ,0.35321045 ,-0.5081787 ,3 ,Acc ,15
3dd9e578dace13af ,699012511295 ,0.28326416 ,0.2514038 ,-0.54608154 ,3 ,Acc ,15
3dd9e578dace13af ,699113241972 ,0.36138916 ,0.2163086 ,-0.52557373 ,3 ,Acc ,15
3dd9e578dace13af ,699233406399 ,0.31243896 ,0.33544922 ,-0.47528076 ,3 ,Acc ,15
3dd9e578dace13af ,699332832701 ,0.13305664 ,0.41046143 ,-0.48168945 ,3 ,Acc ,15
3dd9e578dace13af ,699433617336 ,0.08642578 ,0.49847412 ,-0.44384766 ,3 ,Acc ,15
3dd9e578dace13af ,699537876503 ,0.055480957 ,0.5467529 ,-0.43566895 ,3 ,Acc ,15
3dd9e578dace13af ,699653198638 ,0.023620605 ,0.50335693 ,-0.49053955 ,3 ,Acc ,15
3dd9e578dace13af ,699686869940 ,7.461319 ,1.6128082 ,-3.5449524 ,0 ,Acc ,10
3dd9e578dace13af ,699769697076 ,0.08874512 ,0.37426758 ,-0.53656006 ,3 ,Acc ,15
3dd9e578dace13af ,699874537753 ,0.21929932 ,0.28533936 ,-0.56707764 ,3 ,Acc ,15
3dd9e578dace13af ,699991651450 ,0.30163574 ,0.18371582 ,-0.59155273 ,3 ,Acc ,15
3dd9e578dace13af ,700095308638 ,0.3687744 ,0.22747803 ,-0.5487671 ,3 ,Acc ,15
3dd9e578dace13af ,700194826086 ,0.27581787 ,0.3237915 ,-0.53552246 ,3 ,Acc ,15
3dd9e578dace13af ,700315207336 ,0.1237793 ,0.414917 ,-0.5252075 ,3 ,Acc ,15
3dd9e578dace13af ,700435109627 ,0.06976318 ,0.5151367 ,-0.4807129 ,3 ,Acc ,15
3dd9e578dace13af ,700555321398 ,-9.765625E-4 ,0.5083008 ,-0.51727295 ,3 ,Acc ,15
3dd9e578dace13af ,700674871971 ,0.038024902 ,0.41918945 ,-0.57110596 ,3 ,Acc ,15
3dd9e578dace13af ,700795615200 ,0.16674805 ,0.3086548 ,-0.6104126 ,3 ,Acc ,15
3dd9e578dace13af ,700896120252 ,0.27124023 ,0.23608398 ,-0.6333618 ,3 ,Acc ,15
3dd9e578dace13af ,701011712856 ,0.348938 ,0.20751953 ,-0.60498047 ,3 ,Acc ,15
3dd9e578dace13af ,701115953846 ,0.33239746 ,0.30419922 ,-0.56829834 ,3 ,Acc ,15
3dd9e578dace13af ,701235184471 ,0.1552124 ,0.39697266 ,-0.55462646 ,3 ,Acc ,15
3dd9e578dace13af ,701334981710 ,0.091796875 ,0.48529053 ,-0.5204468 ,3 ,Acc ,15
3dd9e578dace13af ,701436337856 ,0.05291748 ,0.52923584 ,-0.52264404 ,3 ,Acc ,15
3dd9e578dace13af ,701556340252 ,0.04272461 ,0.49468994 ,-0.5602417 ,3 ,Acc ,15
3dd9e578dace13af ,701673278898 ,0.10321045 ,0.37261963 ,-0.6156006 ,3 ,Acc ,15
3dd9e578dace13af ,701775387283 ,0.2199707 ,0.2932129 ,-0.6358032 ,3 ,Acc ,15
3dd9e578dace13af ,701876183429 ,0.31207275 ,0.22039795 ,-0.6445923 ,3 ,Acc ,15
3dd9e578dace13af ,701994962283 ,0.40740967 ,0.24273682 ,-0.6019287 ,3 ,Acc ,15
3dd9e578dace13af ,702097134783 ,0.31018066 ,0.32983398 ,-0.5946045 ,3 ,Acc ,15
3dd9e578dace13af ,702215900668 ,0.13140869 ,0.39996338 ,-0.59973145 ,3 ,Acc ,15
3dd9e578dace13af ,702316712179 ,0.07824707 ,0.4951172 ,-0.5684204 ,3 ,Acc ,15
3dd9e578dace13af ,702416179887 ,-0.0014648438 ,0.5248413 ,-0.576416 ,3 ,Acc ,15
3dd9e578dace13af ,702536290200 ,0.02947998 ,0.47650146 ,-0.61206055 ,3 ,Acc ,15
3dd9e578dace13af ,702637095720 ,0.12298584 ,0.3764038 ,-0.64508057 ,3 ,Acc ,15
3dd9e578dace13af ,702692030929 ,6.003372 ,4.964447 ,-6.664963 ,0 ,Acc ,10
3dd9e578dace13af ,702752032804 ,0.28894043 ,0.28356934 ,-0.66119385 ,3 ,Acc ,15
3dd9e578dace13af ,702856635616 ,0.36749268 ,0.21813965 ,-0.6571655 ,3 ,Acc ,15
3dd9e578dace13af ,702957439418 ,0.4142456 ,0.2609253 ,-0.6109619 ,3 ,Acc ,15
3dd9e578dace13af ,703056860147 ,0.3572998 ,0.3562622 ,-0.58361816 ,3 ,Acc ,15
3dd9e578dace13af ,703157617022 ,0.21704102 ,0.4109497 ,-0.59954834 ,3 ,Acc ,15
3dd9e578dace13af ,703257048637 ,0.12982178 ,0.48553467 ,-0.5928955 ,3 ,Acc ,15
3dd9e578dace13af ,703357930251 ,0.049926758 ,0.5239868 ,-0.60046387 ,3 ,Acc ,15
3dd9e578dace13af ,703478071137 ,0.054626465 ,0.49310303 ,-0.6310425 ,3 ,Acc ,15
3dd9e578dace13af ,703573576241 ,0.100097656 ,0.38482666 ,-0.6682129 ,3 ,Acc ,15
3dd9e578dace13af ,703699141032 ,0.24987793 ,0.29907227 ,-0.6748657 ,3 ,Acc ,15
3dd9e578dace13af ,703817661814 ,0.36505127 ,0.21282959 ,-0.67523193 ,3 ,Acc ,15
3dd9e578dace13af ,703918039053 ,0.4414673 ,0.22808838 ,-0.64019775 ,3 ,Acc ,15
3dd9e578dace13af ,704017906136 ,0.36346436 ,0.32757568 ,-0.6334839 ,3 ,Acc ,15
3dd9e578dace13af ,704118694313 ,0.2029419 ,0.38549805 ,-0.6448364 ,3 ,Acc ,15
3dd9e578dace13af ,704238037491 ,0.12225342 ,0.48895264 ,-0.6211548 ,3 ,Acc ,15
3dd9e578dace13af ,704358025615 ,0.058654785 ,0.513855 ,-0.63623047 ,3 ,Acc ,15
3dd9e578dace13af ,704458044313 ,0.07366943 ,0.46862793 ,-0.6618042 ,3 ,Acc ,15
3dd9e578dace13af ,704559182595 ,0.14453125 ,0.36224365 ,-0.6903076 ,3 ,Acc ,15
3dd9e578dace13af ,704663084105 ,0.29937744 ,0.29644775 ,-0.69195557 ,3 ,Acc ,15
3dd9e578dace13af ,704778713115 ,0.40911865 ,0.21038818 ,-0.69299316 ,3 ,Acc ,15
3dd9e578dace13af ,704878908584 ,0.4696045 ,0.22094727 ,-0.6635742 ,3 ,Acc ,15
3dd9e578dace13af ,704979005824 ,0.40118408 ,0.3123169 ,-0.6529541 ,3 ,Acc ,15
3dd9e578dace13af ,705079670980 ,0.21612549 ,0.36993408 ,-0.66656494 ,3 ,Acc ,15
3dd9e578dace13af ,705179122126 ,0.1227417 ,0.44836426 ,-0.6651001 ,3 ,Acc ,15
3dd9e578dace13af ,705279459209 ,0.08270264 ,0.49957275 ,-0.6641846 ,3 ,Acc ,15
3dd9e578dace13af ,705400111605 ,0.044189453 ,0.45770264 ,-0.694458 ,3 ,Acc ,15
3dd9e578dace13af ,705501145615 ,0.10131836 ,0.36590576 ,-0.7294922 ,3 ,Acc ,15
3dd9e578dace13af ,705619621657 ,0.27148438 ,0.28155518 ,-0.73443604 ,3 ,Acc ,15
3dd9e578dace13af ,705696525094 ,11.101044 ,3.859375 ,-6.8365784 ,0 ,Acc ,10
3dd9e578dace13af ,705733964782 ,0.40197754 ,0.20477295 ,-0.7294922 ,3 ,Acc ,15
3dd9e578dace13af ,705838902594 ,0.47106934 ,0.19781494 ,-0.7052002 ,3 ,Acc ,15
3dd9e578dace13af ,705939451917 ,0.44091797 ,0.2730713 ,-0.6973877 ,3 ,Acc ,15
3dd9e578dace13af ,706040757907 ,0.2816162 ,0.34350586 ,-0.708374 ,3 ,Acc ,15
3dd9e578dace13af ,706160993688 ,0.13360596 ,0.44152832 ,-0.6912842 ,3 ,Acc ,15
3dd9e578dace13af ,706277380719 ,0.048461914 ,0.465271 ,-0.70770264 ,3 ,Acc ,15
3dd9e578dace13af ,706380534469 ,0.05834961 ,0.43328857 ,-0.7232666 ,3 ,Acc ,15
3dd9e578dace13af ,706481312125 ,0.13897705 ,0.34350586 ,-0.75476074 ,3 ,Acc ,15
3dd9e578dace13af ,706601325667 ,0.30212402 ,0.24536133 ,-0.7682495 ,3 ,Acc ,15
3dd9e578dace13af ,706701984365 ,0.40234375 ,0.17803955 ,-0.7672119 ,3 ,Acc ,15
3dd9e578dace13af ,706820948010 ,0.48046875 ,0.1842041 ,-0.7345581 ,3 ,Acc ,15
3dd9e578dace13af ,706921796604 ,0.43286133 ,0.29180908 ,-0.7249756 ,3 ,Acc ,15
3dd9e578dace13af ,707021327125 ,0.2503662 ,0.34118652 ,-0.74816895 ,3 ,Acc ,15
3dd9e578dace13af ,707121968479 ,0.14428711 ,0.43652344 ,-0.7184448 ,3 ,Acc ,15
3dd9e578dace13af ,707225667021 ,0.054992676 ,0.46392822 ,-0.7241821 ,3 ,Acc ,15
3dd9e578dace13af ,707341523948 ,0.027893066 ,0.41986084 ,-0.75927734 ,3 ,Acc ,15
3dd9e578dace13af ,707456360666 ,0.13812256 ,0.31726074 ,-0.7942505 ,3 ,Acc ,15
3dd9e578dace13af ,707562370406 ,0.2935791 ,0.25299072 ,-0.7996826 ,3 ,Acc ,15
3dd9e578dace13af ,707661795614 ,0.40875244 ,0.19714355 ,-0.78881836 ,3 ,Acc ,15
3dd9e578dace13af ,707762625250 ,0.51342773 ,0.258667 ,-0.72039795 ,3 ,Acc ,15
3dd9e578dace13af ,707862064625 ,0.44415283 ,0.3203125 ,-0.7127075 ,3 ,Acc ,15
3dd9e578dace13af ,707962799416 ,0.25335693 ,0.31036377 ,-0.7661743 ,3 ,Acc ,15
3dd9e578dace13af ,708083017645 ,0.17401123 ,0.42468262 ,-0.75109863 ,3 ,Acc ,15
3dd9e578dace13af ,708186777593 ,0.0758667 ,0.43615723 ,-0.77246094 ,3 ,Acc ,15
3dd9e578dace13af ,708303429416 ,0.03967285 ,0.41705322 ,-0.7797241 ,3 ,Acc ,15
3dd9e578dace13af ,708403355979 ,0.13317871 ,0.35650635 ,-0.7920532 ,3 ,Acc ,15
3dd9e578dace13af ,708504485041 ,0.30499268 ,0.30847168 ,-0.7871704 ,3 ,Acc ,15
3dd9e578dace13af ,708622861551 ,0.44818115 ,0.22668457 ,-0.7785034 ,3 ,Acc ,15
3dd9e578dace13af ,708699712541 ,16.890121 ,5.7138977 ,-5.885498 ,0 ,Acc ,10
3dd9e578dace13af ,708737226083 ,0.5195923 ,0.23217773 ,-0.7383423 ,3 ,Acc ,15
3dd9e578dace13af ,708843791916 ,0.44482422 ,0.3092041 ,-0.7472534 ,3 ,Acc ,15
3dd9e578dace13af ,708963956551 ,0.25201416 ,0.34509277 ,-0.7928467 ,3 ,Acc ,15
3dd9e578dace13af ,709083818374 ,0.124938965 ,0.45111084 ,-0.772522 ,3 ,Acc ,15
3dd9e578dace13af ,709204251134 ,0.02331543 ,0.4640503 ,-0.7763672 ,3 ,Acc ,15
3dd9e578dace13af ,709678867853 ,0.59246826 ,0.24780273 ,-0.70196533 ,3 ,Acc ,15
3dd9e578dace13af ,709782043218 ,0.54052734 ,0.35534668 ,-0.6828003 ,3 ,Acc ,15
3dd9e578dace13af ,709884933582 ,0.33709717 ,0.40307617 ,-0.73779297 ,3 ,Acc ,15
3dd9e578dace13af ,709984437436 ,0.21258545 ,0.46728516 ,-0.74749756 ,3 ,Acc ,15
3dd9e578dace13af ,710106086499 ,0.15686035 ,0.5117798 ,-0.75549316 ,3 ,Acc ,15
3dd9e578dace13af ,710218846342 ,0.14379883 ,0.45837402 ,-0.79364014 ,3 ,Acc ,15
3dd9e578dace13af ,710319630092 ,0.23583984 ,0.39154053 ,-0.8043213 ,3 ,Acc ,15
3dd9e578dace13af ,710419034051 ,0.3847046 ,0.3320923 ,-0.78015137 ,3 ,Acc ,15
3dd9e578dace13af ,710519783061 ,0.50177 ,0.26800537 ,-0.7565918 ,3 ,Acc ,15
3dd9e578dace13af ,710619163582 ,0.56744385 ,0.2401123 ,-0.72540283 ,3 ,Acc ,15
3dd9e578dace13af ,710719983686 ,0.5701294 ,0.3250122 ,-0.6890259 ,3 ,Acc ,15
3dd9e578dace13af ,710823615717 ,0.4465332 ,0.4180298 ,-0.7095337 ,3 ,Acc ,15
3dd9e578dace13af ,710926010665 ,0.3088379 ,0.46765137 ,-0.73809814 ,3 ,Acc ,15
3dd9e578dace13af ,711042821707 ,0.24212646 ,0.55200195 ,-0.7206421 ,3 ,Acc ,15
3dd9e578dace13af ,711150162852 ,0.20794678 ,0.57092285 ,-0.7316284 ,3 ,Acc ,15
3dd9e578dace13af ,711265781811 ,0.2387085 ,0.52716064 ,-0.75775146 ,3 ,Acc ,15
3dd9e578dace13af ,711366560873 ,0.35424805 ,0.46264648 ,-0.74823 ,3 ,Acc ,15
3dd9e578dace13af ,711469758061 ,0.5043335 ,0.41033936 ,-0.7006836 ,3 ,Acc ,15
3dd9e578dace13af ,711586061654 ,0.61950684 ,0.33111572 ,-0.6656494 ,3 ,Acc ,15
3dd9e578dace13af ,711703176238 ,16.058212 ,5.0657806 ,0.31375122 ,0 ,Acc ,10
3dd9e578dace13af ,711704410092 ,0.6469116 ,0.36895752 ,-0.6178589 ,3 ,Acc ,15
3dd9e578dace13af ,711826403061 ,0.54345703 ,0.52545166 ,-0.5933838 ,3 ,Acc ,15
3dd9e578dace13af ,711927186342 ,0.42877197 ,0.58947754 ,-0.61169434 ,3 ,Acc ,15
3dd9e578dace13af ,712047207540 ,0.37854004 ,0.71191406 ,-0.5307007 ,3 ,Acc ,15
3dd9e578dace13af ,712167510873 ,0.31048584 ,0.7260742 ,-0.5653076 ,3 ,Acc ,15
3dd9e578dace13af ,712287546029 ,0.34979248 ,0.66156006 ,-0.61712646 ,3 ,Acc ,15
3dd9e578dace13af ,712386923894 ,0.45947266 ,0.5666504 ,-0.62615967 ,3 ,Acc ,15
3dd9e578dace13af ,712487859935 ,0.57769775 ,0.46844482 ,-0.60650635 ,3 ,Acc ,15
3dd9e578dace13af ,712603165664 ,0.66607666 ,0.36029053 ,-0.58465576 ,3 ,Acc ,15
3dd9e578dace13af ,712708950456 ,0.7174072 ,0.37573242 ,-0.52160645 ,3 ,Acc ,15
3dd9e578dace13af ,712827454206 ,0.72613525 ,0.50042725 ,-0.45147705 ,3 ,Acc ,15
3dd9e578dace13af ,712928034102 ,0.72351074 ,0.43914795 ,-0.513916 ,3 ,Acc ,15
3dd9e578dace13af ,713048036393 ,0.7684326 ,0.34747314 ,-0.53045654 ,3 ,Acc ,15
3dd9e578dace13af ,713147834623 ,0.80303955 ,0.18078613 ,-0.5637207 ,3 ,Acc ,15
3dd9e578dace13af ,713248569779 ,0.8251953 ,0.007873535 ,-0.5629883 ,3 ,Acc ,15
3dd9e578dace13af ,713347956810 ,0.81970215 ,-0.113586426 ,-0.5611572 ,3 ,Acc ,15
3dd9e578dace13af ,713448897070 ,0.7958374 ,-0.18640137 ,-0.5756836 ,3 ,Acc ,15
3dd9e578dace13af ,713568944518 ,0.7723999 ,-0.21081543 ,-0.59906006 ,3 ,Acc ,15
3dd9e578dace13af ,713689259831 ,0.7669678 ,-0.23626709 ,-0.59625244 ,3 ,Acc ,15
3dd9e578dace13af ,713809185247 ,0.7704468 ,-0.24475098 ,-0.583374 ,3 ,Acc ,15
3dd9e578dace13af ,713910236862 ,0.78100586 ,-0.22906494 ,-0.5704956 ,3 ,Acc ,15
3dd9e578dace13af ,714024731497 ,0.80010986 ,-0.22198486 ,-0.5455322 ,3 ,Acc ,15
3dd9e578dace13af ,714129309049 ,0.8123779 ,-0.19885254 ,-0.54016113 ,3 ,Acc ,15
3dd9e578dace13af ,714249498580 ,0.8057251 ,-0.20281982 ,-0.5506592 ,3 ,Acc ,15
3dd9e578dace13af ,714369629882 ,0.78204346 ,-0.24279785 ,-0.5666504 ,3 ,Acc ,15
3dd9e578dace13af ,714491800455 ,0.7543335 ,-0.2514038 ,-0.6032715 ,3 ,Acc ,15
3dd9e578dace13af ,714609487070 ,0.71191406 ,-0.29119873 ,-0.638916 ,3 ,Acc ,15
3dd9e578dace13af ,714710110924 ,0.6748047 ,-0.3336792 ,-0.657959 ,3 ,Acc ,15
3dd9e578dace13af ,714708819466 ,7.6190643 ,-11.13559 ,10.17041 ,0 ,Acc ,10
3dd9e578dace13af ,714828709622 ,0.65545654 ,-0.3326416 ,-0.6777344 ,3 ,Acc ,15
