3dd9e578dace13af ,936083952037 ,0.26446533 ,0.14953613 ,-0.7149048 ,3 ,Acc ,15
3dd9e578dace13af ,936183365734 ,0.2020874 ,0.19714355 ,-0.7486572 ,3 ,Acc ,15
3dd9e578dace13af ,936286460839 ,0.125 ,0.20410156 ,-0.7628784 ,3 ,Acc ,15
3dd9e578dace13af ,936405785422 ,0.04034424 ,0.28479004 ,-0.6998291 ,3 ,Acc ,15
3dd9e578dace13af ,936530289953 ,-0.04876709 ,0.44744873 ,-0.5452881 ,3 ,Acc ,15
3dd9e578dace13af ,936650066672 ,-0.16540527 ,0.51361084 ,-0.43023682 ,3 ,Acc ,15
3dd9e578dace13af ,936771476620 ,-0.17358398 ,0.5510864 ,-0.3562622 ,3 ,Acc ,15
3dd9e578dace13af ,936890503911 ,-0.25976563 ,0.57385254 ,-0.36297607 ,3 ,Acc ,15
3dd9e578dace13af ,936989986463 ,-0.31323242 ,0.54730225 ,-0.46514893 ,3 ,Acc ,15
3dd9e578dace13af ,937090848547 ,-0.22680664 ,0.5307617 ,-0.565979 ,3 ,Acc ,15
3dd9e578dace13af ,937210870786 ,-0.123291016 ,0.5155029 ,-0.64556885 ,3 ,Acc ,15
3dd9e578dace13af ,937331053442 ,-0.29034424 ,0.6403198 ,-0.5024414 ,3 ,Acc ,15
3dd9e578dace13af ,937451115838 ,-0.35461426 ,0.63238525 ,-0.44702148 ,3 ,Acc ,15
3dd9e578dace13af ,937572066151 ,-0.43182373 ,0.623291 ,-0.307312 ,3 ,Acc ,15
3dd9e578dace13af ,937691360109 ,-0.44067383 ,0.62054443 ,-0.13616943 ,3 ,Acc ,15
3dd9e578dace13af ,937790854015 ,-0.47216797 ,0.64172363 ,-0.048950195 ,3 ,Acc ,15
3dd9e578dace13af ,937890846202 ,-0.4973755 ,0.694397 ,-0.052001953 ,3 ,Acc ,15
3dd9e578dace13af ,937990857244 ,-0.45507813 ,0.72216797 ,-0.04071045 ,3 ,Acc ,15
3dd9e578dace13af ,938091736463 ,-0.40472412 ,0.7261963 ,-0.08117676 ,3 ,Acc ,15
3dd9e578dace13af ,938212025838 ,-0.4656372 ,0.6834717 ,-0.19482422 ,3 ,Acc ,15
3dd9e578dace13af ,938332054848 ,-0.36035156 ,0.6616821 ,-0.22589111 ,3 ,Acc ,15
3dd9e578dace13af ,938452402921 ,-0.25927734 ,0.59552 ,-0.35913086 ,3 ,Acc ,15
3dd9e578dace13af ,938573380108 ,-0.10870361 ,0.571228 ,-0.4251709 ,3 ,Acc ,15
3dd9e578dace13af ,938692558650 ,-0.0925293 ,0.57141113 ,-0.4210205 ,3 ,Acc ,15
3dd9e578dace13af ,938792053285 ,-0.20135498 ,0.62109375 ,-0.27874756 ,3 ,Acc ,15
3dd9e578dace13af ,938912198910 ,-0.45074463 ,0.6773071 ,-0.17956543 ,3 ,Acc ,15
3dd9e578dace13af ,938968122504 ,-0.3496704 ,-0.8266449 ,5.6301117 ,0 ,Acc ,10
3dd9e578dace13af ,939028387504 ,-0.43951416 ,0.71661377 ,-0.094055176 ,3 ,Acc ,15
3dd9e578dace13af ,939133088129 ,-0.36151123 ,0.7235718 ,-0.008972168 ,3 ,Acc ,15
3dd9e578dace13af ,939253206306 ,-0.39904785 ,0.7258911 ,-0.10620117 ,3 ,Acc ,15
3dd9e578dace13af ,939374247035 ,-0.31866455 ,0.6694946 ,-0.2298584 ,3 ,Acc ,15
3dd9e578dace13af ,939489615473 ,-0.1763916 ,0.5928345 ,-0.3408203 ,3 ,Acc ,15
3dd9e578dace13af ,939592823910 ,-0.109313965 ,0.54418945 ,-0.41571045 ,3 ,Acc ,15
3dd9e578dace13af ,939693527608 ,-0.0970459 ,0.5284424 ,-0.4055786 ,3 ,Acc ,15
3dd9e578dace13af ,939793339483 ,-0.17041016 ,0.59454346 ,-0.30877686 ,3 ,Acc ,15
3dd9e578dace13af ,939893882712 ,-0.37731934 ,0.6402588 ,-0.29248047 ,3 ,Acc ,15
3dd9e578dace13af ,940013849170 ,-0.4387207 ,0.69104004 ,-0.2185669 ,3 ,Acc ,15
3dd9e578dace13af ,940134195733 ,-0.4963379 ,0.7022705 ,-0.23742676 ,3 ,Acc ,15
3dd9e578dace13af ,940254150108 ,-0.5097656 ,0.6743164 ,-0.33026123 ,3 ,Acc ,15
3dd9e578dace13af ,940375492556 ,-0.4628296 ,0.5958252 ,-0.47113037 ,3 ,Acc ,15
3dd9e578dace13af ,940494393597 ,-0.29260254 ,0.58758545 ,-0.5363159 ,3 ,Acc ,15
3dd9e578dace13af ,940593852608 ,-0.17938232 ,0.5665283 ,-0.57159424 ,3 ,Acc ,15
3dd9e578dace13af ,940694723806 ,-0.10296631 ,0.60839844 ,-0.5118408 ,3 ,Acc ,15
3dd9e578dace13af ,940814831878 ,-0.29022217 ,0.6487427 ,-0.46069336 ,3 ,Acc ,15
3dd9e578dace13af ,940934993858 ,-0.47058105 ,0.6519165 ,-0.42333984 ,3 ,Acc ,15
3dd9e578dace13af ,941055040733 ,-0.53778076 ,0.6791382 ,-0.36914063 ,3 ,Acc ,15
3dd9e578dace13af ,941176258180 ,-0.59906006 ,0.62213135 ,-0.44543457 ,3 ,Acc ,15
3dd9e578dace13af ,941295259639 ,-0.5599365 ,0.56414795 ,-0.5482788 ,3 ,Acc ,15
3dd9e578dace13af ,941415453597 ,-0.40368652 ,0.5780029 ,-0.6135864 ,3 ,Acc ,15
3dd9e578dace13af ,941514919482 ,-0.24310303 ,0.6016846 ,-0.6425781 ,3 ,Acc ,15
3dd9e578dace13af ,941614980107 ,-0.13238525 ,0.6359253 ,-0.6036377 ,3 ,Acc ,15
3dd9e578dace13af ,941715103857 ,-0.31359863 ,0.61621094 ,-0.6010742 ,3 ,Acc ,15
3dd9e578dace13af ,941835224118 ,-0.52056885 ,0.5606079 ,-0.59503174 ,3 ,Acc ,15
3dd9e578dace13af ,941935998597 ,-0.5046997 ,0.66973877 ,-0.4633789 ,3 ,Acc ,15
3dd9e578dace13af ,941970819326 ,2.3705597 ,-3.091217 ,8.8177185 ,0 ,Acc ,10
3dd9e578dace13af ,942050285003 ,-0.5372925 ,0.6838379 ,-0.4151001 ,3 ,Acc ,15
3dd9e578dace13af ,942155461201 ,-0.62524414 ,0.5784912 ,-0.50341797 ,3 ,Acc ,15
3dd9e578dace13af ,942275640836 ,-0.5734253 ,0.5391846 ,-0.5941162 ,3 ,Acc ,15
3dd9e578dace13af ,942377495263 ,-0.44934082 ,0.57543945 ,-0.649292 ,3 ,Acc ,15
3dd9e578dace13af ,942496587919 ,-0.29058838 ,0.62353516 ,-0.67736816 ,3 ,Acc ,15
3dd9e578dace13af ,942596001513 ,-0.19604492 ,0.7060547 ,-0.5913696 ,3 ,Acc ,15
3dd9e578dace13af ,942696911253 ,-0.36157227 ,0.6456299 ,-0.61035156 ,3 ,Acc ,15
3dd9e578dace13af ,942811100940 ,-0.52801514 ,0.5742798 ,-0.60321045 ,3 ,Acc ,15
3dd9e578dace13af ,942911716148 ,-0.5857544 ,0.59936523 ,-0.52978516 ,3 ,Acc ,15
3dd9e578dace13af ,943017323596 ,-0.6382446 ,0.56433105 ,-0.5178833 ,3 ,Acc ,15
3dd9e578dace13af ,943137202607 ,-0.55755615 ,0.58514404 ,-0.57751465 ,3 ,Acc ,15
3dd9e578dace13af ,943257527398 ,-0.37390137 ,0.609375 ,-0.6739502 ,3 ,Acc ,15
3dd9e578dace13af ,943356224065 ,-0.22003174 ,0.6411133 ,-0.7059326 ,3 ,Acc ,15
3dd9e578dace13af ,943457567867 ,-0.12591553 ,0.63946533 ,-0.72906494 ,3 ,Acc ,15
3dd9e578dace13af ,943557076200 ,-0.124572754 ,0.6755371 ,-0.67926025 ,3 ,Acc ,15
3dd9e578dace13af ,943657934898 ,-0.29327393 ,0.7017212 ,-0.5916748 ,3 ,Acc ,15
3dd9e578dace13af ,943779178961 ,-0.5235596 ,0.60058594 ,-0.5783081 ,3 ,Acc ,15
3dd9e578dace13af ,943898154481 ,-0.5270386 ,0.6911011 ,-0.42718506 ,3 ,Acc ,15
3dd9e578dace13af ,944018281877 ,-0.5531006 ,0.65283203 ,-0.47192383 ,3 ,Acc ,15
3dd9e578dace13af ,944138440627 ,-0.47021484 ,0.6500244 ,-0.56414795 ,3 ,Acc ,15
3dd9e578dace13af ,944237814429 ,-0.3269043 ,0.6583252 ,-0.64801025 ,3 ,Acc ,15
3dd9e578dace13af ,944338563335 ,-0.17675781 ,0.68133545 ,-0.6881714 ,3 ,Acc ,15
3dd9e578dace13af ,944438548023 ,-0.0803833 ,0.68029785 ,-0.7086792 ,3 ,Acc ,15
3dd9e578dace13af ,944538890783 ,-0.11138916 ,0.72351074 ,-0.65197754 ,3 ,Acc ,15
3dd9e578dace13af ,944638773908 ,-0.31860352 ,0.69311523 ,-0.62353516 ,3 ,Acc ,15
3dd9e578dace13af ,944738988700 ,-0.48065186 ,0.6279297 ,-0.59472656 ,3 ,Acc ,15
3dd9e578dace13af ,944838939950 ,-0.513855 ,0.6742554 ,-0.49890137 ,3 ,Acc ,15
3dd9e578dace13af ,944939366408 ,-0.54364014 ,0.6647949 ,-0.49212646 ,3 ,Acc ,15
3dd9e578dace13af ,944976795887 ,9.250046 ,-0.26974487 ,8.398682 ,0 ,Acc ,10
3dd9e578dace13af ,945054132919 ,-0.5142212 ,0.64398193 ,-0.55737305 ,3 ,Acc ,15
3dd9e578dace13af ,945159285835 ,-0.4083252 ,0.6357422 ,-0.64697266 ,3 ,Acc ,15
3dd9e578dace13af ,945258756721 ,-0.2659912 ,0.65411377 ,-0.69885254 ,3 ,Acc ,15
3dd9e578dace13af ,945380273023 ,-0.11816406 ,0.6696167 ,-0.72216797 ,3 ,Acc ,15
3dd9e578dace13af ,945499919481 ,-0.085998535 ,0.72735596 ,-0.65441895 ,3 ,Acc ,15
3dd9e578dace13af ,945619970991 ,-0.26776123 ,0.71936035 ,-0.62145996 ,3 ,Acc ,15
3dd9e578dace13af ,945740179272 ,-0.4533081 ,0.65997314 ,-0.5889282 ,3 ,Acc ,15
3dd9e578dace13af ,945839966616 ,-0.5311279 ,0.6812134 ,-0.49395752 ,3 ,Acc ,15
3dd9e578dace13af ,945960162293 ,-0.5463867 ,0.6348877 ,-0.54559326 ,3 ,Acc ,15
3dd9e578dace13af ,946080040262 ,-0.43676758 ,0.63726807 ,-0.631958 ,3 ,Acc ,15
3dd9e578dace13af ,946181584845 ,-0.2607422 ,0.6999512 ,-0.65301514 ,3 ,Acc ,15
3dd9e578dace13af ,946300758178 ,-0.053771973 ,0.7462158 ,-0.6548462 ,3 ,Acc ,15
3dd9e578dace13af ,946420437658 ,-0.008056641 ,0.7852173 ,-0.605896 ,3 ,Acc ,15
3dd9e578dace13af ,946541061824 ,-0.24816895 ,0.7359009 ,-0.61816406 ,3 ,Acc ,15
3dd9e578dace13af ,946660558803 ,-0.44573975 ,0.6221924 ,-0.6430664 ,3 ,Acc ,15
3dd9e578dace13af ,946782260262 ,-0.50146484 ,0.67822266 ,-0.536438 ,3 ,Acc ,15
3dd9e578dace13af ,946896307605 ,-0.55267334 ,0.6207886 ,-0.555603 ,3 ,Acc ,15
3dd9e578dace13af ,947000746407 ,-0.4800415 ,0.63378906 ,-0.6063843 ,3 ,Acc ,15
3dd9e578dace13af ,947100851407 ,-0.32421875 ,0.6717529 ,-0.6646118 ,3 ,Acc ,15
3dd9e578dace13af ,947201026772 ,-0.14025879 ,0.72784424 ,-0.6673584 ,3 ,Acc ,15
3dd9e578dace13af ,947300844063 ,9.765625E-4 ,0.73498535 ,-0.6744385 ,3 ,Acc ,15
3dd9e578dace13af ,947400857553 ,0.011413574 ,0.7687378 ,-0.6314087 ,3 ,Acc ,15
3dd9e578dace13af ,947502110418 ,-0.18267822 ,0.7732544 ,-0.5985718 ,3 ,Acc ,15
3dd9e578dace13af ,947622048282 ,-0.41296387 ,0.6640625 ,-0.62164307 ,3 ,Acc ,15
3dd9e578dace13af ,947721784480 ,-0.47888184 ,0.70422363 ,-0.52038574 ,3 ,Acc ,15
3dd9e578dace13af ,947841681824 ,-0.5171509 ,0.67755127 ,-0.52301025 ,3 ,Acc ,15
3dd9e578dace13af ,947942674480 ,-0.46984863 ,0.66033936 ,-0.5855713 ,3 ,Acc ,15
3dd9e578dace13af ,947979911876 ,9.858551 ,5.061981 ,3.6641388 ,0 ,Acc ,10
3dd9e578dace13af ,948056707084 ,-0.29022217 ,0.7070923 ,-0.6445923 ,3 ,Acc ,15
3dd9e578dace13af ,948161847449 ,-0.1138916 ,0.7420044 ,-0.6600952 ,3 ,Acc ,15
3dd9e578dace13af ,948276153126 ,0.032043457 ,0.74505615 ,-0.6654663 ,3 ,Acc ,15
3dd9e578dace13af ,948384041303 ,0.018005371 ,0.7808838 ,-0.6203613 ,3 ,Acc ,15
3dd9e578dace13af ,948503159740 ,-0.23309326 ,0.7614136 ,-0.60113525 ,3 ,Acc ,15
3dd9e578dace13af ,948623300625 ,-0.43139648 ,0.6855469 ,-0.58532715 ,3 ,Acc ,15
3dd9e578dace13af ,948743364896 ,-0.47821045 ,0.7024536 ,-0.5270996 ,3 ,Acc ,15
3dd9e578dace13af ,948863524115 ,-0.4807129 ,0.65179443 ,-0.5840454 ,3 ,Acc ,15
3dd9e578dace13af ,948962854792 ,-0.3729248 ,0.68304443 ,-0.626709 ,3 ,Acc ,15
3dd9e578dace13af ,949063705886 ,-0.19537354 ,0.7336426 ,-0.65063477 ,3 ,Acc ,15
3dd9e578dace13af ,949184880990 ,-0.0048217773 ,0.7541504 ,-0.6555786 ,3 ,Acc ,15
3dd9e578dace13af ,949303870261 ,0.06402588 ,0.76556396 ,-0.6398926 ,3 ,Acc ,15
3dd9e578dace13af ,949424153334 ,-0.115600586 ,0.80126953 ,-0.5864258 ,3 ,Acc ,15
3dd9e578dace13af ,949544219323 ,-0.3652954 ,0.6954956 ,-0.6187134 ,3 ,Acc ,15
3dd9e578dace13af ,949661614740 ,-0.44561768 ,0.7232666 ,-0.52685547 ,3 ,Acc ,15
3dd9e578dace13af ,949763873906 ,-0.4677124 ,0.71655273 ,-0.5175171 ,3 ,Acc ,15
3dd9e578dace13af ,949863799740 ,-0.43988037 ,0.69000244 ,-0.5733032 ,3 ,Acc ,15
3dd9e578dace13af ,949963986667 ,-0.31884766 ,0.7180786 ,-0.6165161 ,3 ,Acc ,15
3dd9e578dace13af ,950064870937 ,-0.13952637 ,0.744751 ,-0.6501465 ,3 ,Acc ,15
3dd9e578dace13af ,950180207500 ,0.039245605 ,0.75671387 ,-0.6489258 ,3 ,Acc ,15
3dd9e578dace13af ,950284375781 ,0.081726074 ,0.7824707 ,-0.6164551 ,3 ,Acc ,15
3dd9e578dace13af ,950386189739 ,-0.05065918 ,0.82489014 ,-0.5629883 ,3 ,Acc ,15
3dd9e578dace13af ,950505261510 ,-0.31976318 ,0.70336914 ,-0.6335449 ,3 ,Acc ,15
3dd9e578dace13af ,950625426666 ,-0.42474365 ,0.7081299 ,-0.5626221 ,3 ,Acc ,15
3dd9e578dace13af ,950724901458 ,-0.4442749 ,0.71569824 ,-0.53460693 ,3 ,Acc ,15
3dd9e578dace13af ,950980589583 ,10.023956 ,6.2155 ,2.1517181 ,0 ,Acc ,10
3dd9e578dace13af ,951260272604 ,0.106933594 ,0.7866211 ,-0.6057739 ,3 ,Acc ,15
3dd9e578dace13af ,951365524947 ,-0.05999756 ,0.8208618 ,-0.5670166 ,3 ,Acc ,15
3dd9e578dace13af ,951466276822 ,-0.3050537 ,0.6772461 ,-0.66326904 ,3 ,Acc ,15
3dd9e578dace13af ,951587461406 ,-0.38342285 ,0.6380615 ,-0.65441895 ,3 ,Acc ,15
3dd9e578dace13af ,951686038385 ,-0.37005615 ,0.6937866 ,-0.59942627 ,3 ,Acc ,15
3dd9e578dace13af ,951787694062 ,-0.38079834 ,0.67193604 ,-0.61083984 ,3 ,Acc ,15
3dd9e578dace13af ,951906824635 ,-0.30743408 ,0.6296997 ,-0.6881714 ,3 ,Acc ,15
3dd9e578dace13af ,952026875780 ,-0.16326904 ,0.67285156 ,-0.7055664 ,3 ,Acc ,15
3dd9e578dace13af ,952147151510 ,-0.007080078 ,0.7390747 ,-0.6616211 ,3 ,Acc ,15
3dd9e578dace13af ,952267114947 ,0.04498291 ,0.79833984 ,-0.59454346 ,3 ,Acc ,15
3dd9e578dace13af ,952388334062 ,-0.13031006 ,0.80426025 ,-0.5730591 ,3 ,Acc ,15
3dd9e578dace13af ,952502421874 ,-0.29675293 ,0.7157593 ,-0.61938477 ,3 ,Acc ,15
3dd9e578dace13af ,952606895624 ,-0.37780762 ,0.7344971 ,-0.5499878 ,3 ,Acc ,15
3dd9e578dace13af ,952707775989 ,-0.41333008 ,0.68969727 ,-0.5703125 ,3 ,Acc ,15
3dd9e578dace13af ,952827772863 ,-0.35186768 ,0.6987915 ,-0.59368896 ,3 ,Acc ,15
3dd9e578dace13af ,952948030468 ,-0.18255615 ,0.7515869 ,-0.6149292 ,3 ,Acc ,15
3dd9e578dace13af ,953068070363 ,0.022277832 ,0.8140869 ,-0.5635376 ,3 ,Acc ,15
3dd9e578dace13af ,953189223488 ,0.13903809 ,0.81066895 ,-0.5540161 ,3 ,Acc ,15
3dd9e578dace13af ,953308299947 ,0.044189453 ,0.8546753 ,-0.50964355 ,3 ,Acc ,15
3dd9e578dace13af ,953428496405 ,-0.22991943 ,0.7817383 ,-0.5657959 ,3 ,Acc ,15
3dd9e578dace13af ,953527869738 ,-0.34777832 ,0.69226074 ,-0.60632324 ,3 ,Acc ,15
3dd9e578dace13af ,953628605988 ,-0.38146973 ,0.7383423 ,-0.52545166 ,3 ,Acc ,15
3dd9e578dace13af ,953728206249 ,-0.3869629 ,0.725708 ,-0.5288696 ,3 ,Acc ,15
3dd9e578dace13af ,953828892811 ,-0.31793213 ,0.7126465 ,-0.58325195 ,3 ,Acc ,15
3dd9e578dace13af ,953948919373 ,-0.14801025 ,0.77459717 ,-0.59106445 ,3 ,Acc ,15
3dd9e578dace13af ,953984196248 ,11.155273 ,6.679306 ,2.4886932 ,0 ,Acc ,10
3dd9e578dace13af ,954063323228 ,0.041992188 ,0.8364258 ,-0.5303345 ,3 ,Acc ,15
3dd9e578dace13af ,954168510988 ,0.15026855 ,0.83843994 ,-0.5039673 ,3 ,Acc ,15
3dd9e578dace13af ,954288717498 ,0.08111572 ,0.852478 ,-0.49987793 ,3 ,Acc ,15
3dd9e578dace13af ,954390472082 ,-0.15020752 ,0.8265381 ,-0.5256958 ,3 ,Acc ,15
3dd9e578dace13af ,954509450727 ,-0.29797363 ,0.6982422 ,-0.6179199 ,3 ,Acc ,15
3dd9e578dace13af ,954609050415 ,-0.31036377 ,0.7093506 ,-0.5800781 ,3 ,Acc ,15
3dd9e578dace13af ,954710038019 ,-0.30059814 ,0.64746094 ,-0.62475586 ,3 ,Acc ,15
3dd9e578dace13af ,954829947290 ,-0.24383545 ,0.54315186 ,-0.7141113 ,3 ,Acc ,15
3dd9e578dace13af ,954950100727 ,-0.09124756 ,0.44158936 ,-0.82543945 ,3 ,Acc ,15
3dd9e578dace13af ,955070195519 ,0.072387695 ,0.27435303 ,-0.8753052 ,3 ,Acc ,15
3dd9e578dace13af ,955191365779 ,0.09448242 ,0.12512207 ,-0.84350586 ,3 ,Acc ,15
3dd9e578dace13af ,955309125206 ,0.0154418945 ,-0.0657959 ,-0.82281494 ,3 ,Acc ,15
3dd9e578dace13af ,955409855415 ,-0.00982666 ,-0.2876587 ,-0.7938843 ,3 ,Acc ,15
3dd9e578dace13af ,955530034217 ,0.024353027 ,-0.48773193 ,-0.7531128 ,3 ,Acc ,15
3dd9e578dace13af ,955630158227 ,0.10058594 ,-0.55029297 ,-0.6945801 ,3 ,Acc ,15
3dd9e578dace13af ,955751065883 ,0.14459229 ,-0.57177734 ,-0.6265869 ,3 ,Acc ,15
3dd9e578dace13af ,955870976352 ,0.13208008 ,-0.5975342 ,-0.6592407 ,3 ,Acc ,15
3dd9e578dace13af ,955992239060 ,0.121520996 ,-0.62677 ,-0.6798096 ,3 ,Acc ,15
3dd9e578dace13af ,956110776873 ,0.12774658 ,-0.65527344 ,-0.67077637 ,3 ,Acc ,15
3dd9e578dace13af ,956231575831 ,0.11859131 ,-0.6409912 ,-0.6581421 ,3 ,Acc ,15
3dd9e578dace13af ,956330843643 ,0.1539917 ,-0.66503906 ,-0.5748291 ,3 ,Acc ,15
3dd9e578dace13af ,956431637289 ,0.15429688 ,-0.61364746 ,-0.5231323 ,3 ,Acc ,15
3dd9e578dace13af ,956531060622 ,0.23022461 ,-0.64575195 ,-0.368042 ,3 ,Acc ,15
3dd9e578dace13af ,956631988591 ,0.24572754 ,-0.6407471 ,-0.34509277 ,3 ,Acc ,15
3dd9e578dace13af ,956733184164 ,0.18060303 ,-0.59490967 ,-0.519104 ,3 ,Acc ,15
3dd9e578dace13af ,956851530622 ,0.12762451 ,-0.6234131 ,-0.6517334 ,3 ,Acc ,15
3dd9e578dace13af ,956952322341 ,0.11932373 ,-0.67596436 ,-0.661438 ,3 ,Acc ,15
3dd9e578dace13af ,956989578070 ,6.487503 ,-12.139755 ,3.2170563 ,0 ,Acc ,10
3dd9e578dace13af ,957066649112 ,0.047973633 ,-0.6413574 ,-0.71240234 ,3 ,Acc ,15
3dd9e578dace13af ,957171538122 ,0.034606934 ,-0.65063477 ,-0.6939087 ,3 ,Acc ,15
3dd9e578dace13af ,957272715466 ,0.120788574 ,-0.7235718 ,-0.57507324 ,3 ,Acc ,15
3dd9e578dace13af ,957372507185 ,0.21734619 ,-0.7350464 ,-0.45837402 ,3 ,Acc ,15
3dd9e578dace13af ,957472731455 ,0.22601318 ,-0.6734619 ,-0.41833496 ,3 ,Acc ,15
3dd9e578dace13af ,957572720622 ,0.22161865 ,-0.6079712 ,-0.3968506 ,3 ,Acc ,15
3dd9e578dace13af ,957692336247 ,0.12963867 ,-0.5128784 ,-0.5144043 ,3 ,Acc ,15
3dd9e578dace13af ,957793370153 ,0.07739258 ,-0.5897217 ,-0.609375 ,3 ,Acc ,15
3dd9e578dace13af ,957912784007 ,0.101623535 ,-0.7647705 ,-0.53302 ,3 ,Acc ,15
3dd9e578dace13af ,958012771716 ,0.024291992 ,-0.7266846 ,-0.6083374 ,3 ,Acc ,15
3dd9e578dace13af ,958128897393 ,0.008728027 ,-0.73291016 ,-0.60595703 ,3 ,Acc ,15
3dd9e578dace13af ,958233828747 ,0.06732178 ,-0.7373657 ,-0.55792236 ,3 ,Acc ,15
3dd9e578dace13af ,958353702132 ,0.11425781 ,-0.6392822 ,-0.5270386 ,3 ,Acc ,15
3dd9e578dace13af ,958453286403 ,0.07006836 ,-0.53118896 ,-0.48675537 ,3 ,Acc ,15
3dd9e578dace13af ,958554015622 ,0.0690918 ,-0.47277832 ,-0.43395996 ,3 ,Acc ,15
3dd9e578dace13af ,958671131299 ,0.013366699 ,-0.45355225 ,-0.5217285 ,3 ,Acc ,15
3dd9e578dace13af ,958773580570 ,0.044799805 ,-0.595459 ,-0.5744629 ,3 ,Acc ,15
3dd9e578dace13af ,958893700622 ,0.04168701 ,-0.65496826 ,-0.64538574 ,3 ,Acc ,15
3dd9e578dace13af ,958995537028 ,0.007019043 ,-0.6621704 ,-0.6696167 ,3 ,Acc ,15
3dd9e578dace13af ,959114855726 ,0.0075683594 ,-0.70251465 ,-0.62719727 ,3 ,Acc ,15
3dd9e578dace13af ,959234725934 ,0.045959473 ,-0.6867676 ,-0.5604248 ,3 ,Acc ,15
3dd9e578dace13af ,959334144788 ,0.033325195 ,-0.5908203 ,-0.51123047 ,3 ,Acc ,15
3dd9e578dace13af ,959435009371 ,-0.02178955 ,-0.5009155 ,-0.4310913 ,3 ,Acc ,15
3dd9e578dace13af ,959554974267 ,-0.026489258 ,-0.45355225 ,-0.39733887 ,3 ,Acc ,15
3dd9e578dace13af ,959670709267 ,-0.033569336 ,-0.5142822 ,-0.53302 ,3 ,Acc ,15
3dd9e578dace13af ,959774690934 ,0.04827881 ,-0.68743896 ,-0.54052734 ,3 ,Acc ,15
3dd9e578dace13af ,959875317288 ,0.019470215 ,-0.7095337 ,-0.5909424 ,3 ,Acc ,15
3dd9e578dace13af ,959974878746 ,-0.038757324 ,-0.69781494 ,-0.6256714 ,3 ,Acc ,15
3dd9e578dace13af ,959990291611 ,8.145584 ,-15.061295 ,4.531204 ,0 ,Acc ,10
3dd9e578dace13af ,960089916507 ,-0.016174316 ,-0.74053955 ,-0.56622314 ,3 ,Acc ,15
3dd9e578dace13af ,960193317652 ,-0.0012207031 ,-0.7015991 ,-0.5283203 ,3 ,Acc ,15
3dd9e578dace13af ,960295198225 ,-0.014343262 ,-0.6039429 ,-0.4951172 ,3 ,Acc ,15
3dd9e578dace13af ,960397039527 ,-0.038085938 ,-0.5130615 ,-0.44232178 ,3 ,Acc ,15
3dd9e578dace13af ,960510246246 ,-0.028564453 ,-0.434021 ,-0.44622803 ,3 ,Acc ,15
3dd9e578dace13af ,960615555308 ,-0.046691895 ,-0.4696045 ,-0.5649414 ,3 ,Acc ,15
3dd9e578dace13af ,960716507913 ,0.002380371 ,-0.6184082 ,-0.5925293 ,3 ,Acc ,15
3dd9e578dace13af ,960836439371 ,-0.02166748 ,-0.6658325 ,-0.6185303 ,3 ,Acc ,15
3dd9e578dace13af ,960935923277 ,-0.06781006 ,-0.7029419 ,-0.5958252 ,3 ,Acc ,15
3dd9e578dace13af ,961036794944 ,-0.029296875 ,-0.77233887 ,-0.51275635 ,3 ,Acc ,15
3dd9e578dace13af ,961156666402 ,0.010192871 ,-0.73602295 ,-0.45648193 ,3 ,Acc ,15
3dd9e578dace13af ,961256252548 ,-0.011413574 ,-0.6201782 ,-0.432312 ,3 ,Acc ,15
3dd9e578dace13af ,961357057704 ,-0.072143555 ,-0.50738525 ,-0.37194824 ,3 ,Acc ,15
3dd9e578dace13af ,961477049214 ,-0.089660645 ,-0.44885254 ,-0.34625244 ,3 ,Acc ,15
3dd9e578dace13af ,961598279371 ,-0.10205078 ,-0.5305786 ,-0.48486328 ,3 ,Acc ,15
3dd9e578dace13af ,961712781089 ,-0.013977051 ,-0.7126465 ,-0.50909424 ,3 ,Acc ,15
3dd9e578dace13af ,961816801766 ,-0.049682617 ,-0.7097168 ,-0.5776367 ,3 ,Acc ,15
3dd9e578dace13af ,961937044266 ,-0.08679199 ,-0.7122803 ,-0.5928345 ,3 ,Acc ,15
3dd9e578dace13af ,962037889787 ,-0.047424316 ,-0.75115967 ,-0.5182495 ,3 ,Acc ,15
3dd9e578dace13af ,962157831974 ,-0.035095215 ,-0.6741333 ,-0.46813965 ,3 ,Acc ,15
3dd9e578dace13af ,962276158485 ,-0.097473145 ,-0.54241943 ,-0.40795898 ,3 ,Acc ,15
3dd9e578dace13af ,962377365099 ,-0.09942627 ,-0.4810791 ,-0.34197998 ,3 ,Acc ,15
3dd9e578dace13af ,962478269318 ,-0.09289551 ,-0.45550537 ,-0.38598633 ,3 ,Acc ,15
3dd9e578dace13af ,962599362235 ,-0.05596924 ,-0.6273804 ,-0.46905518 ,3 ,Acc ,15
3dd9e578dace13af ,962718542860 ,-0.04321289 ,-0.7277832 ,-0.50097656 ,3 ,Acc ,15
3dd9e578dace13af ,962817919943 ,-0.09844971 ,-0.7225342 ,-0.5377197 ,3 ,Acc ,15
3dd9e578dace13af ,962918725360 ,-0.11651611 ,-0.7451782 ,-0.5232544 ,3 ,Acc ,15
3dd9e578dace13af ,962992561557 ,5.6748657 ,-8.891678 ,4.781006 ,0 ,Acc ,10
3dd9e578dace13af ,963033862807 ,-0.08331299 ,-0.75024414 ,-0.46710205 ,3 ,Acc ,15
3dd9e578dace13af ,963138254318 ,-0.049987793 ,-0.6880493 ,-0.42077637 ,3 ,Acc ,15
3dd9e578dace13af ,963256713901 ,-0.09979248 ,-0.5582886 ,-0.3788452 ,3 ,Acc ,15
3dd9e578dace13af ,963378475151 ,-0.12432861 ,-0.4744873 ,-0.32421875 ,3 ,Acc ,15
3dd9e578dace13af ,963479292859 ,-0.17236328 ,-0.4605713 ,-0.3970337 ,3 ,Acc ,15
3dd9e578dace13af ,963596963172 ,-0.112854004 ,-0.6409912 ,-0.43579102 ,3 ,Acc ,15
3dd9e578dace13af ,963698847443 ,-0.07165527 ,-0.7543335 ,-0.4336548 ,3 ,Acc ,15
3dd9e578dace13af ,963818859213 ,-0.12823486 ,-0.7701416 ,-0.48272705 ,3 ,Acc ,15
3dd9e578dace13af ,963919981349 ,-0.13500977 ,-0.79089355 ,-0.45733643 ,3 ,Acc ,15
3dd9e578dace13af ,964039888849 ,-0.117248535 ,-0.7546997 ,-0.4179077 ,3 ,Acc ,15
3dd9e578dace13af ,964160098120 ,-0.0803833 ,-0.6577759 ,-0.37469482 ,3 ,Acc ,15
3dd9e578dace13af ,964280106974 ,-0.1394043 ,-0.5093994 ,-0.3583374 ,3 ,Acc ,15
3dd9e578dace13af ,964400437286 ,-0.21289063 ,-0.37554932 ,-0.35351563 ,3 ,Acc ,15
3dd9e578dace13af ,964499836765 ,-0.23754883 ,-0.4348755 ,-0.41436768 ,3 ,Acc ,15
3dd9e578dace13af ,964601570880 ,-0.1428833 ,-0.6286621 ,-0.43499756 ,3 ,Acc ,15
3dd9e578dace13af ,964719428744 ,-0.121398926 ,-0.71588135 ,-0.4784546 ,3 ,Acc ,15
3dd9e578dace13af ,964819446401 ,-0.13793945 ,-0.7392578 ,-0.4829712 ,3 ,Acc ,15
3dd9e578dace13af ,964920858692 ,-0.119384766 ,-0.7727051 ,-0.43548584 ,3 ,Acc ,15
3dd9e578dace13af ,965041049421 ,-0.11077881 ,-0.73150635 ,-0.37634277 ,3 ,Acc ,15
3dd9e578dace13af ,965161086713 ,-0.16418457 ,-0.5899658 ,-0.33813477 ,3 ,Acc ,15
3dd9e578dace13af ,965259584265 ,-0.2121582 ,-0.48999023 ,-0.27319336 ,3 ,Acc ,15
3dd9e578dace13af ,965361366348 ,-0.21691895 ,-0.4352417 ,-0.2510376 ,3 ,Acc ,15
3dd9e578dace13af ,965460893171 ,-0.2475586 ,-0.46795654 ,-0.35742188 ,3 ,Acc ,15
3dd9e578dace13af ,965560883223 ,-0.16156006 ,-0.6314697 ,-0.4102173 ,3 ,Acc ,15
3dd9e578dace13af ,965681867963 ,-0.15344238 ,-0.6810913 ,-0.49249268 ,3 ,Acc ,15
3dd9e578dace13af ,965802867963 ,-0.1965332 ,-0.6719971 ,-0.538147 ,3 ,Acc ,15
3dd9e578dace13af ,965901402650 ,-0.15930176 ,-0.73327637 ,-0.46136475 ,3 ,Acc ,15
3dd9e578dace13af ,965999740723 ,5.693878 ,-7.72731 ,2.1015778 ,0 ,Acc ,10
3dd9e578dace13af ,966003100411 ,-0.18609619 ,-0.6956177 ,-0.4071045 ,3 ,Acc ,15
3dd9e578dace13af ,966118773640 ,-0.2053833 ,-0.5938721 ,-0.32403564 ,3 ,Acc ,15
3dd9e578dace13af ,966221602181 ,-0.22918701 ,-0.5119629 ,-0.24414063 ,3 ,Acc ,15
3dd9e578dace13af ,966322409473 ,-0.22918701 ,-0.45269775 ,-0.19995117 ,3 ,Acc ,15
3dd9e578dace13af ,966436722390 ,-0.27764893 ,-0.45587158 ,-0.31072998 ,3 ,Acc ,15
3dd9e578dace13af ,966541781556 ,-0.22564697 ,-0.5941162 ,-0.38000488 ,3 ,Acc ,15
3dd9e578dace13af ,966642795567 ,-0.1685791 ,-0.7041626 ,-0.39678955 ,3 ,Acc ,15
3dd9e578dace13af ,966762942233 ,-0.24188232 ,-0.69940186 ,-0.47009277 ,3 ,Acc ,15
3dd9e578dace13af ,966883116400 ,-0.16436768 ,-0.7702637 ,-0.36547852 ,3 ,Acc ,15
3dd9e578dace13af ,967004132025 ,-0.19677734 ,-0.6781616 ,-0.33898926 ,3 ,Acc ,15
3dd9e578dace13af ,967123467233 ,-0.27160645 ,-0.5119629 ,-0.28894043 ,3 ,Acc ,15
3dd9e578dace13af ,967243359577 ,-0.29742432 ,-0.41290283 ,-0.19561768 ,3 ,Acc ,15
3dd9e578dace13af ,967363581660 ,-0.3173828 ,-0.39678955 ,-0.23614502 ,3 ,Acc ,15
3dd9e578dace13af ,967483636191 ,-0.29034424 ,-0.5571289 ,-0.35662842 ,3 ,Acc ,15
3dd9e578dace13af ,967604165774 ,-0.19171143 ,-0.7266846 ,-0.3609619 ,3 ,Acc ,15
3dd9e578dace13af ,967723876660 ,-0.23535156 ,-0.7421875 ,-0.42852783 ,3 ,Acc ,15
3dd9e578dace13af ,967844159941 ,-0.21124268 ,-0.77948 ,-0.3703003 ,3 ,Acc ,15
3dd9e578dace13af ,967964151139 ,-0.24163818 ,-0.690979 ,-0.33764648 ,3 ,Acc ,15
3dd9e578dace13af ,968084386451 ,-0.3137207 ,-0.4855957 ,-0.30456543 ,3 ,Acc ,15
3dd9e578dace13af ,968204830722 ,-0.364563 ,-0.33270264 ,-0.20483398 ,3 ,Acc ,15
3dd9e578dace13af ,968324575566 ,-0.35772705 ,-0.29919434 ,-0.2156372 ,3 ,Acc ,15
3dd9e578dace13af ,968443513691 ,-0.35412598 ,-0.473938 ,-0.36523438 ,3 ,Acc ,15
3dd9e578dace13af ,968544142389 ,-0.22601318 ,-0.68573 ,-0.3640747 ,3 ,Acc ,15
3dd9e578dace13af ,968644901243 ,-0.26757813 ,-0.70440674 ,-0.4165039 ,3 ,Acc ,15
3dd9e578dace13af ,968744546503 ,-0.32086182 ,-0.6911011 ,-0.44091797 ,3 ,Acc ,15
3dd9e578dace13af ,968864468430 ,-0.2770996 ,-0.7124634 ,-0.3567505 ,3 ,Acc ,15
3dd9e578dace13af ,968984528326 ,-0.3184204 ,-0.5671997 ,-0.33831787 ,3 ,Acc ,15
3dd9e578dace13af ,969021114055 ,0.37123108 ,-1.7792206 ,-1.6804657 ,0 ,Acc ,10
3dd9e578dace13af ,969099050722 ,-0.35125732 ,-0.40771484 ,-0.29083252 ,3 ,Acc ,15
3dd9e578dace13af ,969206759159 ,-0.34857178 ,-0.32281494 ,-0.24401855 ,3 ,Acc ,15
3dd9e578dace13af ,969325607753 ,-0.45220947 ,-0.5928955 ,-0.34381104 ,3 ,Acc ,15
3dd9e578dace13af ,969445865045 ,-0.38293457 ,-0.7543335 ,-0.35443115 ,3 ,Acc ,15
3dd9e578dace13af ,969545200722 ,-0.30596924 ,-0.85717773 ,-0.3192749 ,3 ,Acc ,15
3dd9e578dace13af ,969645989159 ,-0.30297852 ,-0.84143066 ,-0.41497803 ,3 ,Acc ,15
3dd9e578dace13af ,969745502232 ,-0.3334961 ,-0.8128052 ,-0.46697998 ,3 ,Acc ,15
3dd9e578dace13af ,969865561242 ,-0.34918213 ,-0.84887695 ,-0.37652588 ,3 ,Acc ,15
3dd9e578dace13af ,969985665253 ,-0.3897705 ,-0.767334 ,-0.41351318 ,3 ,Acc ,15
3dd9e578dace13af ,970086613794 ,-0.45941162 ,-0.6135254 ,-0.4628296 ,3 ,Acc ,15
3dd9e578dace13af ,970185978846 ,-0.48608398 ,-0.5126343 ,-0.4331665 ,3 ,Acc ,15
3dd9e578dace13af ,970286642857 ,-0.49139404 ,-0.45794678 ,-0.4605713 ,3 ,Acc ,15
3dd9e578dace13af ,970386124367 ,-0.48510742 ,-0.5036621 ,-0.5617676 ,3 ,Acc ,15
3dd9e578dace13af ,970486976815 ,-0.4020996 ,-0.6923828 ,-0.5209961 ,3 ,Acc ,15
3dd9e578dace13af ,970608036398 ,-0.38342285 ,-0.746521 ,-0.5246582 ,3 ,Acc ,15
3dd9e578dace13af ,970727251502 ,-0.4043579 ,-0.74072266 ,-0.53118896 ,3 ,Acc ,15
3dd9e578dace13af ,970847261659 ,-0.42077637 ,-0.7253418 ,-0.53808594 ,3 ,Acc ,15
3dd9e578dace13af ,970967478065 ,-0.46844482 ,-0.63848877 ,-0.56988525 ,3 ,Acc ,15
3dd9e578dace13af ,971066843586 ,-0.4390869 ,-0.61535645 ,-0.52648926 ,3 ,Acc ,15
3dd9e578dace13af ,971167365669 ,-0.44995117 ,-0.5232544 ,-0.5270386 ,3 ,Acc ,15
3dd9e578dace13af ,971267046138 ,-0.43041992 ,-0.46258545 ,-0.5344238 ,3 ,Acc ,15
3dd9e578dace13af ,971367964992 ,-0.44293213 ,-0.44000244 ,-0.59747314 ,3 ,Acc ,15
3dd9e578dace13af ,971488009106 ,-0.43377686 ,-0.6017456 ,-0.576355 ,3 ,Acc ,15
3dd9e578dace13af ,971609149158 ,-0.40789795 ,-0.72320557 ,-0.5161743 ,3 ,Acc ,15
3dd9e578dace13af ,971728244471 ,-0.44763184 ,-0.7122803 ,-0.5255127 ,3 ,Acc ,15
3dd9e578dace13af ,971848459002 ,-0.43896484 ,-0.7631836 ,-0.4501953 ,3 ,Acc ,15
3dd9e578dace13af ,971947834887 ,-0.4505005 ,-0.72180176 ,-0.46594238 ,3 ,Acc ,15
3dd9e578dace13af ,972024574783 ,2.8031616 ,-6.870987 ,1.639389 ,0 ,Acc ,10
3dd9e578dace13af ,972062300200 ,-0.45837402 ,-0.59765625 ,-0.5233154 ,3 ,Acc ,15
3dd9e578dace13af ,972165345408 ,-0.48620605 ,-0.47930908 ,-0.5336914 ,3 ,Acc ,15
3dd9e578dace13af ,972268096294 ,-0.48010254 ,-0.4437256 ,-0.5067749 ,3 ,Acc ,15
3dd9e578dace13af ,972368890616 ,-0.4255371 ,-0.5172119 ,-0.49993896 ,3 ,Acc ,15
3dd9e578dace13af ,972489158898 ,-0.42596436 ,-0.66186523 ,-0.49487305 ,3 ,Acc ,15
3dd9e578dace13af ,972606764106 ,-0.43499756 ,-0.73760986 ,-0.45526123 ,3 ,Acc ,15
3dd9e578dace13af ,973045755199 ,-0.52319336 ,-0.46020508 ,-0.3511963 ,3 ,Acc ,15
3dd9e578dace13af ,973163929002 ,-0.5505371 ,-0.24859619 ,-0.19769287 ,3 ,Acc ,15
3dd9e578dace13af ,973268583949 ,-0.54589844 ,-0.16320801 ,-0.09265137 ,3 ,Acc ,15
3dd9e578dace13af ,973369440929 ,-0.5279541 ,-0.15441895 ,-0.041748047 ,3 ,Acc ,15
3dd9e578dace13af ,973469513845 ,-0.5283203 ,-0.16687012 ,-0.04748535 ,3 ,Acc ,15
3dd9e578dace13af ,973570369678 ,-0.52178955 ,-0.18035889 ,-0.07348633 ,3 ,Acc ,15
3dd9e578dace13af ,973690497491 ,-0.49456787 ,-0.18670654 ,-0.095458984 ,3 ,Acc ,15
3dd9e578dace13af ,973811556033 ,-0.29919434 ,0.058532715 ,-0.025512695 ,3 ,Acc ,15
3dd9e578dace13af ,973929501814 ,-0.29992676 ,0.0725708 ,-0.02154541 ,3 ,Acc ,15
3dd9e578dace13af ,974030061710 ,-0.31921387 ,0.086120605 ,-0.0033569336 ,3 ,Acc ,15
3dd9e578dace13af ,974130850355 ,-0.32513428 ,0.0970459 ,0.033447266 ,3 ,Acc ,15
3dd9e578dace13af ,974250895616 ,-0.33770752 ,0.087890625 ,0.066467285 ,3 ,Acc ,15
3dd9e578dace13af ,974370910668 ,-0.333313 ,0.07067871 ,0.10845947 ,3 ,Acc ,15
3dd9e578dace13af ,974491119886 ,-0.31817627 ,0.05218506 ,0.15179443 ,3 ,Acc ,15
3dd9e578dace13af ,974612384105 ,-0.31195068 ,0.03729248 ,0.17279053 ,3 ,Acc ,15
3dd9e578dace13af ,974729241605 ,-0.28912354 ,0.029785156 ,0.18487549 ,3 ,Acc ,15
