3dd9e578dace13af ,522081040685 ,0.24536133 ,0.12231445 ,-0.84020996 ,3 ,Acc ,15
3dd9e578dace13af ,522195846727 ,0.24316406 ,0.115478516 ,-0.84942627 ,3 ,Acc ,15
3dd9e578dace13af ,522295624539 ,0.30773926 ,0.25427246 ,-0.7994385 ,3 ,Acc ,15
3dd9e578dace13af ,522396164070 ,0.30981445 ,0.24902344 ,-0.8024292 ,3 ,Acc ,15
3dd9e578dace13af ,522516428497 ,0.3112793 ,0.23968506 ,-0.81036377 ,3 ,Acc ,15
3dd9e578dace13af ,522636516779 ,0.32202148 ,0.23901367 ,-0.81134033 ,3 ,Acc ,15
3dd9e578dace13af ,522756658966 ,0.33319092 ,0.24102783 ,-0.8118286 ,3 ,Acc ,15
3dd9e578dace13af ,522856218445 ,0.3371582 ,0.2442627 ,-0.8166504 ,3 ,Acc ,15
3dd9e578dace13af ,522956913289 ,0.33746338 ,0.24768066 ,-0.82525635 ,3 ,Acc ,15
3dd9e578dace13af ,523056317872 ,0.32806396 ,0.24926758 ,-0.8436279 ,3 ,Acc ,15
3dd9e578dace13af ,523157019174 ,0.32165527 ,0.262146 ,-0.8621216 ,3 ,Acc ,15
3dd9e578dace13af ,523256515737 ,0.31658936 ,0.2772827 ,-0.8811035 ,3 ,Acc ,15
3dd9e578dace13af ,523357336153 ,0.302063 ,0.29016113 ,-0.8987427 ,3 ,Acc ,15
3dd9e578dace13af ,523478508184 ,0.2597046 ,0.31530762 ,-0.9127197 ,3 ,Acc ,15
3dd9e578dace13af ,523597590684 ,0.17926025 ,0.35150146 ,-0.91015625 ,3 ,Acc ,15
3dd9e578dace13af ,523697027299 ,0.070129395 ,0.36212158 ,-0.9091797 ,3 ,Acc ,15
3dd9e578dace13af ,523797782039 ,-0.10668945 ,0.36279297 ,-0.9099121 ,3 ,Acc ,15
3dd9e578dace13af ,523897278913 ,-0.3163452 ,0.37506104 ,-0.869812 ,3 ,Acc ,15
3dd9e578dace13af ,523997997247 ,-0.47058105 ,0.3062744 ,-0.82403564 ,3 ,Acc ,15
3dd9e578dace13af ,524118096361 ,-0.58392334 ,0.19500732 ,-0.7819824 ,3 ,Acc ,15
3dd9e578dace13af ,524238355111 ,-0.6589966 ,0.10876465 ,-0.7432251 ,3 ,Acc ,15
3dd9e578dace13af ,524358368184 ,-0.6966553 ,0.027648926 ,-0.71661377 ,3 ,Acc ,15
3dd9e578dace13af ,524479620580 ,-0.69207764 ,-0.0126953125 ,-0.7126465 ,3 ,Acc ,15
3dd9e578dace13af ,524598575632 ,-0.6277466 ,-0.056884766 ,-0.730896 ,3 ,Acc ,15
3dd9e578dace13af ,524698107455 ,-0.57025146 ,-0.030212402 ,-0.74542236 ,3 ,Acc ,15
3dd9e578dace13af ,524798885007 ,-0.52178955 ,-0.0064086914 ,-0.75427246 ,3 ,Acc ,15
3dd9e578dace13af ,524898248757 ,-0.49938965 ,0.049682617 ,-0.763855 ,3 ,Acc ,15
3dd9e578dace13af ,524998923080 ,-0.5432739 ,0.051940918 ,-0.74713135 ,3 ,Acc ,15
3dd9e578dace13af ,525098512298 ,-0.5951538 ,-0.085876465 ,-0.6911621 ,3 ,Acc ,15
3dd9e578dace13af ,525097230319 ,-0.24586487 ,1.5953522 ,0.033309937 ,0 ,Acc ,10
3dd9e578dace13af ,525139395528 ,7.7332716 ,-1.2401965 ,3.083732 ,3 ,Acc ,1
3dd9e578dace13af ,525199369225 ,-0.6604004 ,-0.10913086 ,-0.6613159 ,3 ,Acc ,15
3dd9e578dace13af ,525319445111 ,-0.72106934 ,-0.06976318 ,-0.6428833 ,3 ,Acc ,15
3dd9e578dace13af ,525439578965 ,-0.729126 ,-0.016357422 ,-0.64575195 ,3 ,Acc ,15
3dd9e578dace13af ,525539045111 ,-0.6834717 ,0.085510254 ,-0.6824951 ,3 ,Acc ,15
3dd9e578dace13af ,525639689069 ,-0.59936523 ,0.15405273 ,-0.7133179 ,3 ,Acc ,15
3dd9e578dace13af ,525739226986 ,-0.50219727 ,0.19641113 ,-0.7104492 ,3 ,Acc ,15
3dd9e578dace13af ,525839970163 ,-0.42407227 ,0.21685791 ,-0.70788574 ,3 ,Acc ,15
3dd9e578dace13af ,525960081621 ,-0.49127197 ,0.21539307 ,-0.741333 ,3 ,Acc ,15
3dd9e578dace13af ,526081197715 ,-0.6269531 ,-0.016784668 ,-0.7217407 ,3 ,Acc ,15
3dd9e578dace13af ,526200290840 ,-0.68414307 ,-0.13623047 ,-0.67633057 ,3 ,Acc ,15
3dd9e578dace13af ,526320583392 ,-0.73254395 ,-0.12701416 ,-0.64178467 ,3 ,Acc ,15
3dd9e578dace13af ,526420042871 ,-0.7125244 ,-0.17999268 ,-0.6165161 ,3 ,Acc ,15
3dd9e578dace13af ,526520643652 ,-0.65319824 ,-0.11706543 ,-0.64642334 ,3 ,Acc ,15
3dd9e578dace13af ,526620194225 ,-0.548584 ,-0.011474609 ,-0.68878174 ,3 ,Acc ,15
3dd9e578dace13af ,526720955735 ,-0.4564209 ,0.13452148 ,-0.7023926 ,3 ,Acc ,15
3dd9e578dace13af ,526820349954 ,-0.39709473 ,0.25463867 ,-0.70599365 ,3 ,Acc ,15
3dd9e578dace13af ,526921002089 ,-0.47210693 ,0.2880249 ,-0.7122803 ,3 ,Acc ,15
3dd9e578dace13af ,527020643339 ,-0.5983887 ,0.07824707 ,-0.70391846 ,3 ,Acc ,15
3dd9e578dace13af ,527121520006 ,-0.6592407 ,-0.15765381 ,-0.6420288 ,3 ,Acc ,15
3dd9e578dace13af ,527241350735 ,-0.7216797 ,-0.21588135 ,-0.56256104 ,3 ,Acc ,15
3dd9e578dace13af ,527361716152 ,-0.6902466 ,-0.2843628 ,-0.503479 ,3 ,Acc ,15
3dd9e578dace13af ,527461101881 ,-0.62561035 ,-0.24731445 ,-0.5311279 ,3 ,Acc ,15
3dd9e578dace13af ,527561780631 ,-0.53912354 ,-0.11791992 ,-0.6010132 ,3 ,Acc ,15
3dd9e578dace13af ,527661372610 ,-0.49127197 ,0.0914917 ,-0.61968994 ,3 ,Acc ,15
3dd9e578dace13af ,527762082193 ,-0.4475708 ,0.21905518 ,-0.60894775 ,3 ,Acc ,15
3dd9e578dace13af ,527882985631 ,-0.52008057 ,0.17828369 ,-0.61047363 ,3 ,Acc ,15
3dd9e578dace13af ,528002376568 ,-0.5480957 ,-0.11260986 ,-0.5767212 ,3 ,Acc ,15
3dd9e578dace13af ,528100514641 ,1.7333984 ,0.96810913 ,4.5502625 ,0 ,Acc ,10
3dd9e578dace13af ,528122399016 ,-0.6239624 ,-0.23309326 ,-0.52264404 ,3 ,Acc ,15
3dd9e578dace13af ,528142665526 ,12.215217 ,-6.397307 ,6.8426285 ,3 ,Acc ,1
3dd9e578dace13af ,528222052506 ,-0.618042 ,-0.31848145 ,-0.46398926 ,3 ,Acc ,15
3dd9e578dace13af ,528322721776 ,-0.5748291 ,-0.32073975 ,-0.43988037 ,3 ,Acc ,15
3dd9e578dace13af ,528422083912 ,-0.5155029 ,-0.25854492 ,-0.44732666 ,3 ,Acc ,15
3dd9e578dace13af ,528522753130 ,-0.4727173 ,-0.15704346 ,-0.44348145 ,3 ,Acc ,15
3dd9e578dace13af ,528622326620 ,-0.44610596 ,-0.047424316 ,-0.4284668 ,3 ,Acc ,15
3dd9e578dace13af ,528723054380 ,-0.46844482 ,0.01763916 ,-0.430542 ,3 ,Acc ,15
3dd9e578dace13af ,528843083443 ,-0.44940186 ,-0.17242432 ,-0.4175415 ,3 ,Acc ,15
3dd9e578dace13af ,528963391880 ,-0.37872314 ,-0.3815918 ,-0.3579712 ,3 ,Acc ,15
3dd9e578dace13af ,529084364693 ,-0.33172607 ,-0.45947266 ,-0.30065918 ,3 ,Acc ,15
3dd9e578dace13af ,529203612609 ,-0.30212402 ,-0.41363525 ,-0.25170898 ,3 ,Acc ,15
3dd9e578dace13af ,529303094641 ,-0.30725098 ,-0.30413818 ,-0.21044922 ,3 ,Acc ,15
3dd9e578dace13af ,529403768599 ,-0.35021973 ,-0.16851807 ,-0.16308594 ,3 ,Acc ,15
3dd9e578dace13af ,529503165943 ,-0.37634277 ,-0.09185791 ,-0.10571289 ,3 ,Acc ,15
3dd9e578dace13af ,529603927922 ,-0.35290527 ,-0.094177246 ,-0.12738037 ,3 ,Acc ,15
3dd9e578dace13af ,529703418651 ,-0.40386963 ,-0.15826416 ,-0.22711182 ,3 ,Acc ,15
3dd9e578dace13af ,529804094015 ,-0.46575928 ,-0.26641846 ,-0.33044434 ,3 ,Acc ,15
3dd9e578dace13af ,529924372974 ,-0.47180176 ,-0.36999512 ,-0.3852539 ,3 ,Acc ,15
3dd9e578dace13af ,530044465161 ,-0.49365234 ,-0.4182129 ,-0.34674072 ,3 ,Acc ,15
3dd9e578dace13af ,530144090838 ,-0.48950195 ,-0.39971924 ,-0.31420898 ,3 ,Acc ,15
3dd9e578dace13af ,530244726984 ,-0.49798584 ,-0.288208 ,-0.2826538 ,3 ,Acc ,15
3dd9e578dace13af ,530344070213 ,-0.4901123 ,-0.15289307 ,-0.24951172 ,3 ,Acc ,15
3dd9e578dace13af ,530444759901 ,-0.47216797 ,-0.027160645 ,-0.20617676 ,3 ,Acc ,15
3dd9e578dace13af ,530544824432 ,-0.47253418 ,0.046203613 ,-0.21051025 ,3 ,Acc ,15
3dd9e578dace13af ,530645194223 ,-0.53222656 ,0.009399414 ,-0.28173828 ,3 ,Acc ,15
3dd9e578dace13af ,530745125161 ,-0.55737305 ,-0.13018799 ,-0.34173584 ,3 ,Acc ,15
3dd9e578dace13af ,530845303078 ,-0.5392456 ,-0.23022461 ,-0.3470459 ,3 ,Acc ,15
3dd9e578dace13af ,530945298859 ,-0.5842285 ,-0.25335693 ,-0.35351563 ,3 ,Acc ,15
3dd9e578dace13af ,531045689275 ,-0.5928345 ,-0.26531982 ,-0.34588623 ,3 ,Acc ,15
3dd9e578dace13af ,531104258338 ,4.4197693 ,1.2081299 ,2.8417053 ,0 ,Acc ,10
3dd9e578dace13af ,531145546567 ,-0.60150146 ,-0.19799805 ,-0.3338623 ,3 ,Acc ,15
3dd9e578dace13af ,531146248963 ,11.166556 ,-5.6120086 ,3.8546648 ,3 ,Acc ,1
3dd9e578dace13af ,531245692713 ,-0.57611084 ,-0.099731445 ,-0.32537842 ,3 ,Acc ,15
3dd9e578dace13af ,531345720942 ,-0.557312 ,0.009155273 ,-0.30670166 ,3 ,Acc ,15
3dd9e578dace13af ,531445939640 ,-0.5258179 ,0.068725586 ,-0.3081665 ,3 ,Acc ,15
3dd9e578dace13af ,531545895161 ,-0.560791 ,0.06213379 ,-0.35656738 ,3 ,Acc ,15
3dd9e578dace13af ,531646163494 ,-0.6230469 ,-0.059326172 ,-0.3939209 ,3 ,Acc ,15
3dd9e578dace13af ,531746201202 ,-0.6102905 ,-0.21624756 ,-0.390625 ,3 ,Acc ,15
3dd9e578dace13af ,531846491202 ,-0.6486206 ,-0.25994873 ,-0.38964844 ,3 ,Acc ,15
3dd9e578dace13af ,531946222452 ,-0.6496582 ,-0.30895996 ,-0.35876465 ,3 ,Acc ,15
3dd9e578dace13af ,532046469327 ,-0.5982666 ,-0.30664063 ,-0.31762695 ,3 ,Acc ,15
3dd9e578dace13af ,532146175577 ,-0.598999 ,-0.15722656 ,-0.31402588 ,3 ,Acc ,15
3dd9e578dace13af ,532246830577 ,-0.5793457 ,0.014587402 ,-0.284729 ,3 ,Acc ,15
3dd9e578dace13af ,532346125004 ,-0.5342407 ,0.14093018 ,-0.25860596 ,3 ,Acc ,15
3dd9e578dace13af ,532446992764 ,-0.5531616 ,0.18579102 ,-0.28930664 ,3 ,Acc ,15
3dd9e578dace13af ,532567238233 ,-0.631897 ,-0.0038452148 ,-0.34881592 ,3 ,Acc ,15
3dd9e578dace13af ,532688180993 ,-0.5853882 ,-0.2720337 ,-0.31799316 ,3 ,Acc ,15
3dd9e578dace13af ,532807524952 ,-0.62976074 ,-0.33691406 ,-0.29937744 ,3 ,Acc ,15
3dd9e578dace13af ,532927471827 ,-0.6055298 ,-0.3444214 ,-0.26617432 ,3 ,Acc ,15
3dd9e578dace13af ,533047650525 ,-0.6026001 ,-0.17590332 ,-0.27807617 ,3 ,Acc ,15
3dd9e578dace13af ,533147062452 ,-0.5998535 ,0.039245605 ,-0.2512207 ,3 ,Acc ,15
3dd9e578dace13af ,533247728858 ,-0.56329346 ,0.19250488 ,-0.19012451 ,3 ,Acc ,15
3dd9e578dace13af ,533347233649 ,-0.55914307 ,0.23999023 ,-0.20324707 ,3 ,Acc ,15
3dd9e578dace13af ,533448228441 ,-0.63549805 ,0.10974121 ,-0.26922607 ,3 ,Acc ,15
3dd9e578dace13af ,533568249014 ,-0.55944824 ,-0.1708374 ,-0.27996826 ,3 ,Acc ,15
3dd9e578dace13af ,533689432347 ,-0.61169434 ,-0.25854492 ,-0.24572754 ,3 ,Acc ,15
3dd9e578dace13af ,533808499587 ,-0.57073975 ,-0.33312988 ,-0.18182373 ,3 ,Acc ,15
3dd9e578dace13af ,533928594378 ,-0.5319214 ,-0.2475586 ,-0.16479492 ,3 ,Acc ,15
3dd9e578dace13af ,534048679483 ,-0.5108032 ,-0.06567383 ,-0.18359375 ,3 ,Acc ,15
3dd9e578dace13af ,534106877243 ,6.856491 ,5.8351593 ,-5.1608276 ,0 ,Acc ,10
3dd9e578dace13af ,534148746982 ,8.255207 ,-3.169923 ,-0.5410896 ,3 ,Acc ,1
3dd9e578dace13af ,534148106722 ,-0.5045166 ,0.09838867 ,-0.17755127 ,3 ,Acc ,15
3dd9e578dace13af ,534249030107 ,-0.4794922 ,0.20898438 ,-0.16900635 ,3 ,Acc ,15
3dd9e578dace13af ,534348336566 ,-0.5272217 ,0.21087646 ,-0.18182373 ,3 ,Acc ,15
3dd9e578dace13af ,534450551982 ,-0.5848999 ,0.05432129 ,-0.20843506 ,3 ,Acc ,15
3dd9e578dace13af ,534569502711 ,-0.5631714 ,-0.1651001 ,-0.21350098 ,3 ,Acc ,15
3dd9e578dace13af ,534690427295 ,-0.5916748 ,-0.2901001 ,-0.18707275 ,3 ,Acc ,15
3dd9e578dace13af ,534809796930 ,-0.5576172 ,-0.3314209 ,-0.14727783 ,3 ,Acc ,15
3dd9e578dace13af ,534929630368 ,-0.53430176 ,-0.22094727 ,-0.15515137 ,3 ,Acc ,15
3dd9e578dace13af ,535029081618 ,-0.5373535 ,-0.05859375 ,-0.15405273 ,3 ,Acc ,15
3dd9e578dace13af ,535129927034 ,-0.53411865 ,0.0982666 ,-0.13317871 ,3 ,Acc ,15
3dd9e578dace13af ,535249917295 ,-0.5493164 ,0.20178223 ,-0.15368652 ,3 ,Acc ,15
3dd9e578dace13af ,535370180732 ,-0.6398926 ,0.08728027 ,-0.17767334 ,3 ,Acc ,15
3dd9e578dace13af ,535491415211 ,-0.49951172 ,-0.20233154 ,-0.16015625 ,3 ,Acc ,15
3dd9e578dace13af ,535610554430 ,-0.39172363 ,-0.35046387 ,-0.07299805 ,3 ,Acc ,15
3dd9e578dace13af ,535710156201 ,-0.3131714 ,-0.35559082 ,-0.025268555 ,3 ,Acc ,15
3dd9e578dace13af ,535810630836 ,-0.31604004 ,-0.22210693 ,-0.039794922 ,3 ,Acc ,15
3dd9e578dace13af ,535930791201 ,-0.43200684 ,0.022827148 ,-0.022705078 ,3 ,Acc ,15
3dd9e578dace13af ,536030142190 ,-0.4421997 ,0.18109131 ,0.06506348 ,3 ,Acc ,15
3dd9e578dace13af ,536130901044 ,-0.39141846 ,0.27166748 ,0.115600586 ,3 ,Acc ,15
3dd9e578dace13af ,536230375940 ,-0.4414673 ,0.25476074 ,0.07342529 ,3 ,Acc ,15
3dd9e578dace13af ,536331257919 ,-0.5831299 ,0.09295654 ,-0.047302246 ,3 ,Acc ,15
3dd9e578dace13af ,536451261669 ,-0.61157227 ,-0.1453247 ,-0.17346191 ,3 ,Acc ,15
3dd9e578dace13af ,536571595419 ,-0.63586426 ,-0.24481201 ,-0.18804932 ,3 ,Acc ,15
3dd9e578dace13af ,536692476982 ,-0.6288452 ,-0.27246094 ,-0.16131592 ,3 ,Acc ,15
3dd9e578dace13af ,536811847138 ,-0.5909424 ,-0.16491699 ,-0.1105957 ,3 ,Acc ,15
3dd9e578dace13af ,536911071877 ,-0.59161377 ,0.031982422 ,-0.06719971 ,3 ,Acc ,15
3dd9e578dace13af ,537011874950 ,-0.5708008 ,0.21136475 ,-0.020019531 ,3 ,Acc ,15
3dd9e578dace13af ,537111326408 ,-0.5983887 ,0.2944336 ,-0.03643799 ,3 ,Acc ,15
3dd9e578dace13af ,537110134429 ,12.328613 ,7.5422363 ,-2.098755 ,0 ,Acc ,10
3dd9e578dace13af ,537151985419 ,6.7803793 ,-3.2082303 ,-0.15801731 ,3 ,Acc ,1
3dd9e578dace13af ,537212225315 ,-0.6699829 ,0.17767334 ,-0.0847168 ,3 ,Acc ,15
3dd9e578dace13af ,537332245106 ,-0.59399414 ,-0.101867676 ,-0.11383057 ,3 ,Acc ,15
3dd9e578dace13af ,537452486408 ,-0.6068115 ,-0.2331543 ,-0.119384766 ,3 ,Acc ,15
3dd9e578dace13af ,537552026877 ,-0.6035156 ,-0.26470947 ,-0.090270996 ,3 ,Acc ,15
3dd9e578dace13af ,537652654950 ,-0.57403564 ,-0.20953369 ,-0.06524658 ,3 ,Acc ,15
3dd9e578dace13af ,537752199533 ,-0.57611084 ,-0.05102539 ,-0.059936523 ,3 ,Acc ,15
3dd9e578dace13af ,537852950575 ,-0.5928955 ,0.14337158 ,-0.030822754 ,3 ,Acc ,15
3dd9e578dace13af ,537952199064 ,-0.58361816 ,0.28082275 ,0.0067749023 ,3 ,Acc ,15
3dd9e578dace13af ,538052967502 ,-0.6682739 ,-0.31811523 ,-0.54473877 ,3 ,Acc ,15
3dd9e578dace13af ,538152493804 ,-0.66711426 ,-0.43823242 ,-0.54156494 ,3 ,Acc ,15
3dd9e578dace13af ,538253328543 ,-0.64068604 ,-0.61798096 ,-0.41687012 ,3 ,Acc ,15
3dd9e578dace13af ,538373263752 ,-0.64245605 ,-0.6378174 ,-0.42181396 ,3 ,Acc ,15
3dd9e578dace13af ,538473022293 ,-0.64971924 ,-0.65582275 ,-0.38360596 ,3 ,Acc ,15
3dd9e578dace13af ,538573817450 ,-0.6589966 ,-0.6630249 ,-0.34387207 ,3 ,Acc ,15
3dd9e578dace13af ,538673141304 ,-0.67755127 ,-0.57806396 ,-0.40985107 ,3 ,Acc ,15
3dd9e578dace13af ,538773845002 ,-0.6989136 ,-0.41577148 ,-0.49499512 ,3 ,Acc ,15
3dd9e578dace13af ,538873211199 ,-0.70422363 ,-0.27648926 ,-0.5161133 ,3 ,Acc ,15
3dd9e578dace13af ,538974040574 ,-0.68621826 ,-0.2432251 ,-0.53790283 ,3 ,Acc ,15
3dd9e578dace13af ,539095109376 ,-0.7003174 ,-0.37799072 ,-0.55426025 ,3 ,Acc ,15
3dd9e578dace13af ,539214349949 ,-0.6659546 ,-0.60821533 ,-0.40545654 ,3 ,Acc ,15
3dd9e578dace13af ,539334354324 ,-0.68395996 ,-0.62677 ,-0.36950684 ,3 ,Acc ,15
3dd9e578dace13af ,539454755939 ,-0.7045288 ,-0.6419678 ,-0.29626465 ,3 ,Acc ,15
3dd9e578dace13af ,539554076980 ,-0.70910645 ,-0.616272 ,-0.3059082 ,3 ,Acc ,15
3dd9e578dace13af ,539654749168 ,-0.71868896 ,-0.5015869 ,-0.41241455 ,3 ,Acc ,15
3dd9e578dace13af ,539754373178 ,-0.720459 ,-0.3433838 ,-0.49829102 ,3 ,Acc ,15
3dd9e578dace13af ,539855085991 ,-0.70825195 ,-0.21960449 ,-0.5391846 ,3 ,Acc ,15
3dd9e578dace13af ,539974983647 ,-0.70495605 ,-0.22314453 ,-0.5784912 ,3 ,Acc ,15
3dd9e578dace13af ,540074554376 ,-0.72576904 ,-0.40008545 ,-0.51812744 ,3 ,Acc ,15
3dd9e578dace13af ,540113461199 ,3.242218 ,-8.401749 ,9.260742 ,0 ,Acc ,10
3dd9e578dace13af ,540155317605 ,9.907207 ,-3.0214825 ,1.3982137 ,3 ,Acc ,1
3dd9e578dace13af ,540175396147 ,-0.697937 ,-0.60058594 ,-0.34332275 ,3 ,Acc ,15
3dd9e578dace13af ,540296344116 ,-0.7208252 ,-0.61169434 ,-0.3128662 ,3 ,Acc ,15
3dd9e578dace13af ,540415718907 ,-0.71276855 ,-0.6469116 ,-0.2300415 ,3 ,Acc ,15
3dd9e578dace13af ,540515131407 ,-0.7019043 ,-0.61517334 ,-0.26190186 ,3 ,Acc ,15
3dd9e578dace13af ,540615788490 ,-0.7102051 ,-0.47650146 ,-0.40319824 ,3 ,Acc ,15
3dd9e578dace13af ,540715423907 ,-0.73846436 ,-0.27130127 ,-0.49230957 ,3 ,Acc ,15
3dd9e578dace13af ,540816021199 ,-0.73358154 ,-0.17663574 ,-0.47766113 ,3 ,Acc ,15
3dd9e578dace13af ,540915441928 ,-0.72906494 ,-0.2218628 ,-0.4718628 ,3 ,Acc ,15
3dd9e578dace13af ,541016175678 ,-0.74871826 ,-0.41906738 ,-0.37609863 ,3 ,Acc ,15
3dd9e578dace13af ,541136874011 ,-0.60180664 ,-0.66760254 ,0.007751465 ,3 ,Acc ,15
3dd9e578dace13af ,541256890001 ,-0.5576172 ,-0.65411377 ,0.21276855 ,3 ,Acc ,15
3dd9e578dace13af ,541377191771 ,-0.39697266 ,-0.6715088 ,0.36572266 ,3 ,Acc ,15
3dd9e578dace13af ,541498319532 ,-0.175354 ,-0.6657715 ,0.37774658 ,3 ,Acc ,15
3dd9e578dace13af ,541617478178 ,-0.13208008 ,-0.55944824 ,0.3394165 ,3 ,Acc ,15
3dd9e578dace13af ,541737574740 ,-0.34259033 ,-0.50213623 ,0.34326172 ,3 ,Acc ,15
3dd9e578dace13af ,541857891042 ,-0.37878418 ,-0.41992188 ,0.47131348 ,3 ,Acc ,15
3dd9e578dace13af ,541977733959 ,-0.29553223 ,-0.3751831 ,0.63879395 ,3 ,Acc ,15
3dd9e578dace13af ,542098861407 ,-0.12634277 ,-0.34472656 ,0.71899414 ,3 ,Acc ,15
3dd9e578dace13af ,542217986511 ,0.005065918 ,-0.3564453 ,0.69781494 ,3 ,Acc ,15
3dd9e578dace13af ,542317437761 ,0.14227295 ,-0.32006836 ,0.6918335 ,3 ,Acc ,15
3dd9e578dace13af ,542418219375 ,0.2029419 ,-0.3114624 ,0.68670654 ,3 ,Acc ,15
3dd9e578dace13af ,542538330781 ,0.13549805 ,-0.26068115 ,0.7624512 ,3 ,Acc ,15
3dd9e578dace13af ,542658447500 ,-0.018737793 ,-0.18511963 ,0.845459 ,3 ,Acc ,15
3dd9e578dace13af ,542778374063 ,-0.16375732 ,-0.1427002 ,0.8759155 ,3 ,Acc ,15
3dd9e578dace13af ,542902580990 ,-0.25042725 ,-0.19024658 ,0.850708 ,3 ,Acc ,15
3dd9e578dace13af ,543018518281 ,-0.111694336 ,-0.28430176 ,0.78619385 ,3 ,Acc ,15
3dd9e578dace13af ,543118000989 ,0.10925293 ,-0.27557373 ,0.74993896 ,3 ,Acc ,15
3dd9e578dace13af ,543116739896 ,4.0428314 ,0.38226318 ,-5.813263 ,0 ,Acc ,10
3dd9e578dace13af ,543158784479 ,9.351752 ,0.30166942 ,2.815581 ,3 ,Acc ,1
3dd9e578dace13af ,543220583489 ,0.12738037 ,-0.37719727 ,0.680542 ,3 ,Acc ,15
3dd9e578dace13af ,543338924375 ,0.17956543 ,-0.40472412 ,0.671875 ,3 ,Acc ,15
3dd9e578dace13af ,543438341875 ,0.17810059 ,-0.3234253 ,0.7329712 ,3 ,Acc ,15
3dd9e578dace13af ,543540363229 ,-0.028198242 ,-0.29803467 ,0.7871094 ,3 ,Acc ,15
3dd9e578dace13af ,543659176979 ,-0.25115967 ,-0.21813965 ,0.84210205 ,3 ,Acc ,15
3dd9e578dace13af ,543780174687 ,-0.34344482 ,-0.125 ,0.8618164 ,3 ,Acc ,15
3dd9e578dace13af ,543900301093 ,-0.3418579 ,-0.24481201 ,0.80474854 ,3 ,Acc ,15
3dd9e578dace13af ,544019975000 ,-0.030761719 ,-0.3204956 ,0.7592163 ,3 ,Acc ,15
3dd9e578dace13af ,544139613489 ,0.17504883 ,-0.3388672 ,0.70843506 ,3 ,Acc ,15
3dd9e578dace13af ,544239226145 ,0.18182373 ,-0.39019775 ,0.7074585 ,3 ,Acc ,15
3dd9e578dace13af ,544340084479 ,0.19451904 ,-0.3069458 ,0.7620239 ,3 ,Acc ,15
3dd9e578dace13af ,544459992343 ,0.020935059 ,-0.23052979 ,0.8309326 ,3 ,Acc ,15
3dd9e578dace13af ,544580294687 ,-0.20977783 ,-0.19067383 ,0.873291 ,3 ,Acc ,15
3dd9e578dace13af ,544701092656 ,-0.328125 ,-0.13964844 ,0.87786865 ,3 ,Acc ,15
3dd9e578dace13af ,544820523228 ,-0.29852295 ,-0.25048828 ,0.84454346 ,3 ,Acc ,15
3dd9e578dace13af ,544919981405 ,-0.03186035 ,-0.26843262 ,0.83306885 ,3 ,Acc ,15
3dd9e578dace13af ,545020534374 ,0.16320801 ,-0.2775879 ,0.78326416 ,3 ,Acc ,15
3dd9e578dace13af ,545120151405 ,0.2130127 ,-0.33306885 ,0.74871826 ,3 ,Acc ,15
3dd9e578dace13af ,545221005832 ,0.2567749 ,-0.27215576 ,0.7805176 ,3 ,Acc ,15
3dd9e578dace13af ,545320409687 ,0.15893555 ,-0.19970703 ,0.8323364 ,3 ,Acc ,15
3dd9e578dace13af ,545421040780 ,-0.05718994 ,-0.18481445 ,0.88098145 ,3 ,Acc ,15
3dd9e578dace13af ,545541314634 ,-0.24005127 ,-0.13989258 ,0.911499 ,3 ,Acc ,15
3dd9e578dace13af ,545661285832 ,-0.31219482 ,-0.14147949 ,0.8947754 ,3 ,Acc ,15
3dd9e578dace13af ,545781539374 ,-0.15142822 ,-0.26470947 ,0.86291504 ,3 ,Acc ,15
3dd9e578dace13af ,545881019322 ,0.10559082 ,-0.24987793 ,0.82592773 ,3 ,Acc ,15
3dd9e578dace13af ,545981573540 ,0.21868896 ,-0.2944336 ,0.77508545 ,3 ,Acc ,15
3dd9e578dace13af ,546081304999 ,0.26507568 ,-0.2970581 ,0.7789917 ,3 ,Acc ,15
3dd9e578dace13af ,546120177551 ,8.027771 ,-2.496872 ,-1.2718964 ,0 ,Acc ,10
3dd9e578dace13af ,546162146405 ,13.781025 ,-3.2752678 ,2.5761611 ,3 ,Acc ,1
3dd9e578dace13af ,546181998697 ,0.22253418 ,-0.23937988 ,0.8258667 ,3 ,Acc ,15
3dd9e578dace13af ,546281288228 ,0.061462402 ,-0.18634033 ,0.88183594 ,3 ,Acc ,15
3dd9e578dace13af ,546382082915 ,-0.13269043 ,-0.18865967 ,0.91619873 ,3 ,Acc ,15
3dd9e578dace13af ,546503226509 ,-0.26361084 ,-0.14379883 ,0.92285156 ,3 ,Acc ,15
3dd9e578dace13af ,546622237342 ,-0.23095703 ,-0.2444458 ,0.888855 ,3 ,Acc ,15
3dd9e578dace13af ,546742505936 ,0.042785645 ,-0.19195557 ,0.8786621 ,3 ,Acc ,15
3dd9e578dace13af ,546862476509 ,0.17486572 ,-0.25042725 ,0.8231201 ,3 ,Acc ,15
3dd9e578dace13af ,546962300988 ,0.29644775 ,-0.21350098 ,0.8163452 ,3 ,Acc ,15
3dd9e578dace13af ,547062967186 ,0.36053467 ,-0.12225342 ,0.83184814 ,3 ,Acc ,15
3dd9e578dace13af ,547162348748 ,0.30395508 ,-0.015319824 ,0.8792114 ,3 ,Acc ,15
3dd9e578dace13af ,547262956300 ,0.17181396 ,0.04547119 ,0.9258423 ,3 ,Acc ,15
3dd9e578dace13af ,547362427082 ,0.022644043 ,0.028442383 ,0.9624634 ,3 ,Acc ,15
3dd9e578dace13af ,547463288540 ,-0.07659912 ,-0.017456055 ,0.9788208 ,3 ,Acc ,15
3dd9e578dace13af ,547583266613 ,0.047973633 ,-0.021118164 ,0.97528076 ,3 ,Acc ,15
3dd9e578dace13af ,547704480884 ,0.28253174 ,0.09161377 ,0.91119385 ,3 ,Acc ,15
3dd9e578dace13af ,547823617759 ,0.34674072 ,0.09851074 ,0.8804321 ,3 ,Acc ,15
3dd9e578dace13af ,548323412290 ,0.10546875 ,0.05279541 ,0.9921875 ,3 ,Acc ,15
3dd9e578dace13af ,548424347133 ,0.07165527 ,-0.0048217773 ,0.99664307 ,3 ,Acc ,15
3dd9e578dace13af ,548544351352 ,0.059692383 ,-0.21069336 ,0.947876 ,3 ,Acc ,15
3dd9e578dace13af ,548664561769 ,0.088256836 ,-0.2421875 ,0.88134766 ,3 ,Acc ,15
3dd9e578dace13af ,548784588435 ,0.038391113 ,-0.3619995 ,0.77264404 ,3 ,Acc ,15
3dd9e578dace13af ,548884222185 ,0.032287598 ,-0.4216919 ,0.71118164 ,3 ,Acc ,15
3dd9e578dace13af ,548984986821 ,0.10809326 ,-0.38989258 ,0.7692261 ,3 ,Acc ,15
3dd9e578dace13af ,549084439008 ,0.07165527 ,-0.30645752 ,0.87384033 ,3 ,Acc ,15
3dd9e578dace13af ,549123589321 ,7.974701 ,3.6157227 ,-5.530136 ,0 ,Acc ,10
3dd9e578dace13af ,549165227081 ,9.792285 ,-2.327164 ,2.2218192 ,3 ,Acc ,1
3dd9e578dace13af ,549185020831 ,-0.05114746 ,-0.2522583 ,0.93963623 ,3 ,Acc ,15
3dd9e578dace13af ,549306224320 ,-0.16674805 ,-0.19732666 ,0.956604 ,3 ,Acc ,15
3dd9e578dace13af ,549425274112 ,-0.16271973 ,-0.25323486 ,0.9281616 ,3 ,Acc ,15
3dd9e578dace13af ,549545562706 ,0.015136719 ,-0.28552246 ,0.8890991 ,3 ,Acc ,15
3dd9e578dace13af ,549665573383 ,0.13171387 ,-0.32147217 ,0.8234253 ,3 ,Acc ,15
3dd9e578dace13af ,549785887654 ,0.15753174 ,-0.34661865 ,0.8040161 ,3 ,Acc ,15
3dd9e578dace13af ,549885333435 ,0.17565918 ,-0.29681396 ,0.8446045 ,3 ,Acc ,15
3dd9e578dace13af ,549985890310 ,0.109313965 ,-0.23138428 ,0.90771484 ,3 ,Acc ,15
3dd9e578dace13af ,550085524528 ,-0.0056152344 ,-0.19232178 ,0.95544434 ,3 ,Acc ,15
3dd9e578dace13af ,550186340570 ,-0.09875488 ,-0.1451416 ,0.9758911 ,3 ,Acc ,15
3dd9e578dace13af ,550307189580 ,-0.13323975 ,-0.15203857 ,0.9717407 ,3 ,Acc ,15
3dd9e578dace13af ,550426509737 ,0.03643799 ,-0.16339111 ,0.9623413 ,3 ,Acc ,15
3dd9e578dace13af ,550546518435 ,0.26464844 ,0.0061035156 ,0.9343262 ,3 ,Acc ,15
3dd9e578dace13af ,550666730935 ,0.36657715 ,0.090148926 ,0.90301514 ,3 ,Acc ,15
3dd9e578dace13af ,550766138434 ,0.40350342 ,0.24005127 ,0.87194824 ,3 ,Acc ,15
3dd9e578dace13af ,550866907549 ,0.32452393 ,0.29351807 ,0.89837646 ,3 ,Acc ,15
3dd9e578dace13af ,550966497184 ,0.23931885 ,0.14782715 ,0.9540405 ,3 ,Acc ,15
3dd9e578dace13af ,551067270934 ,0.1828003 ,0.110961914 ,0.95098877 ,3 ,Acc ,15
3dd9e578dace13af ,551187302393 ,0.17779541 ,0.14190674 ,0.93444824 ,3 ,Acc ,15
3dd9e578dace13af ,551308472497 ,0.23852539 ,0.1921997 ,0.93463135 ,3 ,Acc ,15
3dd9e578dace13af ,551427533018 ,0.366333 ,0.20227051 ,0.907959 ,3 ,Acc ,15
3dd9e578dace13af ,551527079163 ,0.46813965 ,0.26745605 ,0.8327637 ,3 ,Acc ,15
3dd9e578dace13af ,551627918695 ,0.545105 ,0.24810791 ,0.7860718 ,3 ,Acc ,15
3dd9e578dace13af ,551727299215 ,0.5609741 ,0.19616699 ,0.7949219 ,3 ,Acc ,15
3dd9e578dace13af ,551828003017 ,0.45843506 ,0.13946533 ,0.8748779 ,3 ,Acc ,15
3dd9e578dace13af ,551927469424 ,0.28222656 ,0.048095703 ,0.9577637 ,3 ,Acc ,15
3dd9e578dace13af ,552028288694 ,0.11138916 ,-0.09234619 ,0.9873047 ,3 ,Acc ,15
3dd9e578dace13af ,552127721246 ,-0.010620117 ,-0.054992676 ,0.98809814 ,3 ,Acc ,15
3dd9e578dace13af ,552126461611 ,7.9519806 ,-1.6314392 ,-8.83078 ,0 ,Acc ,10
3dd9e578dace13af ,552168486559 ,8.001422 ,-2.336741 ,0.81881696 ,3 ,Acc ,1
3dd9e578dace13af ,552228369788 ,-0.075683594 ,-0.0501709 ,0.9894409 ,3 ,Acc ,15
3dd9e578dace13af ,552348689632 ,-0.046447754 ,-0.21459961 ,0.97424316 ,3 ,Acc ,15
3dd9e578dace13af ,552448134476 ,0.064575195 ,-0.31280518 ,0.92303467 ,3 ,Acc ,15
3dd9e578dace13af ,552548670882 ,0.1873169 ,-0.33355713 ,0.8612671 ,3 ,Acc ,15
3dd9e578dace13af ,552648319475 ,0.255188 ,-0.3491211 ,0.8208008 ,3 ,Acc ,15
3dd9e578dace13af ,552749123642 ,0.25671387 ,-0.36706543 ,0.83099365 ,3 ,Acc ,15
3dd9e578dace13af ,552869134163 ,0.15710449 ,-0.30651855 ,0.9089966 ,3 ,Acc ,15
3dd9e578dace13af ,552969244527 ,-0.0064086914 ,-0.2828369 ,0.9493408 ,3 ,Acc ,15
3dd9e578dace13af ,553069444007 ,-0.15161133 ,-0.2548828 ,0.95373535 ,3 ,Acc ,15
3dd9e578dace13af ,553189337548 ,-0.23529053 ,-0.2732544 ,0.93115234 ,3 ,Acc ,15
3dd9e578dace13af ,553289028642 ,-0.112854004 ,-0.38061523 ,0.9071655 ,3 ,Acc ,15
3dd9e578dace13af ,553389781715 ,0.13427734 ,-0.33605957 ,0.9020996 ,3 ,Acc ,15
3dd9e578dace13af ,553489206454 ,0.3013916 ,-0.31774902 ,0.85253906 ,3 ,Acc ,15
3dd9e578dace13af ,553589915308 ,0.34631348 ,-0.3366089 ,0.8294678 ,3 ,Acc ,15
3dd9e578dace13af ,553689524110 ,0.29925537 ,-0.34179688 ,0.85491943 ,3 ,Acc ,15
3dd9e578dace13af ,553790226037 ,0.17163086 ,-0.30352783 ,0.9135132 ,3 ,Acc ,15
3dd9e578dace13af ,553911225777 ,-0.0579834 ,-0.3135376 ,0.94195557 ,3 ,Acc ,15
3dd9e578dace13af ,554030440829 ,-0.21502686 ,-0.26654053 ,0.93951416 ,3 ,Acc ,15
3dd9e578dace13af ,554150418277 ,-0.24810791 ,-0.31054688 ,0.91760254 ,3 ,Acc ,15
3dd9e578dace13af ,554250142548 ,-0.08642578 ,-0.35443115 ,0.92541504 ,3 ,Acc ,15
3dd9e578dace13af ,554350837808 ,0.13330078 ,-0.26312256 ,0.9397583 ,3 ,Acc ,15
3dd9e578dace13af ,554470794006 ,0.2668457 ,-0.2868042 ,0.9069214 ,3 ,Acc ,15
3dd9e578dace13af ,554570426923 ,0.32244873 ,-0.28778076 ,0.89434814 ,3 ,Acc ,15
3dd9e578dace13af ,554671484579 ,0.28979492 ,-0.27069092 ,0.91156006 ,3 ,Acc ,15
3dd9e578dace13af ,554791028850 ,0.12609863 ,-0.23358154 ,0.95825195 ,3 ,Acc ,15
3dd9e578dace13af ,554890758797 ,-0.059265137 ,-0.2852173 ,0.9545288 ,3 ,Acc ,15
3dd9e578dace13af ,554991528537 ,-0.20373535 ,-0.29577637 ,0.93310547 ,3 ,Acc ,15
3dd9e578dace13af ,555112405047 ,-0.24353027 ,-0.37652588 ,0.89312744 ,3 ,Acc ,15
3dd9e578dace13af ,555129732235 ,9.18161 ,3.199173 ,-3.3899994 ,0 ,Acc ,10
3dd9e578dace13af ,555171836870 ,7.431602 ,-4.3143516 ,4.209007 ,3 ,Acc ,1
3dd9e578dace13af ,555231937547 ,-0.03881836 ,-0.38427734 ,0.9160156 ,3 ,Acc ,15
3dd9e578dace13af ,555331225151 ,0.1486206 ,-0.35479736 ,0.9076538 ,3 ,Acc ,15
3dd9e578dace13af ,555431793954 ,0.2536621 ,-0.39385986 ,0.8633423 ,3 ,Acc ,15
3dd9e578dace13af ,555531492912 ,0.29364014 ,-0.39794922 ,0.8529053 ,3 ,Acc ,15
3dd9e578dace13af ,555632279058 ,0.24066162 ,-0.36071777 ,0.89019775 ,3 ,Acc ,15
3dd9e578dace13af ,555752153380 ,0.045837402 ,-0.3540039 ,0.92871094 ,3 ,Acc ,15
3dd9e578dace13af ,555872460360 ,-0.17236328 ,-0.40545654 ,0.8972168 ,3 ,Acc ,15
3dd9e578dace13af ,555992443485 ,-0.25378418 ,-0.41308594 ,0.87316895 ,3 ,Acc ,15
3dd9e578dace13af ,556092087495 ,0.49414063 ,-0.5566406 ,0.50598145 ,3 ,Acc ,15
3dd9e578dace13af ,556192843484 ,0.61273193 ,-0.54248047 ,0.432312 ,3 ,Acc ,15
3dd9e578dace13af ,556292296401 ,0.6973877 ,-0.54107666 ,0.33721924 ,3 ,Acc ,15
3dd9e578dace13af ,556392896870 ,0.73083496 ,-0.55493164 ,0.22833252 ,3 ,Acc ,15
3dd9e578dace13af ,556492599005 ,0.74450684 ,-0.5633545 ,0.19476318 ,3 ,Acc ,15
3dd9e578dace13af ,556593318120 ,0.706604 ,-0.5795288 ,0.25378418 ,3 ,Acc ,15
3dd9e578dace13af ,556714132495 ,0.59924316 ,-0.58380127 ,0.39660645 ,3 ,Acc ,15
3dd9e578dace13af ,556833491141 ,0.38305664 ,-0.6415405 ,0.49658203 ,3 ,Acc ,15
3dd9e578dace13af ,556953480359 ,0.29193115 ,-0.6158447 ,0.59991455 ,3 ,Acc ,15
3dd9e578dace13af ,557053126349 ,0.31567383 ,-0.62664795 ,0.5581665 ,3 ,Acc ,15
3dd9e578dace13af ,557153852234 ,0.44683838 ,-0.6248779 ,0.42297363 ,3 ,Acc ,15
3dd9e578dace13af ,557253303797 ,0.5581665 ,-0.59265137 ,0.25610352 ,3 ,Acc ,15
3dd9e578dace13af ,557353869838 ,0.62145996 ,-0.5668335 ,0.14764404 ,3 ,Acc ,15
3dd9e578dace13af ,557453502234 ,0.6398926 ,-0.57702637 ,0.0748291 ,3 ,Acc ,15
3dd9e578dace13af ,557554312130 ,0.6604004 ,-0.5928345 ,0.111816406 ,3 ,Acc ,15
3dd9e578dace13af ,557674296401 ,0.5812378 ,-0.6217041 ,0.25445557 ,3 ,Acc ,15
3dd9e578dace13af ,557794547442 ,0.45654297 ,-0.6130371 ,0.42694092 ,3 ,Acc ,15
3dd9e578dace13af ,557894006973 ,0.3638916 ,-0.5910034 ,0.5350952 ,3 ,Acc ,15
3dd9e578dace13af ,557994559525 ,0.29815674 ,-0.57159424 ,0.56134033 ,3 ,Acc ,15
3dd9e578dace13af ,558094218848 ,0.28240967 ,-0.60754395 ,0.4326172 ,3 ,Acc ,15
3dd9e578dace13af ,558133057390 ,-2.5454712 ,-4.384903 ,3.6718903 ,0 ,Acc ,10
3dd9e578dace13af ,558175020202 ,10.386047 ,-5.659893 ,2.801216 ,3 ,Acc ,1
3dd9e578dace13af ,558194990359 ,0.39520264 ,-0.63549805 ,0.29815674 ,3 ,Acc ,15
3dd9e578dace13af ,558294371921 ,0.52075195 ,-0.626709 ,0.24304199 ,3 ,Acc ,15
3dd9e578dace13af ,558395146348 ,0.51763916 ,-0.65197754 ,0.16290283 ,3 ,Acc ,15
3dd9e578dace13af ,558516519421 ,0.42156982 ,-0.6828613 ,0.19195557 ,3 ,Acc ,15
3dd9e578dace13af ,558635350827 ,0.277771 ,-0.7017212 ,0.38146973 ,3 ,Acc ,15
3dd9e578dace13af ,558756471088 ,0.11669922 ,-0.67767334 ,0.6062012 ,3 ,Acc ,15
3dd9e578dace13af ,558875564786 ,0.012512207 ,-0.6329346 ,0.73114014 ,3 ,Acc ,15
3dd9e578dace13af ,558995741504 ,-0.01727295 ,-0.5755005 ,0.8000488 ,3 ,Acc ,15
3dd9e578dace13af ,559095279213 ,-0.0056152344 ,-0.57806396 ,0.7963867 ,3 ,Acc ,15
3dd9e578dace13af ,559195991608 ,-0.0015869141 ,-0.5700073 ,0.79815674 ,3 ,Acc ,15
3dd9e578dace13af ,559295469837 ,0.007019043 ,-0.54992676 ,0.81207275 ,3 ,Acc ,15
3dd9e578dace13af ,559396318692 ,0.0022583008 ,-0.54577637 ,0.81365967 ,3 ,Acc ,15
3dd9e578dace13af ,559517210358 ,-0.028320313 ,-0.57476807 ,0.7980957 ,3 ,Acc ,15
3dd9e578dace13af ,559636583952 ,-0.058532715 ,-0.60961914 ,0.78015137 ,3 ,Acc ,15
3dd9e578dace13af ,559756567546 ,-0.04296875 ,-0.63256836 ,0.7714844 ,3 ,Acc ,15
3dd9e578dace13af ,559856166712 ,-0.02758789 ,-0.63568115 ,0.77142334 ,3 ,Acc ,15
3dd9e578dace13af ,559956749264 ,-0.020507813 ,-0.6307373 ,0.7748413 ,3 ,Acc ,15
3dd9e578dace13af ,560056345202 ,-0.016479492 ,-0.61138916 ,0.79052734 ,3 ,Acc ,15
3dd9e578dace13af ,560157054420 ,-0.010681152 ,-0.61120605 ,0.79138184 ,3 ,Acc ,15
3dd9e578dace13af ,560277241243 ,-0.009216309 ,-0.6185913 ,0.7836914 ,3 ,Acc ,15
3dd9e578dace13af ,560397226087 ,-0.011108398 ,-0.5894165 ,0.80255127 ,3 ,Acc ,15
3dd9e578dace13af ,560518582910 ,-0.019104004 ,-0.5936279 ,0.7966919 ,3 ,Acc ,15
3dd9e578dace13af ,560637595149 ,-0.10449219 ,-0.3540039 ,0.92852783 ,3 ,Acc ,15
3dd9e578dace13af ,560737107754 ,-0.095703125 ,-0.36083984 ,0.92767334 ,3 ,Acc ,15
3dd9e578dace13af ,560837874993 ,-0.09033203 ,-0.364563 ,0.92614746 ,3 ,Acc ,15
3dd9e578dace13af ,560937299108 ,-0.08850098 ,-0.35394287 ,0.9272461 ,3 ,Acc ,15
