3dd9e578dace13af ,1287064455701 ,0.20080566 ,-1.0525665 ,0.2632904 ,0 ,Acc ,10
3dd9e578dace13af ,1287183728357 ,0.16052246 ,0.20184326 ,-0.9501953 ,3 ,Acc ,15
3dd9e578dace13af ,1287283286743 ,0.15661621 ,0.19940186 ,-0.9515991 ,3 ,Acc ,15
3dd9e578dace13af ,1287386228722 ,0.15063477 ,0.19555664 ,-0.9534912 ,3 ,Acc ,15
3dd9e578dace13af ,1287504883618 ,0.14422607 ,0.19006348 ,-0.9567261 ,3 ,Acc ,15
3dd9e578dace13af ,1287604757003 ,0.13995361 ,0.18701172 ,-0.95965576 ,3 ,Acc ,15
3dd9e578dace13af ,1287709361222 ,0.13549805 ,0.19232178 ,-0.96154785 ,3 ,Acc ,15
3dd9e578dace13af ,1287809739451 ,0.12701416 ,0.2008667 ,-0.9639282 ,3 ,Acc ,15
3dd9e578dace13af ,1287910016586 ,0.124572754 ,0.20953369 ,-0.9649048 ,3 ,Acc ,15
3dd9e578dace13af ,1288010004294 ,0.122802734 ,0.21972656 ,-0.96533203 ,3 ,Acc ,15
3dd9e578dace13af ,1288110011742 ,0.12335205 ,0.22827148 ,-0.9650879 ,3 ,Acc ,15
3dd9e578dace13af ,1288210001169 ,0.12384033 ,0.23834229 ,-0.96325684 ,3 ,Acc ,15
3dd9e578dace13af ,1288310729607 ,0.119140625 ,0.24182129 ,-0.96203613 ,3 ,Acc ,15
3dd9e578dace13af ,1288410249971 ,0.13842773 ,0.28082275 ,-0.9442749 ,3 ,Acc ,15
3dd9e578dace13af ,1288510019242 ,0.15307617 ,0.4543457 ,-0.87335205 ,3 ,Acc ,15
3dd9e578dace13af ,1288631078721 ,-0.010131836 ,0.57855225 ,-0.8148804 ,3 ,Acc ,15
3dd9e578dace13af ,1288751359086 ,-0.14764404 ,0.5458374 ,-0.8187866 ,3 ,Acc ,15
3dd9e578dace13af ,1288872473148 ,-0.31433105 ,0.5819092 ,-0.746521 ,3 ,Acc ,15
3dd9e578dace13af ,1288991821794 ,-0.48614502 ,0.49700928 ,-0.71832275 ,3 ,Acc ,15
3dd9e578dace13af ,1289111684450 ,-0.6157837 ,0.3605957 ,-0.6767578 ,3 ,Acc ,15
3dd9e578dace13af ,1289210889346 ,-0.6638794 ,0.3007202 ,-0.6315918 ,3 ,Acc ,15
3dd9e578dace13af ,1289331247159 ,-0.66082764 ,0.34448242 ,-0.6021118 ,3 ,Acc ,15
3dd9e578dace13af ,1289432039242 ,-0.6304321 ,0.37786865 ,-0.6208496 ,3 ,Acc ,15
3dd9e578dace13af ,1289552274919 ,-0.5760498 ,0.41467285 ,-0.66186523 ,3 ,Acc ,15
3dd9e578dace13af ,1289673315492 ,-0.49993896 ,0.46484375 ,-0.7104492 ,3 ,Acc ,15
3dd9e578dace13af ,1289792483096 ,-0.3994751 ,0.49023438 ,-0.77130127 ,3 ,Acc ,15
3dd9e578dace13af ,1289891880960 ,-0.33813477 ,0.4817505 ,-0.8081665 ,3 ,Acc ,15
3dd9e578dace13af ,1290012013565 ,-0.3098755 ,0.45178223 ,-0.83636475 ,3 ,Acc ,15
3dd9e578dace13af ,1290069880700 ,2.857895 ,4.964035 ,-4.1198425 ,0 ,Acc ,10
3dd9e578dace13af ,1290127962835 ,-0.36816406 ,0.41455078 ,-0.83184814 ,3 ,Acc ,15
3dd9e578dace13af ,1290232986325 ,-0.48236084 ,0.39898682 ,-0.76586914 ,3 ,Acc ,15
3dd9e578dace13af ,1290353343512 ,-0.5911255 ,0.32177734 ,-0.7095337 ,3 ,Acc ,15
3dd9e578dace13af ,1290473977939 ,-0.5534668 ,0.43206787 ,-0.6460571 ,3 ,Acc ,15
3dd9e578dace13af ,1290593375908 ,-0.53533936 ,0.47277832 ,-0.59991455 ,3 ,Acc ,15
3dd9e578dace13af ,1290713381898 ,-0.53564453 ,0.46185303 ,-0.6526489 ,3 ,Acc ,15
3dd9e578dace13af ,1290833643460 ,-0.45617676 ,0.4619751 ,-0.7487793 ,3 ,Acc ,15
3dd9e578dace13af ,1290932983668 ,-0.3671875 ,0.4732666 ,-0.7996216 ,3 ,Acc ,15
3dd9e578dace13af ,1291033262210 ,-0.29101563 ,0.49310303 ,-0.819397 ,3 ,Acc ,15
3dd9e578dace13af ,1291133194970 ,-0.28961182 ,0.50408936 ,-0.81365967 ,3 ,Acc ,15
3dd9e578dace13af ,1291234079189 ,-0.39605713 ,0.4985962 ,-0.7635498 ,3 ,Acc ,15
3dd9e578dace13af ,1291354112835 ,-0.5372925 ,0.37860107 ,-0.7391968 ,3 ,Acc ,15
3dd9e578dace13af ,1291475259397 ,-0.564209 ,0.44140625 ,-0.6506958 ,3 ,Acc ,15
3dd9e578dace13af ,1291594323408 ,-0.60583496 ,0.42803955 ,-0.6119995 ,3 ,Acc ,15
3dd9e578dace13af ,1291693785647 ,-0.6231079 ,0.4043579 ,-0.6411133 ,3 ,Acc ,15
3dd9e578dace13af ,1291794665699 ,-0.5842285 ,0.3394165 ,-0.7329712 ,3 ,Acc ,15
3dd9e578dace13af ,1291894060491 ,-0.4701538 ,0.34539795 ,-0.81103516 ,3 ,Acc ,15
3dd9e578dace13af ,1291994763147 ,-0.32580566 ,0.40039063 ,-0.85595703 ,3 ,Acc ,15
3dd9e578dace13af ,1292114992939 ,-0.19281006 ,0.56848145 ,-0.79937744 ,3 ,Acc ,15
3dd9e578dace13af ,1292235057157 ,-0.29492188 ,0.5600586 ,-0.7736206 ,3 ,Acc ,15
3dd9e578dace13af ,1292355308303 ,-0.48510742 ,0.40307617 ,-0.7756958 ,3 ,Acc ,15
3dd9e578dace13af ,1292476366845 ,-0.6246338 ,0.34472656 ,-0.69866943 ,3 ,Acc ,15
3dd9e578dace13af ,1292595557574 ,-0.6723633 ,0.26428223 ,-0.69140625 ,3 ,Acc ,15
3dd9e578dace13af ,1292694933407 ,-0.62890625 ,0.23675537 ,-0.73864746 ,3 ,Acc ,15
3dd9e578dace13af ,1292795682209 ,-0.53393555 ,0.2111206 ,-0.81188965 ,3 ,Acc ,15
3dd9e578dace13af ,1292896903251 ,-0.42095947 ,0.28240967 ,-0.8514404 ,3 ,Acc ,15
3dd9e578dace13af ,1293015253303 ,-0.2960205 ,0.3826294 ,-0.86346436 ,3 ,Acc ,15
3dd9e578dace13af ,1293070719918 ,5.572235 ,6.36998 ,-6.8379974 ,0 ,Acc ,10
3dd9e578dace13af ,1293132055074 ,-0.3121338 ,0.37200928 ,-0.8605957 ,3 ,Acc ,15
3dd9e578dace13af ,1293232128511 ,-0.4588623 ,0.25317383 ,-0.8345337 ,3 ,Acc ,15
3dd9e578dace13af ,1293335652209 ,-0.58947754 ,0.237854 ,-0.7617798 ,3 ,Acc ,15
3dd9e578dace13af ,1293436335022 ,-0.6642456 ,0.17266846 ,-0.7182617 ,3 ,Acc ,15
3dd9e578dace13af ,1293536259449 ,-0.6846924 ,0.124694824 ,-0.7022705 ,3 ,Acc ,15
3dd9e578dace13af ,1293636690178 ,-0.6292114 ,0.12286377 ,-0.74176025 ,3 ,Acc ,15
3dd9e578dace13af ,1294074374188 ,-0.39831543 ,0.41223145 ,-0.78222656 ,3 ,Acc ,15
3dd9e578dace13af ,1294176692469 ,-0.5042114 ,0.27197266 ,-0.78100586 ,3 ,Acc ,15
3dd9e578dace13af ,1294278296115 ,-0.5742798 ,0.22570801 ,-0.75927734 ,3 ,Acc ,15
3dd9e578dace13af ,1294397371532 ,-0.64208984 ,0.21160889 ,-0.7175293 ,3 ,Acc ,15
3dd9e578dace13af ,1294496847417 ,-0.6611328 ,0.16833496 ,-0.7057495 ,3 ,Acc ,15
3dd9e578dace13af ,1294597644500 ,-0.6187134 ,0.16906738 ,-0.7285156 ,3 ,Acc ,15
3dd9e578dace13af ,1294697096115 ,-0.51519775 ,0.1616211 ,-0.788147 ,3 ,Acc ,15
3dd9e578dace13af ,1294797770854 ,-0.41278076 ,0.32336426 ,-0.795166 ,3 ,Acc ,15
3dd9e578dace13af ,1294897890177 ,-0.31402588 ,0.44995117 ,-0.7715454 ,3 ,Acc ,15
3dd9e578dace13af ,1294998058823 ,-0.3447876 ,0.48638916 ,-0.75323486 ,3 ,Acc ,15
3dd9e578dace13af ,1295118179396 ,-0.47229004 ,0.36254883 ,-0.7675171 ,3 ,Acc ,15
3dd9e578dace13af ,1295238015333 ,-0.5856323 ,0.26696777 ,-0.7390747 ,3 ,Acc ,15
3dd9e578dace13af ,1295358378458 ,-0.6638794 ,0.22943115 ,-0.6911621 ,3 ,Acc ,15
3dd9e578dace13af ,1295457898562 ,-0.6791992 ,0.1809082 ,-0.6803589 ,3 ,Acc ,15
3dd9e578dace13af ,1295558739760 ,-0.6135864 ,0.18560791 ,-0.71661377 ,3 ,Acc ,15
3dd9e578dace13af ,1295658089083 ,-0.49188232 ,0.246521 ,-0.7767334 ,3 ,Acc ,15
3dd9e578dace13af ,1295758875385 ,-0.3848877 ,0.3696289 ,-0.7756958 ,3 ,Acc ,15
3dd9e578dace13af ,1295880025854 ,-0.29174805 ,0.44891357 ,-0.76116943 ,3 ,Acc ,15
3dd9e578dace13af ,1295998600802 ,-0.35168457 ,0.47155762 ,-0.74121094 ,3 ,Acc ,15
3dd9e578dace13af ,1296076999604 ,5.475281 ,5.0047455 ,-2.7038727 ,0 ,Acc ,10
3dd9e578dace13af ,1296114092625 ,-0.46917725 ,0.31524658 ,-0.7631836 ,3 ,Acc ,15
3dd9e578dace13af ,1296217828250 ,-0.56274414 ,0.25201416 ,-0.7329712 ,3 ,Acc ,15
3dd9e578dace13af ,1296319231270 ,-0.62805176 ,0.21429443 ,-0.7017212 ,3 ,Acc ,15
3dd9e578dace13af ,1296418929864 ,-0.6488037 ,0.18725586 ,-0.6861572 ,3 ,Acc ,15
3dd9e578dace13af ,1296519771270 ,-0.6102905 ,0.24047852 ,-0.69866943 ,3 ,Acc ,15
3dd9e578dace13af ,1296639817416 ,-0.48516846 ,0.2977295 ,-0.7453613 ,3 ,Acc ,15
3dd9e578dace13af ,1296754949708 ,-0.3671875 ,0.37017822 ,-0.7501831 ,3 ,Acc ,15
3dd9e578dace13af ,1296858548718 ,-0.29058838 ,0.3939209 ,-0.7633667 ,3 ,Acc ,15
3dd9e578dace13af ,1296960005333 ,-0.31610107 ,0.44940186 ,-0.73864746 ,3 ,Acc ,15
3dd9e578dace13af ,1297081355645 ,-0.41497803 ,0.36950684 ,-0.7328491 ,3 ,Acc ,15
3dd9e578dace13af ,1297200010072 ,-0.5362549 ,0.3272705 ,-0.6976929 ,3 ,Acc ,15
3dd9e578dace13af ,1297320663197 ,-0.63464355 ,0.43701172 ,-0.6008911 ,3 ,Acc ,15
3dd9e578dace13af ,1297420004968 ,-0.6088867 ,0.28936768 ,-0.6726074 ,3 ,Acc ,15
3dd9e578dace13af ,1297520753301 ,-0.52545166 ,0.26818848 ,-0.71484375 ,3 ,Acc ,15
3dd9e578dace13af ,1297640987572 ,-0.40979004 ,0.3269043 ,-0.739563 ,3 ,Acc ,15
3dd9e578dace13af ,1297761008874 ,-0.29333496 ,0.40948486 ,-0.7381592 ,3 ,Acc ,15
3dd9e578dace13af ,1297882248197 ,-0.26312256 ,0.479187 ,-0.7133179 ,3 ,Acc ,15
3dd9e578dace13af ,1298001307832 ,-0.3928833 ,0.3696289 ,-0.7284546 ,3 ,Acc ,15
3dd9e578dace13af ,1298121504395 ,-0.5048828 ,0.17785645 ,-0.7319946 ,3 ,Acc ,15
3dd9e578dace13af ,1298220819238 ,-0.5811157 ,0.14221191 ,-0.6942749 ,3 ,Acc ,15
3dd9e578dace13af ,1298321829707 ,-0.6109619 ,0.1362915 ,-0.67633057 ,3 ,Acc ,15
3dd9e578dace13af ,1298441876270 ,-0.5341797 ,0.11553955 ,-0.72473145 ,3 ,Acc ,15
3dd9e578dace13af ,1298561840176 ,-0.40185547 ,0.28808594 ,-0.75231934 ,3 ,Acc ,15
3dd9e578dace13af ,1298683065905 ,-0.26837158 ,0.45178223 ,-0.69226074 ,3 ,Acc ,15
3dd9e578dace13af ,1298802132780 ,-0.17913818 ,0.47540283 ,-0.6860962 ,3 ,Acc ,15
3dd9e578dace13af ,1298901802363 ,-0.2738037 ,0.4713745 ,-0.6719971 ,3 ,Acc ,15
3dd9e578dace13af ,1299002519290 ,-0.41107178 ,0.37683105 ,-0.69299316 ,3 ,Acc ,15
3dd9e578dace13af ,1299079279915 ,4.487152 ,5.979767 ,-1.3000488 ,0 ,Acc ,10
3dd9e578dace13af ,1299116733509 ,-0.5699463 ,0.27905273 ,-0.6847534 ,3 ,Acc ,15
3dd9e578dace13af ,1299221765905 ,-0.64733887 ,0.18218994 ,-0.6569824 ,3 ,Acc ,15
3dd9e578dace13af ,1299336138040 ,-0.64019775 ,0.16821289 ,-0.6351929 ,3 ,Acc ,15
3dd9e578dace13af ,1299442814238 ,-0.54974365 ,0.20367432 ,-0.6693115 ,3 ,Acc ,15
3dd9e578dace13af ,1299562974394 ,-0.40124512 ,0.3093872 ,-0.7140503 ,3 ,Acc ,15
3dd9e578dace13af ,1299684141634 ,-0.27844238 ,0.4678955 ,-0.67266846 ,3 ,Acc ,15
3dd9e578dace13af ,1299803248561 ,-0.24798584 ,0.5404053 ,-0.64398193 ,3 ,Acc ,15
3dd9e578dace13af ,1299923380384 ,-0.40637207 ,0.42938232 ,-0.6641846 ,3 ,Acc ,15
3dd9e578dace13af ,1300022871373 ,-0.50683594 ,0.29315186 ,-0.67474365 ,3 ,Acc ,15
3dd9e578dace13af ,1300123639134 ,-0.5894165 ,0.27294922 ,-0.64227295 ,3 ,Acc ,15
3dd9e578dace13af ,1300223041998 ,-0.60821533 ,0.21850586 ,-0.64471436 ,3 ,Acc ,15
3dd9e578dace13af ,1300323786790 ,-0.5380249 ,0.22003174 ,-0.67211914 ,3 ,Acc ,15
3dd9e578dace13af ,1300444017988 ,-0.41119385 ,0.33294678 ,-0.68310547 ,3 ,Acc ,15
3dd9e578dace13af ,1300564043821 ,-0.2701416 ,0.44592285 ,-0.64782715 ,3 ,Acc ,15
3dd9e578dace13af ,1300685392310 ,-0.17138672 ,0.5258789 ,-0.61291504 ,3 ,Acc ,15
3dd9e578dace13af ,1300804319290 ,-0.2930298 ,0.5352173 ,-0.6018677 ,3 ,Acc ,15
3dd9e578dace13af ,1300903837362 ,-0.4348755 ,0.38336182 ,-0.6482544 ,3 ,Acc ,15
3dd9e578dace13af ,1301004646842 ,-0.5405884 ,0.25457764 ,-0.6538696 ,3 ,Acc ,15
3dd9e578dace13af ,1301124632987 ,-0.6312866 ,0.20751953 ,-0.6142578 ,3 ,Acc ,15
3dd9e578dace13af ,1301245096060 ,-0.6052246 ,0.17016602 ,-0.61260986 ,3 ,Acc ,15
3dd9e578dace13af ,1301364931685 ,-0.4937744 ,0.2791748 ,-0.6340332 ,3 ,Acc ,15
3dd9e578dace13af ,1301486155956 ,-0.33441162 ,0.4182129 ,-0.6273804 ,3 ,Acc ,15
3dd9e578dace13af ,1301588770748 ,-0.2142334 ,0.49505615 ,-0.5940552 ,3 ,Acc ,15
3dd9e578dace13af ,1301704603248 ,-0.17663574 ,0.5541382 ,-0.5699463 ,3 ,Acc ,15
3dd9e578dace13af ,1301805550591 ,-0.28302002 ,0.54785156 ,-0.56658936 ,3 ,Acc ,15
3dd9e578dace13af ,1301904852362 ,-0.39562988 ,0.40441895 ,-0.61676025 ,3 ,Acc ,15
3dd9e578dace13af ,1302005656216 ,-0.5136719 ,0.30975342 ,-0.6097412 ,3 ,Acc ,15
3dd9e578dace13af ,1302083460279 ,7.2625885 ,1.7664032 ,2.919281 ,0 ,Acc ,10
3dd9e578dace13af ,1302119955643 ,-0.6123047 ,0.2288208 ,-0.5800171 ,3 ,Acc ,15
3dd9e578dace13af ,1302220680227 ,-0.59906006 ,0.206604 ,-0.5800171 ,3 ,Acc ,15
3dd9e578dace13af ,1302325992935 ,-0.524353 ,0.2727661 ,-0.5938721 ,3 ,Acc ,15
3dd9e578dace13af ,1302446194029 ,-0.3727417 ,0.37823486 ,-0.6185303 ,3 ,Acc ,15
3dd9e578dace13af ,1302561270956 ,-0.24493408 ,0.49969482 ,-0.5722046 ,3 ,Acc ,15
3dd9e578dace13af ,1302665667414 ,-0.20904541 ,0.5751953 ,-0.5466919 ,3 ,Acc ,15
3dd9e578dace13af ,1302766830851 ,-0.29455566 ,0.5806885 ,-0.5389404 ,3 ,Acc ,15
3dd9e578dace13af ,1302887629705 ,-0.3955078 ,0.37701416 ,-0.6149292 ,3 ,Acc ,15
3dd9e578dace13af ,1303006783612 ,-0.5354004 ,0.28533936 ,-0.59191895 ,3 ,Acc ,15
3dd9e578dace13af ,1303126895747 ,-0.5967407 ,0.20300293 ,-0.565979 ,3 ,Acc ,15
3dd9e578dace13af ,1303247085330 ,-0.5648804 ,0.20831299 ,-0.5545044 ,3 ,Acc ,15
3dd9e578dace13af ,1303367107778 ,-0.4430542 ,0.31695557 ,-0.58587646 ,3 ,Acc ,15
3dd9e578dace13af ,1303488279080 ,-0.32476807 ,0.4710083 ,-0.5653076 ,3 ,Acc ,15
3dd9e578dace13af ,1303607320851 ,-0.21411133 ,0.55981445 ,-0.54870605 ,3 ,Acc ,15
3dd9e578dace13af ,1303706798768 ,-0.2399292 ,0.5938721 ,-0.5309448 ,3 ,Acc ,15
3dd9e578dace13af ,1303807699132 ,-0.31652832 ,0.5157471 ,-0.5508423 ,3 ,Acc ,15
3dd9e578dace13af ,1303907140903 ,-0.39587402 ,0.40075684 ,-0.5739746 ,3 ,Acc ,15
3dd9e578dace13af ,1304007788715 ,-0.5092163 ,0.33843994 ,-0.539978 ,3 ,Acc ,15
3dd9e578dace13af ,1304128076476 ,-0.5409546 ,0.21942139 ,-0.5421753 ,3 ,Acc ,15
3dd9e578dace13af ,1304248109392 ,-0.5106201 ,0.21936035 ,-0.55236816 ,3 ,Acc ,15
3dd9e578dace13af ,1304368316007 ,-0.40966797 ,0.3289795 ,-0.56933594 ,3 ,Acc ,15
3dd9e578dace13af ,1304489371111 ,-0.30651855 ,0.4668579 ,-0.52960205 ,3 ,Acc ,15
3dd9e578dace13af ,1304608496111 ,-0.19720459 ,0.53723145 ,-0.5 ,3 ,Acc ,15
3dd9e578dace13af ,1304707850174 ,-0.21380615 ,0.58898926 ,-0.47143555 ,3 ,Acc ,15
3dd9e578dace13af ,1304808657569 ,-0.33953857 ,0.5441284 ,-0.4696045 ,3 ,Acc ,15
3dd9e578dace13af ,1304908117517 ,-0.3892212 ,0.37719727 ,-0.54034424 ,3 ,Acc ,15
3dd9e578dace13af ,1305007973142 ,-0.5014038 ,0.29962158 ,-0.53027344 ,3 ,Acc ,15
3dd9e578dace13af ,1305086708142 ,9.198532 ,3.0449066 ,1.3429413 ,0 ,Acc ,10
3dd9e578dace13af ,1305123240694 ,-0.56427 ,0.22155762 ,-0.50286865 ,3 ,Acc ,15
3dd9e578dace13af ,1305228504600 ,-0.55023193 ,0.22595215 ,-0.49621582 ,3 ,Acc ,15
3dd9e578dace13af ,1305348595902 ,-0.44244385 ,0.31463623 ,-0.5223999 ,3 ,Acc ,15
3dd9e578dace13af ,1305448610954 ,-0.35559082 ,0.40911865 ,-0.53479004 ,3 ,Acc ,15
3dd9e578dace13af ,1305548778507 ,-0.30230713 ,0.55963135 ,-0.45477295 ,3 ,Acc ,15
3dd9e578dace13af ,1305649587986 ,-0.21276855 ,0.5961914 ,-0.46020508 ,3 ,Acc ,15
3dd9e578dace13af ,1305769712465 ,-0.33654785 ,0.5601196 ,-0.45495605 ,3 ,Acc ,15
3dd9e578dace13af ,1305869204340 ,-0.43341064 ,0.44714355 ,-0.48693848 ,3 ,Acc ,15
3dd9e578dace13af ,1305969020538 ,-0.51330566 ,0.3482666 ,-0.48583984 ,3 ,Acc ,15
3dd9e578dace13af ,1306091127048 ,-0.5653076 ,0.25823975 ,-0.4616089 ,3 ,Acc ,15
3dd9e578dace13af ,1306210320538 ,-0.52734375 ,0.21038818 ,-0.4732666 ,3 ,Acc ,15
3dd9e578dace13af ,1306330275121 ,-0.43634033 ,0.32080078 ,-0.48742676 ,3 ,Acc ,15
3dd9e578dace13af ,1306450506267 ,-0.32006836 ,0.46191406 ,-0.5079956 ,3 ,Acc ,15
3dd9e578dace13af ,1306568751058 ,-0.24511719 ,0.6095581 ,-0.43145752 ,3 ,Acc ,15
3dd9e578dace13af ,1306670028767 ,-0.16473389 ,0.6538086 ,-0.38928223 ,3 ,Acc ,15
3dd9e578dace13af ,1306769998037 ,-0.18707275 ,0.637146 ,-0.37554932 ,3 ,Acc ,15
3dd9e578dace13af ,1306872097152 ,-0.27526855 ,0.5321045 ,-0.4239502 ,3 ,Acc ,15
3dd9e578dace13af ,1306990005798 ,-0.3423462 ,0.3475952 ,-0.49389648 ,3 ,Acc ,15
3dd9e578dace13af ,1307092200121 ,-0.35180664 ,0.21520996 ,-0.50946045 ,3 ,Acc ,15
3dd9e578dace13af ,1307210164652 ,-0.26965332 ,0.06298828 ,-0.49298096 ,3 ,Acc ,15
3dd9e578dace13af ,1307310756162 ,-0.13671875 ,-0.05682373 ,-0.49853516 ,3 ,Acc ,15
3dd9e578dace13af ,1307411430902 ,0.13116455 ,-0.13128662 ,-0.48327637 ,3 ,Acc ,15
3dd9e578dace13af ,1307512745277 ,0.2705078 ,-0.13427734 ,-0.39489746 ,3 ,Acc ,15
3dd9e578dace13af ,1307625857464 ,0.40985107 ,-0.15942383 ,-0.2298584 ,3 ,Acc ,15
3dd9e578dace13af ,1307731851318 ,0.42407227 ,-0.21716309 ,-0.06085205 ,3 ,Acc ,15
3dd9e578dace13af ,1307833183401 ,0.3998413 ,-0.3093872 ,0.054382324 ,3 ,Acc ,15
3dd9e578dace13af ,1307951500172 ,0.37304688 ,-0.4574585 ,0.034973145 ,3 ,Acc ,15
3dd9e578dace13af ,1308052304235 ,0.48590088 ,-0.5192261 ,-0.06585693 ,3 ,Acc ,15
3dd9e578dace13af ,1308089669026 ,8.008759 ,-9.647751 ,2.688797 ,0 ,Acc ,10
3dd9e578dace13af ,1308166433349 ,0.5560303 ,-0.5253296 ,-0.22717285 ,3 ,Acc ,15
3dd9e578dace13af ,1308270386422 ,0.56677246 ,-0.5211792 ,-0.31445313 ,3 ,Acc ,15
3dd9e578dace13af ,1308372611266 ,0.57611084 ,-0.5359497 ,-0.36102295 ,3 ,Acc ,15
3dd9e578dace13af ,1308472186735 ,0.56536865 ,-0.5536499 ,-0.38739014 ,3 ,Acc ,15
3dd9e578dace13af ,1308572624391 ,0.5609131 ,-0.57470703 ,-0.37445068 ,3 ,Acc ,15
3dd9e578dace13af ,1308672233766 ,0.57250977 ,-0.59002686 ,-0.32763672 ,3 ,Acc ,15
3dd9e578dace13af ,1308773049287 ,0.5505371 ,-0.607605 ,-0.23291016 ,3 ,Acc ,15
3dd9e578dace13af ,1308873230172 ,0.5125122 ,-0.62390137 ,-0.095703125 ,3 ,Acc ,15
3dd9e578dace13af ,1308973118141 ,0.4550171 ,-0.6447754 ,4.8828125E-4 ,3 ,Acc ,15
3dd9e578dace13af ,1309093980120 ,0.4378662 ,-0.654541 ,0.07269287 ,3 ,Acc ,15
3dd9e578dace13af ,1309213405224 ,0.46643066 ,-0.6218872 ,-9.765625E-4 ,3 ,Acc ,15
3dd9e578dace13af ,1309312910380 ,0.5508423 ,-0.60339355 ,-0.1437378 ,3 ,Acc ,15
3dd9e578dace13af ,1309413705276 ,0.66326904 ,-0.6020508 ,-0.20544434 ,3 ,Acc ,15
3dd9e578dace13af ,1309513085224 ,0.6317749 ,-0.5939331 ,-0.2972412 ,3 ,Acc ,15
3dd9e578dace13af ,1309613967828 ,0.6274414 ,-0.6015625 ,-0.32702637 ,3 ,Acc ,15
3dd9e578dace13af ,1309734016370 ,0.6054077 ,-0.6262207 ,-0.27044678 ,3 ,Acc ,15
3dd9e578dace13af ,1309854118036 ,0.56970215 ,-0.6520996 ,-0.10748291 ,3 ,Acc ,15
3dd9e578dace13af ,1309974258609 ,0.54504395 ,-0.657959 ,0.057006836 ,3 ,Acc ,15
3dd9e578dace13af ,1310075799390 ,0.51745605 ,-0.64593506 ,0.1529541 ,3 ,Acc ,15
3dd9e578dace13af ,1310189482932 ,0.48425293 ,-0.63513184 ,0.04736328 ,3 ,Acc ,15
3dd9e578dace13af ,1310295645432 ,0.5474243 ,-0.65649414 ,-0.11578369 ,3 ,Acc ,15
3dd9e578dace13af ,1310414695432 ,0.6090088 ,-0.6600342 ,-0.19812012 ,3 ,Acc ,15
3dd9e578dace13af ,1310529478973 ,0.5539551 ,-0.62786865 ,-0.3147583 ,3 ,Acc ,15
3dd9e578dace13af ,1310633464494 ,0.5794678 ,-0.6427002 ,-0.3187256 ,3 ,Acc ,15
3dd9e578dace13af ,1310735012775 ,0.57977295 ,-0.6678467 ,-0.23492432 ,3 ,Acc ,15
3dd9e578dace13af ,1310855247984 ,0.4958496 ,-0.6669922 ,-0.07940674 ,3 ,Acc ,15
3dd9e578dace13af ,1310975301161 ,0.36645508 ,-0.6722412 ,0.0546875 ,3 ,Acc ,15
3dd9e578dace13af ,1311093229963 ,-0.26060486 ,-3.6375885 ,-0.16323853 ,0 ,Acc ,10
3dd9e578dace13af ,1311096544077 ,0.34033203 ,-0.6430054 ,0.10998535 ,3 ,Acc ,15
3dd9e578dace13af ,1311211403296 ,0.41558838 ,-0.63653564 ,-0.0690918 ,3 ,Acc ,15
3dd9e578dace13af ,1311314394286 ,0.5612793 ,-0.6530762 ,-0.1630249 ,3 ,Acc ,15
3dd9e578dace13af ,1311415840692 ,0.57458496 ,-0.6455078 ,-0.25878906 ,3 ,Acc ,15
3dd9e578dace13af ,1311532304233 ,0.5628662 ,-0.670166 ,-0.3060913 ,3 ,Acc ,15
3dd9e578dace13af ,1311635353921 ,0.56933594 ,-0.70288086 ,-0.23150635 ,3 ,Acc ,15
3dd9e578dace13af ,1311736171056 ,0.5050659 ,-0.696228 ,-0.1461792 ,3 ,Acc ,15
3dd9e578dace13af ,1311856293140 ,0.37664795 ,-0.6849365 ,-0.025817871 ,3 ,Acc ,15
3dd9e578dace13af ,1311959886681 ,0.28826904 ,-0.68981934 ,0.08673096 ,3 ,Acc ,15
3dd9e578dace13af ,1312075819650 ,0.25946045 ,-0.6762085 ,0.08557129 ,3 ,Acc ,15
3dd9e578dace13af ,1312176696785 ,0.33691406 ,-0.6779175 ,-0.07086182 ,3 ,Acc ,15
3dd9e578dace13af ,1312276118660 ,0.5248413 ,-0.7079468 ,-0.13031006 ,3 ,Acc ,15
3dd9e578dace13af ,1312377173660 ,0.55303955 ,-0.6991577 ,-0.22979736 ,3 ,Acc ,15
3dd9e578dace13af ,1312494120796 ,0.5331421 ,-0.7012329 ,-0.28955078 ,3 ,Acc ,15
3dd9e578dace13af ,1312596425275 ,0.5498047 ,-0.7173462 ,-0.2234497 ,3 ,Acc ,15
3dd9e578dace13af ,1312698235170 ,0.4888916 ,-0.7211304 ,-0.11834717 ,3 ,Acc ,15
3dd9e578dace13af ,1312817302254 ,0.3262329 ,-0.7147217 ,0.005859375 ,3 ,Acc ,15
3dd9e578dace13af ,1312937446108 ,0.22454834 ,-0.70214844 ,0.10723877 ,3 ,Acc ,15
3dd9e578dace13af ,1313036827202 ,0.22406006 ,-0.68408203 ,0.04559326 ,3 ,Acc ,15
3dd9e578dace13af ,1313137625379 ,0.35650635 ,-0.7090454 ,-0.09686279 ,3 ,Acc ,15
3dd9e578dace13af ,1313252052879 ,0.54589844 ,-0.73358154 ,-0.1453247 ,3 ,Acc ,15
3dd9e578dace13af ,1313357277566 ,0.52874756 ,-0.73272705 ,-0.23803711 ,3 ,Acc ,15
3dd9e578dace13af ,1313458055222 ,0.5270996 ,-0.74450684 ,-0.23626709 ,3 ,Acc ,15
3dd9e578dace13af ,1313578229337 ,0.49847412 ,-0.756958 ,-0.13690186 ,3 ,Acc ,15
3dd9e578dace13af ,1313699333503 ,0.39105225 ,-0.73779297 ,-0.0048217773 ,3 ,Acc ,15
3dd9e578dace13af ,1313818417566 ,0.2642212 ,-0.7184448 ,0.10784912 ,3 ,Acc ,15
3dd9e578dace13af ,1313938446733 ,0.21008301 ,-0.6958008 ,0.15307617 ,3 ,Acc ,15
3dd9e578dace13af ,1314037962774 ,0.24420166 ,-0.7067261 ,0.013427734 ,3 ,Acc ,15
3dd9e578dace13af ,1314095440691 ,2.184967 ,-8.665665 ,4.7149353 ,0 ,Acc ,10
3dd9e578dace13af ,1314152769910 ,0.45568848 ,-0.7463989 ,-0.085876465 ,3 ,Acc ,15
3dd9e578dace13af ,1314258808295 ,0.50164795 ,-0.74298096 ,-0.18518066 ,3 ,Acc ,15
3dd9e578dace13af ,1314379114545 ,0.48358154 ,-0.75268555 ,-0.25708008 ,3 ,Acc ,15
3dd9e578dace13af ,1314496746784 ,0.4796753 ,-0.772583 ,-0.19702148 ,3 ,Acc ,15
3dd9e578dace13af ,1314597632253 ,0.42077637 ,-0.7706909 ,-0.09661865 ,3 ,Acc ,15
3dd9e578dace13af ,1314700412878 ,0.31573486 ,-0.7514038 ,7.324219E-4 ,3 ,Acc ,15
3dd9e578dace13af ,1314819387097 ,0.19055176 ,-0.73742676 ,0.090026855 ,3 ,Acc ,15
3dd9e578dace13af ,1314939634597 ,0.17242432 ,-0.7206421 ,0.043884277 ,3 ,Acc ,15
3dd9e578dace13af ,1315059716003 ,0.34838867 ,-0.76776123 ,-0.04675293 ,3 ,Acc ,15
3dd9e578dace13af ,1315159201420 ,0.46191406 ,-0.78466797 ,-0.07745361 ,3 ,Acc ,15
3dd9e578dace13af ,1315260004284 ,0.45141602 ,-0.7788086 ,-0.19006348 ,3 ,Acc ,15
3dd9e578dace13af ,1315363875794 ,0.48156738 ,-0.77386475 ,-0.2098999 ,3 ,Acc ,15
3dd9e578dace13af ,1315479537513 ,0.43017578 ,-0.788147 ,-0.12738037 ,3 ,Acc ,15
3dd9e578dace13af ,1315580420638 ,0.3079834 ,-0.7775879 ,-0.03326416 ,3 ,Acc ,15
3dd9e578dace13af ,1315701487773 ,0.18457031 ,-0.76727295 ,0.08276367 ,3 ,Acc ,15
3dd9e578dace13af ,1315820706732 ,0.14172363 ,-0.74139404 ,0.1494751 ,3 ,Acc ,15
3dd9e578dace13af ,1315920013763 ,0.16656494 ,-0.73986816 ,0.05432129 ,3 ,Acc ,15
3dd9e578dace13af ,1316020791732 ,0.3225708 ,-0.7677002 ,-0.036743164 ,3 ,Acc ,15
3dd9e578dace13af ,1316139496055 ,0.43225098 ,-0.7678833 ,-0.13305664 ,3 ,Acc ,15
3dd9e578dace13af ,1316260009909 ,0.41522217 ,-0.7614136 ,-0.2345581 ,3 ,Acc ,15
3dd9e578dace13af ,1316360008867 ,0.4524536 ,-0.7832031 ,-0.18572998 ,3 ,Acc ,15
3dd9e578dace13af ,1316461322565 ,0.4038086 ,-0.80352783 ,-0.09765625 ,3 ,Acc ,15
3dd9e578dace13af ,1316581379075 ,0.2555542 ,-0.7970581 ,0.03845215 ,3 ,Acc ,15
3dd9e578dace13af ,1316680787981 ,0.116882324 ,-0.7859497 ,0.13769531 ,3 ,Acc ,15
3dd9e578dace13af ,1316781807461 ,0.053100586 ,-0.7578125 ,0.1817627 ,3 ,Acc ,15
3dd9e578dace13af ,1316902783242 ,0.11376953 ,-0.7615967 ,0.01184082 ,3 ,Acc ,15
3dd9e578dace13af ,1317018052565 ,0.37841797 ,-0.8031006 ,-0.04345703 ,3 ,Acc ,15
3dd9e578dace13af ,1317099255065 ,3.9478455 ,-4.4828644 ,7.8841553 ,0 ,Acc ,10
3dd9e578dace13af ,1317136143085 ,0.42462158 ,-0.805542 ,-0.14025879 ,3 ,Acc ,15
3dd9e578dace13af ,1317241513710 ,0.39801025 ,-0.82025146 ,-0.1907959 ,3 ,Acc ,15
3dd9e578dace13af ,1317342324075 ,0.41003418 ,-0.8363037 ,-0.12011719 ,3 ,Acc ,15
3dd9e578dace13af ,1317462347044 ,0.29144287 ,-0.8253784 ,-0.038635254 ,3 ,Acc ,15
3dd9e578dace13af ,1317561819335 ,0.17541504 ,-0.7887573 ,0.06201172 ,3 ,Acc ,15
3dd9e578dace13af ,1317678612669 ,0.032287598 ,-0.7520752 ,0.17126465 ,3 ,Acc ,15
3dd9e578dace13af ,1317782089283 ,-0.020446777 ,-0.73657227 ,0.14324951 ,3 ,Acc ,15
3dd9e578dace13af ,1317882240533 ,0.20581055 ,-0.76049805 ,0.10546875 ,3 ,Acc ,15
3dd9e578dace13af ,1317983002929 ,0.4241333 ,-0.8067627 ,0.11077881 ,3 ,Acc ,15
3dd9e578dace13af ,1318101650689 ,0.34710693 ,-0.84851074 ,-0.099243164 ,3 ,Acc ,15
3dd9e578dace13af ,1318202599127 ,0.36602783 ,-0.8461304 ,-0.12573242 ,3 ,Acc ,15
3dd9e578dace13af ,1318325767929 ,0.36901855 ,-0.85546875 ,-0.08605957 ,3 ,Acc ,15
3dd9e578dace13af ,1318442713397 ,0.28125 ,-0.8265381 ,0.025634766 ,3 ,Acc ,15
3dd9e578dace13af ,1318543625741 ,0.12915039 ,-0.7937012 ,0.08807373 ,3 ,Acc ,15
3dd9e578dace13af ,1318642960272 ,0.021972656 ,-0.760437 ,0.16699219 ,3 ,Acc ,15
3dd9e578dace13af ,1318743761627 ,-0.017700195 ,-0.7347412 ,0.17926025 ,3 ,Acc ,15
3dd9e578dace13af ,1318864012512 ,0.07397461 ,-0.78570557 ,0.046142578 ,3 ,Acc ,15
3dd9e578dace13af ,1318984015272 ,0.28881836 ,-0.82873535 ,-0.0138549805 ,3 ,Acc ,15
3dd9e578dace13af ,1319105011574 ,0.28308105 ,-0.82281494 ,-0.18548584 ,3 ,Acc ,15
3dd9e578dace13af ,1319640324855 ,-0.06549072 ,-0.76812744 ,0.18652344 ,3 ,Acc ,15
3dd9e578dace13af ,1319743963189 ,-0.07989502 ,-0.74902344 ,0.16870117 ,3 ,Acc ,15
3dd9e578dace13af ,1319844297876 ,0.017028809 ,-0.7947998 ,0.0413208 ,3 ,Acc ,15
3dd9e578dace13af ,1319945030116 ,0.21478271 ,-0.83721924 ,-0.022338867 ,3 ,Acc ,15
3dd9e578dace13af ,1320063223501 ,0.28790283 ,-0.84472656 ,-0.13397217 ,3 ,Acc ,15
3dd9e578dace13af ,1320100332824 ,3.147461 ,-10.192627 ,8.908295 ,0 ,Acc ,10
3dd9e578dace13af ,1320179518553 ,0.29553223 ,-0.8670654 ,-0.12854004 ,3 ,Acc ,15
3dd9e578dace13af ,1320284767563 ,0.26519775 ,-0.87542725 ,-0.07122803 ,3 ,Acc ,15
3dd9e578dace13af ,1320385424022 ,0.13220215 ,-0.85717773 ,0.0056152344 ,3 ,Acc ,15
3dd9e578dace13af ,1320484997980 ,-0.011108398 ,-0.8171997 ,0.10498047 ,3 ,Acc ,15
3dd9e578dace13af ,1320584994647 ,-0.10626221 ,-0.7779541 ,0.19439697 ,3 ,Acc ,15
3dd9e578dace13af ,1320685185011 ,-0.13336182 ,-0.75720215 ,0.18261719 ,3 ,Acc ,15
3dd9e578dace13af ,1320786046886 ,-0.048706055 ,-0.7962036 ,0.049316406 ,3 ,Acc ,15
3dd9e578dace13af ,1320907109751 ,0.20092773 ,-0.8631592 ,0.039916992 ,3 ,Acc ,15
3dd9e578dace13af ,1321021382146 ,0.23718262 ,-0.887146 ,-0.05517578 ,3 ,Acc ,15
3dd9e578dace13af ,1321125688709 ,0.24243164 ,-0.89624023 ,-0.107299805 ,3 ,Acc ,15
3dd9e578dace13af ,1321226455740 ,0.24481201 ,-0.89941406 ,-0.06317139 ,3 ,Acc ,15
3dd9e578dace13af ,1321325910063 ,0.1404419 ,-0.8811035 ,-0.028015137 ,3 ,Acc ,15
3dd9e578dace13af ,1321426744594 ,0.005432129 ,-0.82733154 ,0.047546387 ,3 ,Acc ,15
3dd9e578dace13af ,1321546751105 ,-0.15631104 ,-0.76239014 ,0.13336182 ,3 ,Acc ,15
3dd9e578dace13af ,1321662069802 ,-0.21325684 ,-0.72198486 ,0.14190674 ,3 ,Acc ,15
3dd9e578dace13af ,1321766372980 ,-0.038757324 ,-0.7769165 ,-0.12683105 ,3 ,Acc ,15
3dd9e578dace13af ,1321867159073 ,0.16259766 ,-0.85668945 ,-0.1739502 ,3 ,Acc ,15
3dd9e578dace13af ,1321987311938 ,0.26416016 ,-0.88391113 ,-0.20410156 ,3 ,Acc ,15
3dd9e578dace13af ,1322108520011 ,0.2341919 ,-0.89068604 ,-0.26220703 ,3 ,Acc ,15
3dd9e578dace13af ,1322227573604 ,0.22979736 ,-0.9118042 ,-0.17871094 ,3 ,Acc ,15
3dd9e578dace13af ,1322326902302 ,0.115112305 ,-0.87805176 ,-0.16156006 ,3 ,Acc ,15
3dd9e578dace13af ,1322427818552 ,-0.034057617 ,-0.80914307 ,-0.10961914 ,3 ,Acc ,15
3dd9e578dace13af ,1322547889125 ,-0.14324951 ,-0.7490845 ,0.006591797 ,3 ,Acc ,15
3dd9e578dace13af ,1322667958031 ,-0.1541748 ,-0.71698 ,0.0048828125 ,3 ,Acc ,15
3dd9e578dace13af ,1322788228500 ,-0.02960205 ,-0.7614136 ,-0.19592285 ,3 ,Acc ,15
3dd9e578dace13af ,1322909310219 ,0.18493652 ,-0.8654175 ,-0.20831299 ,3 ,Acc ,15
3dd9e578dace13af ,1323028433552 ,0.14819336 ,-0.83026123 ,-0.37780762 ,3 ,Acc ,15
3dd9e578dace13af ,1323106297354 ,2.7438812 ,-13.9206085 ,5.647766 ,0 ,Acc ,10
3dd9e578dace13af ,1323142859906 ,0.11810303 ,-0.8098755 ,-0.43945313 ,3 ,Acc ,15
3dd9e578dace13af ,1323247307198 ,0.101135254 ,-0.826355 ,-0.39074707 ,3 ,Acc ,15
3dd9e578dace13af ,1323348808187 ,-0.0056152344 ,-0.8262329 ,-0.29974365 ,3 ,Acc ,15
3dd9e578dace13af ,1323468598187 ,-0.14886475 ,-0.7747803 ,-0.16314697 ,3 ,Acc ,15
3dd9e578dace13af ,1323568270635 ,-0.26812744 ,-0.69506836 ,-0.081604004 ,3 ,Acc ,15
3dd9e578dace13af ,1323669107875 ,-0.30993652 ,-0.6469116 ,-0.08532715 ,3 ,Acc ,15
3dd9e578dace13af ,1323789237927 ,-0.22314453 ,-0.68670654 ,-0.29803467 ,3 ,Acc ,15
3dd9e578dace13af ,1323910370895 ,-0.053894043 ,-0.7363281 ,-0.4085083 ,3 ,Acc ,15
3dd9e578dace13af ,1324029415687 ,-0.027160645 ,-0.72839355 ,-0.49053955 ,3 ,Acc ,15
3dd9e578dace13af ,1324149383031 ,-0.034057617 ,-0.7550049 ,-0.5058594 ,3 ,Acc ,15
3dd9e578dace13af ,1324264693812 ,-0.008300781 ,-0.80895996 ,-0.40759277 ,3 ,Acc ,15
3dd9e578dace13af ,1324368593083 ,-0.08294678 ,-0.7706299 ,-0.3463745 ,3 ,Acc ,15
3dd9e578dace13af ,1324470006103 ,-0.12298584 ,-0.71899414 ,-0.2713623 ,3 ,Acc ,15
3dd9e578dace13af ,1324585991208 ,-0.18115234 ,-0.66070557 ,-0.20733643 ,3 ,Acc ,15
3dd9e578dace13af ,1324689539749 ,-0.30371094 ,-0.6949463 ,-0.11413574 ,3 ,Acc ,15
3dd9e578dace13af ,1324809272353 ,-0.25689697 ,-0.7371826 ,-0.2518921 ,3 ,Acc ,15
3dd9e578dace13af ,1324911470322 ,-0.115600586 ,-0.8494873 ,-0.21356201 ,3 ,Acc ,15
3dd9e578dace13af ,1325030630166 ,-0.060668945 ,-0.89227295 ,-0.23236084 ,3 ,Acc ,15
3dd9e578dace13af ,1325149860009 ,-0.09197998 ,-0.89782715 ,-0.26507568 ,3 ,Acc ,15
3dd9e578dace13af ,1325250066259 ,-0.10089111 ,-0.9105835 ,-0.21795654 ,3 ,Acc ,15
3dd9e578dace13af ,1325350004228 ,-0.10583496 ,-0.90319824 ,-0.16235352 ,3 ,Acc ,15
3dd9e578dace13af ,1325450315061 ,-0.13848877 ,-0.8596802 ,-0.11340332 ,3 ,Acc ,15
3dd9e578dace13af ,1325550863603 ,-0.17852783 ,-0.78186035 ,-0.10992432 ,3 ,Acc ,15
3dd9e578dace13af ,1325654780999 ,-0.26245117 ,-0.7141113 ,-0.11785889 ,3 ,Acc ,15
3dd9e578dace13af ,1325770729853 ,-0.28759766 ,-0.682251 ,-0.06225586 ,3 ,Acc ,15
3dd9e578dace13af ,1325871492509 ,-0.2828369 ,-0.7089844 ,-0.111816406 ,3 ,Acc ,15
3dd9e578dace13af ,1325971503082 ,-0.21325684 ,-0.79748535 ,-0.15856934 ,3 ,Acc ,15
3dd9e578dace13af ,1326071802926 ,-0.124816895 ,-0.85791016 ,-0.13244629 ,3 ,Acc ,15
3dd9e578dace13af ,1326109021676 ,1.4847107 ,-2.212677 ,8.237045 ,0 ,Acc ,10
3dd9e578dace13af ,1326186098759 ,-0.23919678 ,-0.8145752 ,-0.2947998 ,3 ,Acc ,15
3dd9e578dace13af ,1326294028238 ,-0.32104492 ,-0.76342773 ,-0.28863525 ,3 ,Acc ,15
3dd9e578dace13af ,1326414415061 ,-0.43707275 ,-0.6824951 ,-0.14752197 ,3 ,Acc ,15
3dd9e578dace13af ,1326532040478 ,-0.5581665 ,-0.5595703 ,0.087402344 ,3 ,Acc ,15
3dd9e578dace13af ,1326632369696 ,-0.6100464 ,-0.44500732 ,0.28533936 ,3 ,Acc ,15
3dd9e578dace13af ,1326746510478 ,-0.60461426 ,-0.380188 ,0.41400146 ,3 ,Acc ,15
3dd9e578dace13af ,1326854561467 ,-0.5854492 ,-0.35876465 ,0.45855713 ,3 ,Acc ,15
3dd9e578dace13af ,1326972473238 ,-0.5786133 ,-0.3587036 ,0.44812012 ,3 ,Acc ,15
3dd9e578dace13af ,1327072838238 ,-0.57421875 ,-0.3453369 ,0.449646 ,3 ,Acc ,15
3dd9e578dace13af ,1327193009800 ,-0.564209 ,-0.3388672 ,0.45263672 ,3 ,Acc ,15
3dd9e578dace13af ,1327292878134 ,-0.38171387 ,-0.12860107 ,0.6016846 ,3 ,Acc ,15
3dd9e578dace13af ,1327393083602 ,-0.3690796 ,-0.11853027 ,0.6039429 ,3 ,Acc ,15
3dd9e578dace13af ,1327492986311 ,-0.35198975 ,-0.10614014 ,0.60754395 ,3 ,Acc ,15
3dd9e578dace13af ,1327593367561 ,-0.35681152 ,-0.10357666 ,0.6126709 ,3 ,Acc ,15
3dd9e578dace13af ,1327692832040 ,-0.3538208 ,-0.11224365 ,0.6213989 ,3 ,Acc ,15
3dd9e578dace13af ,1327793566050 ,-0.34857178 ,-0.11804199 ,0.6286621 ,3 ,Acc ,15
3dd9e578dace13af ,1327910656675 ,-0.3491211 ,-0.12402344 ,0.63287354 ,3 ,Acc ,15
3dd9e578dace13af ,1328013252404 ,-0.3503418 ,-0.13140869 ,0.6355591 ,3 ,Acc ,15
3dd9e578dace13af ,1328114933967 ,-0.35247803 ,-0.13397217 ,0.63739014 ,3 ,Acc ,15
3dd9e578dace13af ,1328234226258 ,-0.352417 ,-0.13458252 ,0.6421509 ,3 ,Acc ,15
3dd9e578dace13af ,1328354083185 ,-0.35150146 ,-0.13775635 ,0.64556885 ,3 ,Acc ,15
3dd9e578dace13af ,1328474417196 ,-0.34851074 ,-0.13647461 ,0.6464844 ,3 ,Acc ,15
3dd9e578dace13af ,1328594377925 ,-0.34936523 ,-0.12908936 ,0.6536255 ,3 ,Acc ,15
