3dd9e578dace13af ,418288098589 ,0.06796265 ,0.0026855469 ,-0.058395386 ,0 ,Acc ,10
3dd9e578dace13af ,418403615933 ,0.20898438 ,-0.18066406 ,0.25891113 ,3 ,Acc ,15
3dd9e578dace13af ,418503240672 ,0.22924805 ,-0.1907959 ,0.2539673 ,3 ,Acc ,15
3dd9e578dace13af ,418724153433 ,0.43511963 ,-0.2654419 ,0.2446289 ,3 ,Acc ,15
3dd9e578dace13af ,418844220620 ,0.53723145 ,-0.29174805 ,0.23358154 ,3 ,Acc ,15
3dd9e578dace13af ,418964367808 ,0.6094971 ,-0.30078125 ,0.22003174 ,3 ,Acc ,15
3dd9e578dace13af ,419085392026 ,0.6514282 ,-0.28851318 ,0.20562744 ,3 ,Acc ,15
3dd9e578dace13af ,419204428745 ,0.68743896 ,-0.25354004 ,0.18469238 ,3 ,Acc ,15
3dd9e578dace13af ,419304061870 ,0.71209717 ,-0.21026611 ,0.15960693 ,3 ,Acc ,15
3dd9e578dace13af ,419404783068 ,0.75128174 ,-0.16143799 ,0.11187744 ,3 ,Acc ,15
3dd9e578dace13af ,419504169370 ,0.7659912 ,-0.08325195 ,0.060546875 ,3 ,Acc ,15
3dd9e578dace13af ,419604854943 ,0.7590332 ,0.009338379 ,0.0051879883 ,3 ,Acc ,15
3dd9e578dace13af ,419704426870 ,0.74542236 ,0.10394287 ,-0.0546875 ,3 ,Acc ,15
3dd9e578dace13af ,419805146297 ,0.7234497 ,0.18011475 ,-0.10357666 ,3 ,Acc ,15
3dd9e578dace13af ,419925253484 ,0.7252197 ,0.24035645 ,-0.13269043 ,3 ,Acc ,15
3dd9e578dace13af ,420045464109 ,0.7201538 ,0.27581787 ,-0.1496582 ,3 ,Acc ,15
3dd9e578dace13af ,420165464838 ,0.7150879 ,0.2796631 ,-0.1541748 ,3 ,Acc ,15
3dd9e578dace13af ,420265144318 ,0.71032715 ,0.27575684 ,-0.15893555 ,3 ,Acc ,15
3dd9e578dace13af ,420365763953 ,0.7182617 ,0.26837158 ,-0.17144775 ,3 ,Acc ,15
3dd9e578dace13af ,420465241870 ,0.7194214 ,0.26239014 ,-0.18084717 ,3 ,Acc ,15
3dd9e578dace13af ,420565958849 ,0.7210083 ,0.2625122 ,-0.1899414 ,3 ,Acc ,15
3dd9e578dace13af ,420665531505 ,0.72528076 ,0.26904297 ,-0.20074463 ,3 ,Acc ,15
3dd9e578dace13af ,420766300307 ,0.7217407 ,0.28674316 ,-0.22277832 ,3 ,Acc ,15
3dd9e578dace13af ,420887239838 ,0.7220459 ,0.31420898 ,-0.25506592 ,3 ,Acc ,15
3dd9e578dace13af ,421006508953 ,0.7266846 ,0.3470459 ,-0.28649902 ,3 ,Acc ,15
3dd9e578dace13af ,421126503380 ,0.7136841 ,0.39709473 ,-0.30999756 ,3 ,Acc ,15
3dd9e578dace13af ,421246807286 ,0.68951416 ,0.44976807 ,-0.33325195 ,3 ,Acc ,15
3dd9e578dace13af ,421304919421 ,-1.9021149 ,1.0065765 ,-1.7163086 ,0 ,Acc ,10
3dd9e578dace13af ,421346355307 ,0.66534424 ,0.49822998 ,-0.34527588 ,3 ,Acc ,15
3dd9e578dace13af ,421446847234 ,0.6409302 ,0.5444336 ,-0.36468506 ,3 ,Acc ,15
3dd9e578dace13af ,421546346765 ,0.60546875 ,0.57366943 ,-0.3867798 ,3 ,Acc ,15
3dd9e578dace13af ,421647134890 ,0.5835571 ,0.59173584 ,-0.40270996 ,3 ,Acc ,15
3dd9e578dace13af ,421767290046 ,0.56378174 ,0.6109619 ,-0.4182129 ,3 ,Acc ,15
3dd9e578dace13af ,421888356609 ,0.52770996 ,0.621521 ,-0.45483398 ,3 ,Acc ,15
3dd9e578dace13af ,422007380411 ,0.5025635 ,0.6411743 ,-0.46081543 ,3 ,Acc ,15
3dd9e578dace13af ,422127752494 ,0.50494385 ,0.6565552 ,-0.45214844 ,3 ,Acc ,15
3dd9e578dace13af ,422227223640 ,0.49145508 ,0.6658325 ,-0.46661377 ,3 ,Acc ,15
3dd9e578dace13af ,422347223067 ,0.46569824 ,0.68603516 ,-0.48919678 ,3 ,Acc ,15
3dd9e578dace13af ,422448042911 ,0.4265747 ,0.69000244 ,-0.53375244 ,3 ,Acc ,15
3dd9e578dace13af ,422568248796 ,0.37371826 ,0.70440674 ,-0.5656738 ,3 ,Acc ,15
3dd9e578dace13af ,422689239942 ,0.31134033 ,0.68969727 ,-0.61987305 ,3 ,Acc ,15
3dd9e578dace13af ,422808267702 ,0.26202393 ,0.4807129 ,-0.77526855 ,3 ,Acc ,15
3dd9e578dace13af ,422928673535 ,0.21496582 ,0.45202637 ,-0.7319336 ,3 ,Acc ,15
3dd9e578dace13af ,423048682546 ,0.14697266 ,0.5598755 ,-0.5550537 ,3 ,Acc ,15
3dd9e578dace13af ,423148146348 ,0.08581543 ,0.625 ,-0.39361572 ,3 ,Acc ,15
3dd9e578dace13af ,423248879733 ,0.08154297 ,0.6689453 ,-0.22717285 ,3 ,Acc ,15
3dd9e578dace13af ,423348275566 ,0.12445068 ,0.6812744 ,-0.17474365 ,3 ,Acc ,15
3dd9e578dace13af ,423449055046 ,0.13574219 ,0.69415283 ,-0.2786255 ,3 ,Acc ,15
3dd9e578dace13af ,423569286243 ,0.10784912 ,0.62072754 ,-0.48760986 ,3 ,Acc ,15
3dd9e578dace13af ,423690216816 ,0.15881348 ,0.5054321 ,-0.6273804 ,3 ,Acc ,15
3dd9e578dace13af ,423809554056 ,0.19714355 ,0.4420166 ,-0.6741333 ,3 ,Acc ,15
3dd9e578dace13af ,423929586035 ,0.13323975 ,0.5210571 ,-0.5605469 ,3 ,Acc ,15
3dd9e578dace13af ,424029089681 ,-0.08532715 ,0.5876465 ,-0.47979736 ,3 ,Acc ,15
3dd9e578dace13af ,424129841764 ,-0.22650146 ,0.5887451 ,-0.4631958 ,3 ,Acc ,15
3dd9e578dace13af ,424229268483 ,-0.16522217 ,0.6687012 ,-0.33825684 ,3 ,Acc ,15
3dd9e578dace13af ,424308161556 ,2.0210419 ,-7.667984 ,4.6827393 ,0 ,Acc ,10
3dd9e578dace13af ,424330127962 ,-0.19042969 ,0.68621826 ,-0.3071289 ,3 ,Acc ,15
3dd9e578dace13af ,424450212545 ,-0.20050049 ,0.6427002 ,-0.44885254 ,3 ,Acc ,15
3dd9e578dace13af ,424570201035 ,-0.09246826 ,0.53479004 ,-0.5843506 ,3 ,Acc ,15
3dd9e578dace13af ,424691486451 ,0.07623291 ,0.4487915 ,-0.65112305 ,3 ,Acc ,15
3dd9e578dace13af ,424810455462 ,0.1920166 ,0.41210938 ,-0.65185547 ,3 ,Acc ,15
3dd9e578dace13af ,424910124941 ,0.1739502 ,0.47625732 ,-0.60528564 ,3 ,Acc ,15
3dd9e578dace13af ,425010834628 ,-0.019042969 ,0.51953125 ,-0.5951538 ,3 ,Acc ,15
3dd9e578dace13af ,425110130774 ,-0.18945313 ,0.55688477 ,-0.5588989 ,3 ,Acc ,15
3dd9e578dace13af ,425210940462 ,-0.28735352 ,0.5775757 ,-0.5348511 ,3 ,Acc ,15
3dd9e578dace13af ,425310491868 ,-0.34820557 ,0.56500244 ,-0.56292725 ,3 ,Acc ,15
3dd9e578dace13af ,425411339680 ,-0.36419678 ,0.4852295 ,-0.6489258 ,3 ,Acc ,15
3dd9e578dace13af ,425531350618 ,-0.21209717 ,0.4263916 ,-0.7349243 ,3 ,Acc ,15
3dd9e578dace13af ,425651613691 ,0.04449463 ,0.45117188 ,-0.76220703 ,3 ,Acc ,15
3dd9e578dace13af ,425771648847 ,0.16003418 ,0.43707275 ,-0.76275635 ,3 ,Acc ,15
3dd9e578dace13af ,425871084628 ,0.061279297 ,0.50177 ,-0.72888184 ,3 ,Acc ,15
3dd9e578dace13af ,425971902961 ,-0.1852417 ,0.49890137 ,-0.708313 ,3 ,Acc ,15
3dd9e578dace13af ,426071254367 ,-0.3466797 ,0.50756836 ,-0.63690186 ,3 ,Acc ,15
3dd9e578dace13af ,426171998847 ,-0.41375732 ,0.5114136 ,-0.61047363 ,3 ,Acc ,15
3dd9e578dace13af ,426293210253 ,-0.40325928 ,0.48254395 ,-0.67230225 ,3 ,Acc ,15
3dd9e578dace13af ,426412178638 ,-0.25512695 ,0.45758057 ,-0.7554321 ,3 ,Acc ,15
3dd9e578dace13af ,426512257909 ,-0.085632324 ,0.46929932 ,-0.798584 ,3 ,Acc ,15
3dd9e578dace13af ,426612529211 ,0.02355957 ,0.44244385 ,-0.833313 ,3 ,Acc ,15
3dd9e578dace13af ,426712533169 ,0.06756592 ,0.47143555 ,-0.80474854 ,3 ,Acc ,15
3dd9e578dace13af ,426812702076 ,-0.054016113 ,0.5289917 ,-0.7484741 ,3 ,Acc ,15
3dd9e578dace13af ,426912756242 ,-0.27886963 ,0.47058105 ,-0.734375 ,3 ,Acc ,15
3dd9e578dace13af ,427012982961 ,-0.36462402 ,0.50598145 ,-0.6599121 ,3 ,Acc ,15
3dd9e578dace13af ,427112821502 ,-0.411438 ,0.51330566 ,-0.6442261 ,3 ,Acc ,15
3dd9e578dace13af ,427213194211 ,-0.39605713 ,0.49975586 ,-0.6705322 ,3 ,Acc ,15
3dd9e578dace13af ,427311867492 ,4.168564 ,1.7880707 ,-1.5612488 ,0 ,Acc ,10
3dd9e578dace13af ,427433241502 ,-0.10424805 ,0.49163818 ,-0.8026123 ,3 ,Acc ,15
3dd9e578dace13af ,427533411711 ,0.031188965 ,0.49505615 ,-0.81591797 ,3 ,Acc ,15
3dd9e578dace13af ,427635212388 ,0.049865723 ,0.5159302 ,-0.7817993 ,3 ,Acc ,15
3dd9e578dace13af ,427753611294 ,-0.13531494 ,0.54504395 ,-0.7305908 ,3 ,Acc ,15
3dd9e578dace13af ,427853852336 ,-0.28009033 ,0.5140991 ,-0.7071533 ,3 ,Acc ,15
3dd9e578dace13af ,427953778690 ,-0.26287842 ,0.6046753 ,-0.571228 ,3 ,Acc ,15
3dd9e578dace13af ,428054151033 ,-0.307312 ,0.5871582 ,-0.5687866 ,3 ,Acc ,15
3dd9e578dace13af ,428174078065 ,-0.33929443 ,0.49102783 ,-0.6911011 ,3 ,Acc ,15
3dd9e578dace13af ,428295203950 ,-0.16625977 ,0.48236084 ,-0.78497314 ,3 ,Acc ,15
3dd9e578dace13af ,428414412075 ,0.027404785 ,0.4862671 ,-0.8390503 ,3 ,Acc ,15
3dd9e578dace13af ,428534543950 ,0.11004639 ,0.5055542 ,-0.82489014 ,3 ,Acc ,15
3dd9e578dace13af ,428634141294 ,-0.011108398 ,0.5563965 ,-0.77075195 ,3 ,Acc ,15
3dd9e578dace13af ,428734730096 ,-0.24487305 ,0.49768066 ,-0.7562866 ,3 ,Acc ,15
3dd9e578dace13af ,428834309679 ,-0.35455322 ,0.5084839 ,-0.6946411 ,3 ,Acc ,15
3dd9e578dace13af ,428935131762 ,-0.39697266 ,0.54003906 ,-0.65197754 ,3 ,Acc ,15
3dd9e578dace13af ,429055112856 ,-0.4173584 ,0.49438477 ,-0.7072754 ,3 ,Acc ,15
3dd9e578dace13af ,429175224887 ,-0.27667236 ,0.4593506 ,-0.8013916 ,3 ,Acc ,15
3dd9e578dace13af ,429296284314 ,-0.033203125 ,0.49749756 ,-0.83447266 ,3 ,Acc ,15
3dd9e578dace13af ,429415486606 ,0.14538574 ,0.4961548 ,-0.8360596 ,3 ,Acc ,15
3dd9e578dace13af ,429535533637 ,0.13031006 ,0.56433105 ,-0.78015137 ,3 ,Acc ,15
3dd9e578dace13af ,429635304418 ,-0.10028076 ,0.5662842 ,-0.76446533 ,3 ,Acc ,15
3dd9e578dace13af ,429735959262 ,-0.31311035 ,0.5048828 ,-0.7414551 ,3 ,Acc ,15
3dd9e578dace13af ,429835389158 ,-0.322937 ,0.5936279 ,-0.64733887 ,3 ,Acc ,15
3dd9e578dace13af ,429936144210 ,-0.338562 ,0.62750244 ,-0.59625244 ,3 ,Acc ,15
3dd9e578dace13af ,430056314731 ,-0.37017822 ,0.51031494 ,-0.70880127 ,3 ,Acc ,15
3dd9e578dace13af ,430176205616 ,-0.15496826 ,0.5420532 ,-0.7755127 ,3 ,Acc ,15
3dd9e578dace13af ,430314588480 ,10.290146 ,6.9385376 ,-4.688736 ,0 ,Acc ,10
3dd9e578dace13af ,430536743793 ,-0.06536865 ,0.57629395 ,-0.7819214 ,3 ,Acc ,15
3dd9e578dace13af ,431036690720 ,-0.2658081 ,0.5247803 ,-0.7705078 ,3 ,Acc ,15
3dd9e578dace13af ,431138775511 ,-0.09851074 ,0.5303345 ,-0.81689453 ,3 ,Acc ,15
3dd9e578dace13af ,431257690563 ,0.06732178 ,0.51312256 ,-0.84277344 ,3 ,Acc ,15
3dd9e578dace13af ,431377479470 ,0.13195801 ,0.5491333 ,-0.80682373 ,3 ,Acc ,15
3dd9e578dace13af ,431498752282 ,-0.043762207 ,0.6246338 ,-0.7512207 ,3 ,Acc ,15
3dd9e578dace13af ,431617739626 ,-0.30688477 ,0.5107422 ,-0.77490234 ,3 ,Acc ,15
3dd9e578dace13af ,431717328272 ,-0.40124512 ,0.5314331 ,-0.7147827 ,3 ,Acc ,15
3dd9e578dace13af ,431818268792 ,-0.43676758 ,0.49749756 ,-0.7347412 ,3 ,Acc ,15
3dd9e578dace13af ,431938149053 ,-0.32269287 ,0.45269775 ,-0.8203125 ,3 ,Acc ,15
3dd9e578dace13af ,432058457282 ,-0.049743652 ,0.52130127 ,-0.8364868 ,3 ,Acc ,15
3dd9e578dace13af ,432178488480 ,0.16491699 ,0.5462036 ,-0.8157959 ,3 ,Acc ,15
3dd9e578dace13af ,432299678584 ,0.20080566 ,0.5393677 ,-0.8111572 ,3 ,Acc ,15
3dd9e578dace13af ,432418713480 ,-0.038513184 ,0.5653076 ,-0.8099365 ,3 ,Acc ,15
3dd9e578dace13af ,432518299782 ,-0.2732544 ,0.46350098 ,-0.8294678 ,3 ,Acc ,15
3dd9e578dace13af ,432618974886 ,-0.3751831 ,0.47747803 ,-0.7816162 ,3 ,Acc ,15
3dd9e578dace13af ,432718538844 ,-0.41003418 ,0.47351074 ,-0.7731323 ,3 ,Acc ,15
3dd9e578dace13af ,432819181188 ,-0.3692627 ,0.4276123 ,-0.8215332 ,3 ,Acc ,15
3dd9e578dace13af ,432939290407 ,-0.1873169 ,0.42858887 ,-0.8779297 ,3 ,Acc ,15
3dd9e578dace13af ,433060937073 ,0.04321289 ,0.49694824 ,-0.8638916 ,3 ,Acc ,15
3dd9e578dace13af ,433181187334 ,0.16711426 ,0.4708252 ,-0.8638916 ,3 ,Acc ,15
3dd9e578dace13af ,433300744365 ,0.11706543 ,0.5508423 ,-0.82263184 ,3 ,Acc ,15
3dd9e578dace13af ,433317886761 ,8.107376 ,4.762146 ,-0.23860168 ,0 ,Acc ,10
3dd9e578dace13af ,433420066188 ,-0.121520996 ,0.50909424 ,-0.8457031 ,3 ,Acc ,15
3dd9e578dace13af ,433539892438 ,-0.31713867 ,0.48059082 ,-0.8118286 ,3 ,Acc ,15
3dd9e578dace13af ,433660268844 ,-0.4154663 ,0.45062256 ,-0.78863525 ,3 ,Acc ,15
3dd9e578dace13af ,433780359521 ,-0.3675537 ,0.4303589 ,-0.8240967 ,3 ,Acc ,15
3dd9e578dace13af ,433901395562 ,-0.2010498 ,0.41168213 ,-0.8878784 ,3 ,Acc ,15
3dd9e578dace13af ,434020377437 ,0.024902344 ,0.49365234 ,-0.86828613 ,3 ,Acc ,15
3dd9e578dace13af ,434140657489 ,0.19647217 ,0.54626465 ,-0.8134155 ,3 ,Acc ,15
3dd9e578dace13af ,434242003687 ,0.14111328 ,0.60858154 ,-0.77941895 ,3 ,Acc ,15
3dd9e578dace13af ,434360300823 ,-0.10620117 ,0.56018066 ,-0.81811523 ,3 ,Acc ,15
3dd9e578dace13af ,434461194156 ,-0.2614746 ,0.55389404 ,-0.7841797 ,3 ,Acc ,15
3dd9e578dace13af ,434581135875 ,-0.30285645 ,0.61328125 ,-0.7227173 ,3 ,Acc ,15
3dd9e578dace13af ,434702349729 ,-0.30187988 ,0.5437622 ,-0.7797241 ,3 ,Acc ,15
3dd9e578dace13af ,434822557906 ,-0.14294434 ,0.5296631 ,-0.835083 ,3 ,Acc ,15
3dd9e578dace13af ,434941574156 ,0.06402588 ,0.5404663 ,-0.8389282 ,3 ,Acc ,15
3dd9e578dace13af ,435061618999 ,0.18395996 ,0.54229736 ,-0.8197632 ,3 ,Acc ,15
3dd9e578dace13af ,435161227333 ,0.140625 ,0.5958252 ,-0.79016113 ,3 ,Acc ,15
3dd9e578dace13af ,435261922645 ,-0.00982666 ,0.5679321 ,-0.8218384 ,3 ,Acc ,15
3dd9e578dace13af ,435361393635 ,-0.15148926 ,0.5311279 ,-0.8328247 ,3 ,Acc ,15
3dd9e578dace13af ,435461923999 ,-0.26446533 ,0.53619385 ,-0.8010254 ,3 ,Acc ,15
3dd9e578dace13af ,435561612072 ,-0.33544922 ,0.4732666 ,-0.8144531 ,3 ,Acc ,15
3dd9e578dace13af ,435662355093 ,-0.2845459 ,0.47387695 ,-0.8329468 ,3 ,Acc ,15
3dd9e578dace13af ,435782423583 ,-0.14385986 ,0.479187 ,-0.8656616 ,3 ,Acc ,15
3dd9e578dace13af ,435903539051 ,0.011169434 ,0.5332031 ,-0.8457031 ,3 ,Acc ,15
3dd9e578dace13af ,436022640718 ,0.116882324 ,0.64349365 ,-0.7564087 ,3 ,Acc ,15
3dd9e578dace13af ,436122242332 ,0.039916992 ,0.66192627 ,-0.7484741 ,3 ,Acc ,15
3dd9e578dace13af ,436222991030 ,-0.06201172 ,0.51556396 ,-0.8545532 ,3 ,Acc ,15
3dd9e578dace13af ,436322353947 ,-0.120910645 ,0.6203613 ,-0.77490234 ,3 ,Acc ,15
3dd9e578dace13af ,436321098530 ,3.8910828 ,6.0403137 ,1.015091 ,0 ,Acc ,10
3dd9e578dace13af ,436423184884 ,-0.20098877 ,0.6517334 ,-0.7305298 ,3 ,Acc ,15
3dd9e578dace13af ,436523498218 ,-0.25628662 ,0.57025146 ,-0.7803955 ,3 ,Acc ,15
3dd9e578dace13af ,436626259780 ,-0.19012451 ,0.54901123 ,-0.81365967 ,3 ,Acc ,15
3dd9e578dace13af ,436744914936 ,-0.017333984 ,0.55981445 ,-0.8275757 ,3 ,Acc ,15
3dd9e578dace13af ,436863635301 ,0.15093994 ,0.5760498 ,-0.7987671 ,3 ,Acc ,15
3dd9e578dace13af ,436963151499 ,0.22436523 ,0.58636475 ,-0.7738037 ,3 ,Acc ,15
3dd9e578dace13af ,437063682020 ,0.16461182 ,0.6494751 ,-0.7408447 ,3 ,Acc ,15
3dd9e578dace13af ,437163480769 ,-0.020263672 ,0.6173706 ,-0.7862549 ,3 ,Acc ,15
3dd9e578dace13af ,437265629988 ,-0.16430664 ,0.56707764 ,-0.8070679 ,3 ,Acc ,15
3dd9e578dace13af ,437384040301 ,-0.23809814 ,0.5994873 ,-0.7640991 ,3 ,Acc ,15
3dd9e578dace13af ,437485017384 ,-0.2678833 ,0.5565796 ,-0.7854004 ,3 ,Acc ,15
3dd9e578dace13af ,437584556967 ,-0.20727539 ,0.5487671 ,-0.8079834 ,3 ,Acc ,15
3dd9e578dace13af ,437705345457 ,-0.042907715 ,0.54919434 ,-0.8320923 ,3 ,Acc ,15
3dd9e578dace13af ,437824898686 ,0.11401367 ,0.5484619 ,-0.8218994 ,3 ,Acc ,15
3dd9e578dace13af ,437924046707 ,0.19836426 ,0.5402832 ,-0.8093872 ,3 ,Acc ,15
3dd9e578dace13af ,438024679936 ,0.17114258 ,0.65808105 ,-0.7280884 ,3 ,Acc ,15
3dd9e578dace13af ,438124312540 ,0.030578613 ,0.6470947 ,-0.7585449 ,3 ,Acc ,15
3dd9e578dace13af ,438225117644 ,-0.074523926 ,0.54833984 ,-0.82922363 ,3 ,Acc ,15
3dd9e578dace13af ,438345107800 ,-0.16607666 ,0.61602783 ,-0.7661133 ,3 ,Acc ,15
3dd9e578dace13af ,438465446654 ,-0.237854 ,0.5083008 ,-0.81951904 ,3 ,Acc ,15
3dd9e578dace13af ,438585419102 ,-0.14440918 ,0.51293945 ,-0.8352051 ,3 ,Acc ,15
3dd9e578dace13af ,438685009519 ,-0.016723633 ,0.5210571 ,-0.84503174 ,3 ,Acc ,15
3dd9e578dace13af ,438785795404 ,0.11993408 ,0.5734253 ,-0.80255127 ,3 ,Acc ,15
3dd9e578dace13af ,438885126498 ,0.22943115 ,0.58374023 ,-0.7665405 ,3 ,Acc ,15
3dd9e578dace13af ,438985742071 ,0.258667 ,0.5783081 ,-0.7597046 ,3 ,Acc ,15
3dd9e578dace13af ,439085423946 ,0.1583252 ,0.60076904 ,-0.770874 ,3 ,Acc ,15
3dd9e578dace13af ,439186180612 ,0.012329102 ,0.41644287 ,-0.89923096 ,3 ,Acc ,15
3dd9e578dace13af ,439307099883 ,-0.10900879 ,0.40545654 ,-0.89294434 ,3 ,Acc ,15
3dd9e578dace13af ,439324391394 ,9.256836 ,1.7716827 ,-1.0435944 ,0 ,Acc ,10
3dd9e578dace13af ,439405855612 ,-0.15570068 ,0.27044678 ,-0.9227905 ,3 ,Acc ,15
3dd9e578dace13af ,439507568425 ,-0.16412354 ,0.072143555 ,-0.9412842 ,3 ,Acc ,15
3dd9e578dace13af ,439626374362 ,-0.11273193 ,-0.055419922 ,-0.95666504 ,3 ,Acc ,15
3dd9e578dace13af ,439726103946 ,-0.025878906 ,-0.09539795 ,-0.970459 ,3 ,Acc ,15
3dd9e578dace13af ,439826753685 ,0.04071045 ,-0.09777832 ,-0.9650879 ,3 ,Acc ,15
3dd9e578dace13af ,439926254414 ,0.077697754 ,-0.17694092 ,-0.94281006 ,3 ,Acc ,15
3dd9e578dace13af ,440027025352 ,0.0635376 ,-0.25671387 ,-0.91674805 ,3 ,Acc ,15
3dd9e578dace13af ,440147186289 ,0.06329346 ,-0.41107178 ,-0.84576416 ,3 ,Acc ,15
3dd9e578dace13af ,440267141133 ,0.03930664 ,-0.52142334 ,-0.73883057 ,3 ,Acc ,15
3dd9e578dace13af ,440387491445 ,-0.02142334 ,-0.6207886 ,-0.5593872 ,3 ,Acc ,15
3dd9e578dace13af ,440508423581 ,-0.06506348 ,-0.68829346 ,-0.39239502 ,3 ,Acc ,15
3dd9e578dace13af ,440627684987 ,-0.0847168 ,-0.7349243 ,-0.33050537 ,3 ,Acc ,15
3dd9e578dace13af ,440727174518 ,-0.08319092 ,-0.7657471 ,-0.39001465 ,3 ,Acc ,15
3dd9e578dace13af ,440827933685 ,-0.05419922 ,-0.8139038 ,-0.44433594 ,3 ,Acc ,15
3dd9e578dace13af ,440927346601 ,-0.010070801 ,-0.8442383 ,-0.45141602 ,3 ,Acc ,15
3dd9e578dace13af ,441028138008 ,-0.016845703 ,-0.8531494 ,-0.44750977 ,3 ,Acc ,15
3dd9e578dace13af ,441148159622 ,0.028015137 ,-0.8648071 ,-0.40789795 ,3 ,Acc ,15
3dd9e578dace13af ,441268307122 ,-0.008117676 ,-0.8057251 ,-0.41589355 ,3 ,Acc ,15
3dd9e578dace13af ,441388337330 ,-0.11248779 ,-0.7564087 ,-0.34143066 ,3 ,Acc ,15
3dd9e578dace13af ,441511146289 ,-0.18469238 ,-0.7140503 ,-0.27197266 ,3 ,Acc ,15
3dd9e578dace13af ,441628683997 ,-0.21759033 ,-0.7258301 ,-0.30700684 ,3 ,Acc ,15
3dd9e578dace13af ,441728228320 ,-0.20532227 ,-0.7595825 ,-0.38830566 ,3 ,Acc ,15
3dd9e578dace13af ,441829782330 ,-0.1749878 ,-0.80700684 ,-0.34417725 ,3 ,Acc ,15
3dd9e578dace13af ,441949545820 ,-0.16064453 ,-0.8434448 ,-0.2567749 ,3 ,Acc ,15
3dd9e578dace13af ,442069725143 ,-0.115112305 ,-0.8574219 ,-0.24334717 ,3 ,Acc ,15
3dd9e578dace13af ,442189738580 ,-0.10394287 ,-0.7750244 ,-0.44488525 ,3 ,Acc ,15
3dd9e578dace13af ,442310980038 ,-0.082092285 ,-0.83166504 ,-0.38842773 ,3 ,Acc ,15
3dd9e578dace13af ,442327598215 ,-0.41789246 ,-9.35936 ,5.8047333 ,0 ,Acc ,10
3dd9e578dace13af ,442430149361 ,-0.08276367 ,-0.8674927 ,-0.3102417 ,3 ,Acc ,15
3dd9e578dace13af ,442529129934 ,-0.113220215 ,-0.84381104 ,-0.37548828 ,3 ,Acc ,15
3dd9e578dace13af ,442649212851 ,-0.097717285 ,-0.85498047 ,-0.37475586 ,3 ,Acc ,15
3dd9e578dace13af ,442750367017 ,-0.09729004 ,-0.85040283 ,-0.3104248 ,3 ,Acc ,15
3dd9e578dace13af ,442870604049 ,-0.13946533 ,-0.78900146 ,-0.27941895 ,3 ,Acc ,15
3dd9e578dace13af ,442990104257 ,-0.15216064 ,-0.7474365 ,-0.23822021 ,3 ,Acc ,15
3dd9e578dace13af ,443111840455 ,-0.13482666 ,-0.72998047 ,-0.28051758 ,3 ,Acc ,15
3dd9e578dace13af ,443232711601 ,-0.14959717 ,-0.7383423 ,-0.40252686 ,3 ,Acc ,15
3dd9e578dace13af ,443351109257 ,-0.09240723 ,-0.82788086 ,-0.3717041 ,3 ,Acc ,15
3dd9e578dace13af ,443471055663 ,-0.1048584 ,-0.84503174 ,-0.40856934 ,3 ,Acc ,15
3dd9e578dace13af ,443570131027 ,-0.10559082 ,-0.85821533 ,-0.41052246 ,3 ,Acc ,15
3dd9e578dace13af ,443671397069 ,-0.11468506 ,-0.8687744 ,-0.3708496 ,3 ,Acc ,15
3dd9e578dace13af ,443791474673 ,-0.09716797 ,-0.8722534 ,-0.26275635 ,3 ,Acc ,15
3dd9e578dace13af ,443912596236 ,-0.13684082 ,-0.8092041 ,-0.24841309 ,3 ,Acc ,15
3dd9e578dace13af ,444031624673 ,-0.17456055 ,-0.7427368 ,-0.23425293 ,3 ,Acc ,15
3dd9e578dace13af ,444151594413 ,-0.21307373 ,-0.6973877 ,-0.3209839 ,3 ,Acc ,15
3dd9e578dace13af ,444271452381 ,-0.1875 ,-0.77404785 ,-0.32281494 ,3 ,Acc ,15
3dd9e578dace13af ,444391754360 ,-0.15893555 ,-0.862854 ,-0.27087402 ,3 ,Acc ,15
3dd9e578dace13af ,444512653840 ,-0.17840576 ,-0.8671875 ,-0.35784912 ,3 ,Acc ,15
3dd9e578dace13af ,444612856444 ,-0.12023926 ,-0.92041016 ,-0.25231934 ,3 ,Acc ,15
3dd9e578dace13af ,444712949465 ,-0.13897705 ,-0.89282227 ,-0.24871826 ,3 ,Acc ,15
3dd9e578dace13af ,444832090871 ,-0.17279053 ,-0.8086548 ,-0.26434326 ,3 ,Acc ,15
3dd9e578dace13af ,444931564308 ,-0.19787598 ,-0.7434082 ,-0.25646973 ,3 ,Acc ,15
3dd9e578dace13af ,445032406964 ,-0.20904541 ,-0.68151855 ,-0.28948975 ,3 ,Acc ,15
3dd9e578dace13af ,445152478944 ,-0.24975586 ,-0.6793823 ,-0.3590088 ,3 ,Acc ,15
3dd9e578dace13af ,445274334152 ,-0.19744873 ,-0.7937012 ,-0.29711914 ,3 ,Acc ,15
3dd9e578dace13af ,445330960766 ,-1.1244202 ,-2.5464783 ,6.0046387 ,0 ,Acc ,10
3dd9e578dace13af ,445392818006 ,-0.20672607 ,-0.78302 ,-0.44763184 ,3 ,Acc ,15
3dd9e578dace13af ,445513937537 ,-0.16949463 ,-0.8116455 ,-0.4515381 ,3 ,Acc ,15
3dd9e578dace13af ,445635253527 ,-0.18811035 ,-0.8154907 ,-0.38500977 ,3 ,Acc ,15
3dd9e578dace13af ,445753137641 ,-0.1918335 ,-0.78985596 ,-0.29919434 ,3 ,Acc ,15
3dd9e578dace13af ,445854066808 ,-0.23919678 ,-0.72735596 ,-0.28363037 ,3 ,Acc ,15
3dd9e578dace13af ,445953210297 ,-0.28814697 ,-0.66015625 ,-0.31878662 ,3 ,Acc ,15
3dd9e578dace13af ,446073600141 ,-0.28289795 ,-0.7093506 ,-0.3673706 ,3 ,Acc ,15
3dd9e578dace13af ,446174934672 ,-0.2241211 ,-0.8151245 ,-0.29870605 ,3 ,Acc ,15
3dd9e578dace13af ,446293214047 ,-0.21313477 ,-0.8607788 ,-0.30926514 ,3 ,Acc ,15
3dd9e578dace13af ,446393976964 ,-0.20758057 ,-0.8895874 ,-0.2942505 ,3 ,Acc ,15
3dd9e578dace13af ,446493389985 ,-0.20245361 ,-0.89660645 ,-0.23236084 ,3 ,Acc ,15
3dd9e578dace13af ,446594057589 ,-0.23236084 ,-0.8421631 ,-0.215271 ,3 ,Acc ,15
3dd9e578dace13af ,446693637328 ,-0.2878418 ,-0.7504883 ,-0.21716309 ,3 ,Acc ,15
3dd9e578dace13af ,446794516182 ,-0.32751465 ,-0.66845703 ,-0.21051025 ,3 ,Acc ,15
3dd9e578dace13af ,446915364412 ,-0.34436035 ,-0.618103 ,-0.2756958 ,3 ,Acc ,15
3dd9e578dace13af ,447034644307 ,-0.3112793 ,-0.71014404 ,-0.3135376 ,3 ,Acc ,15
3dd9e578dace13af ,447156162641 ,-0.24212646 ,-0.81469727 ,-0.30145264 ,3 ,Acc ,15
3dd9e578dace13af ,447274870661 ,-0.24035645 ,-0.84576416 ,-0.35028076 ,3 ,Acc ,15
3dd9e578dace13af ,447374348839 ,-0.21325684 ,-0.88916016 ,-0.2770996 ,3 ,Acc ,15
3dd9e578dace13af ,447474910870 ,-0.24493408 ,-0.86291504 ,-0.25115967 ,3 ,Acc ,15
3dd9e578dace13af ,447576941182 ,-0.28790283 ,-0.7905884 ,-0.23425293 ,3 ,Acc ,15
3dd9e578dace13af ,447694687224 ,-0.359375 ,-0.68182373 ,-0.22265625 ,3 ,Acc ,15
3dd9e578dace13af ,447795355349 ,-0.36499023 ,-0.62939453 ,-0.21398926 ,3 ,Acc ,15
3dd9e578dace13af ,447896541911 ,-0.37768555 ,-0.6168823 ,-0.27838135 ,3 ,Acc ,15
3dd9e578dace13af ,448015032588 ,-0.3326416 ,-0.72558594 ,-0.2868042 ,3 ,Acc ,15
3dd9e578dace13af ,448116620765 ,-0.2850952 ,-0.8018799 ,-0.28552246 ,3 ,Acc ,15
3dd9e578dace13af ,448235922380 ,-0.27954102 ,-0.8366699 ,-0.31585693 ,3 ,Acc ,15
3dd9e578dace13af ,448335420765 ,-0.24810791 ,-0.87664795 ,-0.24694824 ,3 ,Acc ,15
3dd9e578dace13af ,448334169828 ,10.953003 ,-9.257217 ,11.994415 ,0 ,Acc ,10
3dd9e578dace13af ,448436054099 ,-0.2675171 ,-0.85388184 ,-0.20715332 ,3 ,Acc ,15
3dd9e578dace13af ,448556367692 ,-0.3293457 ,-0.75213623 ,-0.18585205 ,3 ,Acc ,15
3dd9e578dace13af ,448676344567 ,-0.41534424 ,-0.6281128 ,-0.16156006 ,3 ,Acc ,15
3dd9e578dace13af ,448796604463 ,-0.4428711 ,-0.5645752 ,-0.21368408 ,3 ,Acc ,15
3dd9e578dace13af ,448917526286 ,-0.4128418 ,-0.6672363 ,-0.2821045 ,3 ,Acc ,15
3dd9e578dace13af ,449036826546 ,-0.2944336 ,-0.8140869 ,-0.21252441 ,3 ,Acc ,15
3dd9e578dace13af ,449136236546 ,-0.30755615 ,-0.83947754 ,-0.27172852 ,3 ,Acc ,15
3dd9e578dace13af ,449236929411 ,-0.28894043 ,-0.87506104 ,-0.21710205 ,3 ,Acc ,15
3dd9e578dace13af ,449336434515 ,-0.29266357 ,-0.8670044 ,-0.16491699 ,3 ,Acc ,15
3dd9e578dace13af ,449437240765 ,-0.30236816 ,-0.8110962 ,-0.1317749 ,3 ,Acc ,15
3dd9e578dace13af ,449557206963 ,-0.39764404 ,-0.6763916 ,-0.15118408 ,3 ,Acc ,15
3dd9e578dace13af ,449677512119 ,-0.46148682 ,-0.56799316 ,-0.123291016 ,3 ,Acc ,15
3dd9e578dace13af ,449797598577 ,-0.46832275 ,-0.57159424 ,-0.17419434 ,3 ,Acc ,15
3dd9e578dace13af ,449897100400 ,-0.4300537 ,-0.68377686 ,-0.20666504 ,3 ,Acc ,15
3dd9e578dace13af ,449997878004 ,-0.3406372 ,-0.8010254 ,-0.1538086 ,3 ,Acc ,15
3dd9e578dace13af ,450097261025 ,-0.32043457 ,-0.857605 ,-0.16986084 ,3 ,Acc ,15
3dd9e578dace13af ,450197986546 ,-0.307312 ,-0.8885498 ,-0.13464355 ,3 ,Acc ,15
3dd9e578dace13af ,450297593681 ,-0.33868408 ,-0.8717041 ,-0.12762451 ,3 ,Acc ,15
3dd9e578dace13af ,450398277483 ,-0.3569336 ,-0.81915283 ,-0.10119629 ,3 ,Acc ,15
3dd9e578dace13af ,450519218212 ,-0.4456787 ,-0.6871948 ,-0.1293335 ,3 ,Acc ,15
3dd9e578dace13af ,450638539879 ,-0.49639893 ,-0.57336426 ,-0.13470459 ,3 ,Acc ,15
3dd9e578dace13af ,450758607900 ,-0.51171875 ,-0.58825684 ,-0.2197876 ,3 ,Acc ,15
3dd9e578dace13af ,450858149150 ,-0.43341064 ,-0.7093506 ,-0.18756104 ,3 ,Acc ,15
3dd9e578dace13af ,450958913681 ,-0.37695313 ,-0.7955322 ,-0.15759277 ,3 ,Acc ,15
3dd9e578dace13af ,451058290660 ,-0.3652954 ,-0.84277344 ,-0.15789795 ,3 ,Acc ,15
3dd9e578dace13af ,451159011910 ,-0.34387207 ,-0.8723755 ,-0.09875488 ,3 ,Acc ,15
3dd9e578dace13af ,451258552275 ,-0.36669922 ,-0.84295654 ,-0.09320068 ,3 ,Acc ,15
3dd9e578dace13af ,451337379618 ,4.9511566 ,-1.0162201 ,6.9734497 ,0 ,Acc ,10
3dd9e578dace13af ,451359353472 ,-0.38208008 ,-0.76519775 ,-0.07611084 ,3 ,Acc ,15
3dd9e578dace13af ,451479310191 ,-0.39715576 ,-0.6390991 ,-0.043273926 ,3 ,Acc ,15
3dd9e578dace13af ,451599525243 ,-0.40771484 ,-0.51586914 ,-0.016296387 ,3 ,Acc ,15
3dd9e578dace13af ,451720580660 ,-0.571167 ,-0.50354004 ,-0.18164063 ,3 ,Acc ,15
3dd9e578dace13af ,451839915451 ,-0.4736328 ,-0.68573 ,-0.21868896 ,3 ,Acc ,15
3dd9e578dace13af ,451959881910 ,-0.37487793 ,-0.82440186 ,-0.16442871 ,3 ,Acc ,15
3dd9e578dace13af ,452059409305 ,-0.39160156 ,-0.8452759 ,-0.15814209 ,3 ,Acc ,15
3dd9e578dace13af ,452160245660 ,-0.40045166 ,-0.8388672 ,-0.12573242 ,3 ,Acc ,15
3dd9e578dace13af ,452280128160 ,-0.4362793 ,-0.763916 ,-0.103881836 ,3 ,Acc ,15
3dd9e578dace13af ,452400373837 ,-0.5272217 ,-0.6057739 ,-0.12243652 ,3 ,Acc ,15
3dd9e578dace13af ,452522714566 ,-0.5698242 ,-0.47601318 ,-0.12054443 ,3 ,Acc ,15
3dd9e578dace13af ,452642509253 ,-0.5936279 ,-0.472229 ,-0.22436523 ,3 ,Acc ,15
3dd9e578dace13af ,452760709722 ,-0.5197754 ,-0.65478516 ,-0.22717285 ,3 ,Acc ,15
3dd9e578dace13af ,452860254357 ,-0.43096924 ,-0.777771 ,-0.1453247 ,3 ,Acc ,15
3dd9e578dace13af ,452960997222 ,-0.442688 ,-0.8161621 ,-0.1640625 ,3 ,Acc ,15
3dd9e578dace13af ,453060888263 ,-0.4378662 ,-0.84069824 ,-0.11853027 ,3 ,Acc ,15
3dd9e578dace13af ,453161259253 ,-0.4574585 ,-0.8180542 ,-0.10131836 ,3 ,Acc ,15
3dd9e578dace13af ,453281388576 ,-0.48657227 ,-0.7293091 ,-0.10925293 ,3 ,Acc ,15
3dd9e578dace13af ,453401320242 ,-0.55285645 ,-0.5831299 ,-0.15350342 ,3 ,Acc ,15
3dd9e578dace13af ,453500993107 ,-0.583374 ,-0.48486328 ,-0.16894531 ,3 ,Acc ,15
3dd9e578dace13af ,453601778784 ,-0.5956421 ,-0.47027588 ,-0.22845459 ,3 ,Acc ,15
3dd9e578dace13af ,453701279565 ,-0.57263184 ,-0.578125 ,-0.24499512 ,3 ,Acc ,15
3dd9e578dace13af ,453801989669 ,-0.4837036 ,-0.7227783 ,-0.15563965 ,3 ,Acc ,15
3dd9e578dace13af ,453901346961 ,-0.4781494 ,-0.7746582 ,-0.15942383 ,3 ,Acc ,15
3dd9e578dace13af ,454002194617 ,-0.5109863 ,-0.7827759 ,-0.17486572 ,3 ,Acc ,15
3dd9e578dace13af ,454123209826 ,-0.4940796 ,-0.7966919 ,-0.11431885 ,3 ,Acc ,15
3dd9e578dace13af ,454242382013 ,-0.53692627 ,-0.7136841 ,-0.14923096 ,3 ,Acc ,15
3dd9e578dace13af ,454340655503 ,-0.42980957 ,1.1741943 ,4.4417114 ,0 ,Acc ,10
3dd9e578dace13af ,454362490555 ,-0.6135864 ,-0.5553589 ,-0.2130127 ,3 ,Acc ,15
3dd9e578dace13af ,454482681440 ,-0.6243286 ,-0.45837402 ,-0.24450684 ,3 ,Acc ,15
3dd9e578dace13af ,454582206440 ,-0.62176514 ,-0.46710205 ,-0.30548096 ,3 ,Acc ,15
3dd9e578dace13af ,454682803732 ,-0.60284424 ,-0.56365967 ,-0.28503418 ,3 ,Acc ,15
3dd9e578dace13af ,454782363367 ,-0.5753174 ,-0.6594238 ,-0.23132324 ,3 ,Acc ,15
3dd9e578dace13af ,454883130711 ,-0.5751953 ,-0.71191406 ,-0.23065186 ,3 ,Acc ,15
3dd9e578dace13af ,454982694617 ,-0.5788574 ,-0.7340698 ,-0.2230835 ,3 ,Acc ,15
3dd9e578dace13af ,455083305190 ,-0.611084 ,-0.6939087 ,-0.27850342 ,3 ,Acc ,15
3dd9e578dace13af ,455203522325 ,-0.6409912 ,-0.5940552 ,-0.35290527 ,3 ,Acc ,15
3dd9e578dace13af ,455324461283 ,-0.6828613 ,-0.42034912 ,-0.42382813 ,3 ,Acc ,15
3dd9e578dace13af ,455443686440 ,-0.6795044 ,-0.3083496 ,-0.42004395 ,3 ,Acc ,15
3dd9e578dace13af ,455543261387 ,-0.6034546 ,-0.36419678 ,-0.5040283 ,3 ,Acc ,15
3dd9e578dace13af ,455643809304 ,-0.59051514 ,-0.48345947 ,-0.5378418 ,3 ,Acc ,15
3dd9e578dace13af ,455743415346 ,-0.54022217 ,-0.652771 ,-0.45654297 ,3 ,Acc ,15
3dd9e578dace13af ,455844121492 ,-0.5678711 ,-0.6628418 ,-0.4498291 ,3 ,Acc ,15
3dd9e578dace13af ,455964161491 ,-0.5994873 ,-0.6668701 ,-0.4192505 ,3 ,Acc ,15
3dd9e578dace13af ,456084429148 ,-0.5932007 ,-0.70306396 ,-0.3484497 ,3 ,Acc ,15
3dd9e578dace13af ,456204388575 ,-0.5991821 ,-0.6373291 ,-0.3743286 ,3 ,Acc ,15
3dd9e578dace13af ,456304208158 ,-0.5812378 ,-0.560791 ,-0.43115234 ,3 ,Acc ,15
3dd9e578dace13af ,456404733106 ,-0.59698486 ,-0.44085693 ,-0.4940796 ,3 ,Acc ,15
3dd9e578dace13af ,456706628939 ,-0.6010132 ,-0.4963379 ,-0.53741455 ,3 ,Acc ,15
3dd9e578dace13af ,456824645710 ,-0.5883179 ,-0.6118164 ,-0.47625732 ,3 ,Acc ,15
3dd9e578dace13af ,456926184564 ,-0.6043091 ,-0.6067505 ,-0.487854 ,3 ,Acc ,15
3dd9e578dace13af ,457045485449 ,-0.6067505 ,-0.62231445 ,-0.463562 ,3 ,Acc ,15
3dd9e578dace13af ,457165515814 ,-0.6268921 ,-0.57476807 ,-0.45373535 ,3 ,Acc ,15
3dd9e578dace13af ,457285690345 ,-0.6677246 ,-0.39501953 ,-0.4263916 ,3 ,Acc ,15
3dd9e578dace13af ,457343885189 ,-0.3070526 ,-0.050079346 ,1.4246674 ,0 ,Acc ,10
3dd9e578dace13af ,457385235449 ,-0.69976807 ,-0.20507813 ,-0.34277344 ,3 ,Acc ,15
3dd9e578dace13af ,457485849668 ,-0.65063477 ,-0.08685303 ,-0.23291016 ,3 ,Acc ,15
3dd9e578dace13af ,457585509980 ,-0.6008301 ,-0.018432617 ,-0.17346191 ,3 ,Acc ,15
3dd9e578dace13af ,457686183678 ,-0.58483887 ,-0.027282715 ,-0.1652832 ,3 ,Acc ,15
3dd9e578dace13af ,457806362480 ,-0.56536865 ,-0.021972656 ,-0.16577148 ,3 ,Acc ,15
3dd9e578dace13af ,457927439564 ,-0.571228 ,-0.012329102 ,-0.17608643 ,3 ,Acc ,15
3dd9e578dace13af ,458046190345 ,-0.57696533 ,0.0020751953 ,-0.15802002 ,3 ,Acc ,15
3dd9e578dace13af ,458166485605 ,-0.5788574 ,0.010986328 ,-0.11834717 ,3 ,Acc ,15
3dd9e578dace13af ,458286433418 ,-0.5857544 ,0.008178711 ,-0.07080078 ,3 ,Acc ,15
3dd9e578dace13af ,458406618001 ,-0.61102295 ,0.033447266 ,-0.012390137 ,3 ,Acc ,15
3dd9e578dace13af ,458506199407 ,-0.61138916 ,0.024902344 ,0.009887695 ,3 ,Acc ,15
3dd9e578dace13af ,458607043209 ,-0.6187134 ,0.031677246 ,0.02355957 ,3 ,Acc ,15
3dd9e578dace13af ,458728292272 ,-0.58721924 ,0.030029297 ,0.023864746 ,3 ,Acc ,15
3dd9e578dace13af ,458847065345 ,-0.57354736 ,0.005065918 ,-0.0064086914 ,3 ,Acc ,15
3dd9e578dace13af ,458946805240 ,-0.5604248 ,-0.0138549805 ,-0.029174805 ,3 ,Acc ,15
3dd9e578dace13af ,459047362011 ,-0.5355835 ,-0.03326416 ,-0.053710938 ,3 ,Acc ,15
3dd9e578dace13af ,459167374251 ,-0.5390625 ,-0.030029297 ,-0.07897949 ,3 ,Acc ,15
3dd9e578dace13af ,459267524771 ,-0.5479126 ,-0.01940918 ,-0.08239746 ,3 ,Acc ,15
3dd9e578dace13af ,459367726074 ,-0.23529053 ,0.105651855 ,-0.010925293 ,3 ,Acc ,15
3dd9e578dace13af ,459467777428 ,-0.24938965 ,0.10131836 ,0.009460449 ,3 ,Acc ,15
3dd9e578dace13af ,459567960553 ,-0.26416016 ,0.095581055 ,0.03491211 ,3 ,Acc ,15
