3dd9e578dace13af ,778374381212 ,-0.014297485 ,-0.018066406 ,-0.022720337 ,0 ,Acc ,10
3dd9e578dace13af ,778492707983 ,-0.074401855 ,-0.33148193 ,0.92089844 ,3 ,Acc ,15
3dd9e578dace13af ,778593403452 ,-0.021911621 ,-0.36108398 ,0.91522217 ,3 ,Acc ,15
3dd9e578dace13af ,778713547514 ,0.13787842 ,-0.371521 ,0.9124756 ,3 ,Acc ,15
3dd9e578dace13af ,778815213504 ,0.30755615 ,-0.29803467 ,0.90252686 ,3 ,Acc ,15
3dd9e578dace13af ,778913706733 ,0.48724365 ,-0.19848633 ,0.8491821 ,3 ,Acc ,15
3dd9e578dace13af ,779039961993 ,0.6213379 ,-0.08087158 ,0.77575684 ,3 ,Acc ,15
3dd9e578dace13af ,779157309337 ,0.67022705 ,-0.07458496 ,0.73651123 ,3 ,Acc ,15
3dd9e578dace13af ,779259458087 ,0.6713867 ,-0.04510498 ,0.73968506 ,3 ,Acc ,15
3dd9e578dace13af ,779360054805 ,0.63079834 ,-0.059692383 ,0.77008057 ,3 ,Acc ,15
3dd9e578dace13af ,779480190899 ,0.55358887 ,-0.07446289 ,0.8145752 ,3 ,Acc ,15
3dd9e578dace13af ,779581273712 ,0.49621582 ,-0.07537842 ,0.8377075 ,3 ,Acc ,15
3dd9e578dace13af ,779699784545 ,0.46380615 ,-0.057861328 ,0.84417725 ,3 ,Acc ,15
3dd9e578dace13af ,779800496107 ,0.48944092 ,-0.06817627 ,0.83776855 ,3 ,Acc ,15
3dd9e578dace13af ,779900118451 ,0.54125977 ,-0.078063965 ,0.82458496 ,3 ,Acc ,15
3dd9e578dace13af ,780000808086 ,0.5864258 ,-0.025512695 ,0.8026123 ,3 ,Acc ,15
3dd9e578dace13af ,780100152722 ,0.60491943 ,-0.0017700195 ,0.79022217 ,3 ,Acc ,15
3dd9e578dace13af ,780200996680 ,0.6154785 ,-0.047302246 ,0.7842407 ,3 ,Acc ,15
3dd9e578dace13af ,780321162409 ,0.62561035 ,-0.09918213 ,0.7729492 ,3 ,Acc ,15
3dd9e578dace13af ,780441228295 ,0.63568115 ,-0.114868164 ,0.76153564 ,3 ,Acc ,15
3dd9e578dace13af ,780561375013 ,0.6281738 ,-0.10992432 ,0.76275635 ,3 ,Acc ,15
3dd9e578dace13af ,780681433034 ,0.578125 ,-0.095947266 ,0.7874756 ,3 ,Acc ,15
3dd9e578dace13af ,780782628711 ,0.5253296 ,-0.12683105 ,0.81018066 ,3 ,Acc ,15
3dd9e578dace13af ,780901049649 ,0.4845581 ,-0.16351318 ,0.81951904 ,3 ,Acc ,15
3dd9e578dace13af ,781001846836 ,0.48828125 ,-0.15826416 ,0.8217163 ,3 ,Acc ,15
3dd9e578dace13af ,781101389701 ,0.5430298 ,-0.15075684 ,0.8118286 ,3 ,Acc ,15
3dd9e578dace13af ,781202053971 ,0.61083984 ,-0.099365234 ,0.77770996 ,3 ,Acc ,15
3dd9e578dace13af ,781322160482 ,0.6563721 ,-0.08087158 ,0.7423096 ,3 ,Acc ,15
3dd9e578dace13af ,781377070794 ,-2.3927612 ,-0.97598267 ,2.3072968 ,0 ,Acc ,10
3dd9e578dace13af ,781437639648 ,0.6804199 ,-0.13146973 ,0.71728516 ,3 ,Acc ,15
3dd9e578dace13af ,781540916888 ,0.6847534 ,-0.16766357 ,0.70562744 ,3 ,Acc ,15
3dd9e578dace13af ,781657534284 ,0.6726074 ,-0.13354492 ,0.7213135 ,3 ,Acc ,15
3dd9e578dace13af ,781762623554 ,0.6192627 ,-0.13519287 ,0.7631836 ,3 ,Acc ,15
3dd9e578dace13af ,781862086054 ,0.5395508 ,-0.1439209 ,0.81463623 ,3 ,Acc ,15
3dd9e578dace13af ,781962863242 ,0.46832275 ,-0.19390869 ,0.8428345 ,3 ,Acc ,15
3dd9e578dace13af ,782083063242 ,0.41888428 ,-0.20678711 ,0.8555908 ,3 ,Acc ,15
3dd9e578dace13af ,782203084440 ,0.44976807 ,-0.20172119 ,0.84710693 ,3 ,Acc ,15
3dd9e578dace13af ,782323312252 ,0.53723145 ,-0.17553711 ,0.80718994 ,3 ,Acc ,15
3dd9e578dace13af ,782443411627 ,0.6095581 ,-0.13800049 ,0.7658081 ,3 ,Acc ,15
3dd9e578dace13af ,782542912773 ,0.66204834 ,-0.118652344 ,0.72595215 ,3 ,Acc ,15
3dd9e578dace13af ,782643636992 ,0.694458 ,-0.07696533 ,0.6953125 ,3 ,Acc ,15
3dd9e578dace13af ,782743053658 ,0.6936035 ,-0.039245605 ,0.6854248 ,3 ,Acc ,15
3dd9e578dace13af ,782843832356 ,0.6447754 ,-0.031066895 ,0.7017212 ,3 ,Acc ,15
3dd9e578dace13af ,782943301939 ,0.5864868 ,-0.022338867 ,0.73150635 ,3 ,Acc ,15
3dd9e578dace13af ,783043984283 ,0.52282715 ,-0.11175537 ,0.76257324 ,3 ,Acc ,15
3dd9e578dace13af ,783164090533 ,0.44708252 ,-0.15600586 ,0.79278564 ,3 ,Acc ,15
3dd9e578dace13af ,783284268502 ,0.45562744 ,-0.20605469 ,0.8017578 ,3 ,Acc ,15
3dd9e578dace13af ,783385382043 ,0.52563477 ,-0.10003662 ,0.7753906 ,3 ,Acc ,15
3dd9e578dace13af ,783484940689 ,0.5742798 ,0.02532959 ,0.72680664 ,3 ,Acc ,15
3dd9e578dace13af ,783585596627 ,0.6427002 ,0.020690918 ,0.68481445 ,3 ,Acc ,15
3dd9e578dace13af ,783685272616 ,0.68151855 ,0.06628418 ,0.63586426 ,3 ,Acc ,15
3dd9e578dace13af ,783785817929 ,0.6917114 ,0.12231445 ,0.6008911 ,3 ,Acc ,15
3dd9e578dace13af ,783885402981 ,0.65802 ,0.12646484 ,0.61621094 ,3 ,Acc ,15
3dd9e578dace13af ,784005544647 ,0.5529175 ,0.125 ,0.6680298 ,3 ,Acc ,15
3dd9e578dace13af ,784380047720 ,-0.06271362 ,3.197174 ,0.7770233 ,0 ,Acc ,10
3dd9e578dace13af ,784461378397 ,0.5673218 ,-0.076416016 ,0.69299316 ,3 ,Acc ,15
3dd9e578dace13af ,784583200168 ,0.6420288 ,0.03729248 ,0.6604614 ,3 ,Acc ,15
3dd9e578dace13af ,784704900533 ,0.6934204 ,0.0770874 ,0.6170044 ,3 ,Acc ,15
3dd9e578dace13af ,784805562355 ,0.69921875 ,0.101379395 ,0.5979614 ,3 ,Acc ,15
3dd9e578dace13af ,784905421157 ,0.66729736 ,0.05255127 ,0.6231079 ,3 ,Acc ,15
3dd9e578dace13af ,785006601991 ,0.583313 ,0.013183594 ,0.6611328 ,3 ,Acc ,15
3dd9e578dace13af ,785126724178 ,0.5184326 ,-0.11053467 ,0.6722412 ,3 ,Acc ,15
3dd9e578dace13af ,785246960428 ,0.46081543 ,-0.16809082 ,0.68756104 ,3 ,Acc ,15
3dd9e578dace13af ,785366934855 ,0.52246094 ,-0.20526123 ,0.68981934 ,3 ,Acc ,15
3dd9e578dace13af ,785486838553 ,0.5734863 ,-0.041809082 ,0.6687622 ,3 ,Acc ,15
3dd9e578dace13af ,785587645845 ,0.6279907 ,0.013366699 ,0.63934326 ,3 ,Acc ,15
3dd9e578dace13af ,785686961001 ,0.67822266 ,0.036499023 ,0.61169434 ,3 ,Acc ,15
3dd9e578dace13af ,785787993813 ,0.6782837 ,0.12084961 ,0.5767212 ,3 ,Acc ,15
3dd9e578dace13af ,785906533917 ,0.6378174 ,0.1204834 ,0.5703125 ,3 ,Acc ,15
3dd9e578dace13af ,786006240324 ,0.5651245 ,0.06530762 ,0.59851074 ,3 ,Acc ,15
3dd9e578dace13af ,786127347199 ,0.49743652 ,-0.053771973 ,0.6121216 ,3 ,Acc ,15
3dd9e578dace13af ,786246950428 ,0.45544434 ,-0.14935303 ,0.6109619 ,3 ,Acc ,15
3dd9e578dace13af ,786367685428 ,0.51794434 ,-0.16619873 ,0.62402344 ,3 ,Acc ,15
3dd9e578dace13af ,786487034803 ,0.5505371 ,0.01739502 ,0.6039429 ,3 ,Acc ,15
3dd9e578dace13af ,786608137407 ,0.59802246 ,0.09124756 ,0.56207275 ,3 ,Acc ,15
3dd9e578dace13af ,786728073605 ,0.6732788 ,0.07434082 ,0.52770996 ,3 ,Acc ,15
3dd9e578dace13af ,786848107407 ,0.66485596 ,0.11859131 ,0.5153198 ,3 ,Acc ,15
3dd9e578dace13af ,786968214386 ,0.604187 ,0.1270752 ,0.5157471 ,3 ,Acc ,15
3dd9e578dace13af ,787088478344 ,0.53302 ,0.057861328 ,0.5470581 ,3 ,Acc ,15
3dd9e578dace13af ,787188784907 ,0.50946045 ,-0.048950195 ,0.55578613 ,3 ,Acc ,15
3dd9e578dace13af ,787288781365 ,0.4857788 ,-0.12683105 ,0.5638428 ,3 ,Acc ,15
3dd9e578dace13af ,787389517927 ,0.539978 ,-0.17712402 ,0.5739136 ,3 ,Acc ,15
3dd9e578dace13af ,787386191625 ,6.0131073 ,3.4963837 ,-3.1316986 ,0 ,Acc ,10
3dd9e578dace13af ,787505965063 ,0.5673218 ,-0.020202637 ,0.56481934 ,3 ,Acc ,15
3dd9e578dace13af ,787628367094 ,0.60284424 ,0.08093262 ,0.52337646 ,3 ,Acc ,15
3dd9e578dace13af ,787729065323 ,0.6452637 ,0.10601807 ,0.49328613 ,3 ,Acc ,15
3dd9e578dace13af ,787843264229 ,0.66400146 ,0.13043213 ,0.46270752 ,3 ,Acc ,15
3dd9e578dace13af ,787948699750 ,0.6298828 ,0.120910645 ,0.46380615 ,3 ,Acc ,15
3dd9e578dace13af ,788049357094 ,0.5730591 ,0.06500244 ,0.5095825 ,3 ,Acc ,15
3dd9e578dace13af ,788148925792 ,0.56689453 ,-0.0847168 ,0.54125977 ,3 ,Acc ,15
3dd9e578dace13af ,788267453864 ,0.526001 ,-0.18640137 ,0.5494995 ,3 ,Acc ,15
3dd9e578dace13af ,788369773812 ,0.5488281 ,-0.22106934 ,0.55944824 ,3 ,Acc ,15
3dd9e578dace13af ,788489910062 ,0.5819092 ,-0.07989502 ,0.55181885 ,3 ,Acc ,15
3dd9e578dace13af ,788590993187 ,0.6104126 ,3.0517578E-4 ,0.52770996 ,3 ,Acc ,15
3dd9e578dace13af ,788709590218 ,0.69281006 ,-9.765625E-4 ,0.50079346 ,3 ,Acc ,15
3dd9e578dace13af ,788810213343 ,0.6873779 ,0.08770752 ,0.47180176 ,3 ,Acc ,15
3dd9e578dace13af ,788930349229 ,0.6489868 ,0.078063965 ,0.45373535 ,3 ,Acc ,15
3dd9e578dace13af ,789029921781 ,0.58380127 ,0.016174316 ,0.4696045 ,3 ,Acc ,15
3dd9e578dace13af ,789130615375 ,0.5213623 ,-0.06744385 ,0.48614502 ,3 ,Acc ,15
3dd9e578dace13af ,789230028291 ,0.46594238 ,-0.14630127 ,0.48468018 ,3 ,Acc ,15
3dd9e578dace13af ,789330577562 ,0.4343872 ,-0.19110107 ,0.49017334 ,3 ,Acc ,15
3dd9e578dace13af ,789430389645 ,0.48309326 ,-0.20239258 ,0.49279785 ,3 ,Acc ,15
3dd9e578dace13af ,789531071677 ,0.5309448 ,-0.10394287 ,0.48840332 ,3 ,Acc ,15
3dd9e578dace13af ,789651171051 ,0.56469727 ,0.019226074 ,0.46636963 ,3 ,Acc ,15
3dd9e578dace13af ,789771289020 ,0.635437 ,0.08911133 ,0.4290161 ,3 ,Acc ,15
3dd9e578dace13af ,789891382353 ,0.60809326 ,0.18395996 ,0.38446045 ,3 ,Acc ,15
3dd9e578dace13af ,789991020999 ,0.5722656 ,0.14251709 ,0.3890381 ,3 ,Acc ,15
3dd9e578dace13af ,790091035010 ,0.5083618 ,0.045410156 ,0.42834473 ,3 ,Acc ,15
3dd9e578dace13af ,790191235739 ,0.48901367 ,-0.10571289 ,0.43884277 ,3 ,Acc ,15
3dd9e578dace13af ,790291879176 ,0.45458984 ,-0.2088623 ,0.43572998 ,3 ,Acc ,15
3dd9e578dace13af ,790393019697 ,0.49731445 ,-0.25836182 ,0.440979 ,3 ,Acc ,15
3dd9e578dace13af ,790389706051 ,10.391632 ,6.5619354 ,-5.0161133 ,0 ,Acc ,10
3dd9e578dace13af ,790511946884 ,0.55078125 ,-0.105285645 ,0.4487915 ,3 ,Acc ,15
3dd9e578dace13af ,790612197509 ,0.49523926 ,0.1015625 ,0.4124756 ,3 ,Acc ,15
3dd9e578dace13af ,790732298968 ,0.55249023 ,0.15545654 ,0.35583496 ,3 ,Acc ,15
3dd9e578dace13af ,790847519749 ,0.58599854 ,0.16455078 ,0.34197998 ,3 ,Acc ,15
3dd9e578dace13af ,790951997197 ,0.55944824 ,0.13494873 ,0.3517456 ,3 ,Acc ,15
3dd9e578dace13af ,791052647926 ,0.48754883 ,0.06726074 ,0.37683105 ,3 ,Acc ,15
3dd9e578dace13af ,791152305634 ,0.48010254 ,-0.07385254 ,0.40405273 ,3 ,Acc ,15
3dd9e578dace13af ,791252891363 ,0.45758057 ,-0.20349121 ,0.3977661 ,3 ,Acc ,15
3dd9e578dace13af ,791373042301 ,0.4564209 ,-0.25823975 ,0.40667725 ,3 ,Acc ,15
3dd9e578dace13af ,791493185270 ,0.55682373 ,-0.19665527 ,0.4185791 ,3 ,Acc ,15
3dd9e578dace13af ,791594429436 ,0.5787964 ,-0.048706055 ,0.416687 ,3 ,Acc ,15
3dd9e578dace13af ,791712779176 ,0.6477051 ,0.036865234 ,0.38043213 ,3 ,Acc ,15
3dd9e578dace13af ,791813586571 ,0.6502075 ,0.118652344 ,0.35101318 ,3 ,Acc ,15
3dd9e578dace13af ,791913111207 ,0.6524658 ,0.108947754 ,0.33935547 ,3 ,Acc ,15
3dd9e578dace13af ,792013738082 ,0.6179199 ,0.03125 ,0.34649658 ,3 ,Acc ,15
3dd9e578dace13af ,792113183603 ,0.54003906 ,-0.07043457 ,0.38653564 ,3 ,Acc ,15
3dd9e578dace13af ,792213966623 ,0.5128784 ,-0.21307373 ,0.3821411 ,3 ,Acc ,15
3dd9e578dace13af ,792334057821 ,0.46606445 ,-0.31884766 ,0.36889648 ,3 ,Acc ,15
3dd9e578dace13af ,792454242613 ,0.5585327 ,-0.30194092 ,0.37243652 ,3 ,Acc ,15
3dd9e578dace13af ,792574349123 ,0.58392334 ,-0.099609375 ,0.3704834 ,3 ,Acc ,15
3dd9e578dace13af ,792694433759 ,0.6390991 ,0.0211792 ,0.33947754 ,3 ,Acc ,15
3dd9e578dace13af ,792814678915 ,0.651001 ,0.10083008 ,0.30010986 ,3 ,Acc ,15
3dd9e578dace13af ,792914137977 ,0.6380615 ,0.10723877 ,0.28381348 ,3 ,Acc ,15
3dd9e578dace13af ,793014782196 ,0.6021118 ,0.04119873 ,0.2947998 ,3 ,Acc ,15
3dd9e578dace13af ,793114379436 ,0.53967285 ,-0.06689453 ,0.33428955 ,3 ,Acc ,15
3dd9e578dace13af ,793214986363 ,0.5371704 ,-0.2220459 ,0.32019043 ,3 ,Acc ,15
3dd9e578dace13af ,793335115633 ,0.49499512 ,-0.31982422 ,0.319458 ,3 ,Acc ,15
3dd9e578dace13af ,793390848342 ,12.439148 ,7.320389 ,-3.9684753 ,0 ,Acc ,10
3dd9e578dace13af ,793450517144 ,0.5767822 ,-0.30908203 ,0.3255005 ,3 ,Acc ,15
3dd9e578dace13af ,793553575060 ,0.5739746 ,-0.13775635 ,0.32989502 ,3 ,Acc ,15
3dd9e578dace13af ,793655519019 ,0.5855713 ,-0.020446777 ,0.31188965 ,3 ,Acc ,15
3dd9e578dace13af ,793755079019 ,0.6477051 ,0.028198242 ,0.27124023 ,3 ,Acc ,15
3dd9e578dace13af ,793855994123 ,0.61883545 ,0.10668945 ,0.23474121 ,3 ,Acc ,15
3dd9e578dace13af ,793975831154 ,0.57373047 ,0.078308105 ,0.24810791 ,3 ,Acc ,15
3dd9e578dace13af ,794090821883 ,0.53686523 ,-0.078186035 ,0.3040161 ,3 ,Acc ,15
3dd9e578dace13af ,794195426518 ,0.539917 ,-0.24487305 ,0.29730225 ,3 ,Acc ,15
3dd9e578dace13af ,794315653289 ,0.4854126 ,-0.35150146 ,0.2819214 ,3 ,Acc ,15
3dd9e578dace13af ,794416289279 ,0.52911377 ,-0.35925293 ,0.28619385 ,3 ,Acc ,15
3dd9e578dace13af ,794515957300 ,0.6019287 ,-0.2399292 ,0.29504395 ,3 ,Acc ,15
3dd9e578dace13af ,794635999591 ,0.60894775 ,-0.06286621 ,0.29052734 ,3 ,Acc ,15
3dd9e578dace13af ,794756064643 ,0.67736816 ,0.0057373047 ,0.25512695 ,3 ,Acc ,15
3dd9e578dace13af ,794870601935 ,0.6386719 ,0.082458496 ,0.22949219 ,3 ,Acc ,15
3dd9e578dace13af ,794976976518 ,0.5910034 ,0.04663086 ,0.21942139 ,3 ,Acc ,15
3dd9e578dace13af ,795097149747 ,0.5388794 ,-0.08709717 ,0.2515869 ,3 ,Acc ,15
3dd9e578dace13af ,795201968133 ,0.539917 ,-0.24151611 ,0.2411499 ,3 ,Acc ,15
3dd9e578dace13af ,795316028185 ,0.5040283 ,-0.36218262 ,0.22235107 ,3 ,Acc ,15
3dd9e578dace13af ,795416976570 ,0.55596924 ,-0.37145996 ,0.23309326 ,3 ,Acc ,15
3dd9e578dace13af ,795516973289 ,0.6178589 ,-0.24517822 ,0.25183105 ,3 ,Acc ,15
3dd9e578dace13af ,795616971935 ,0.625 ,-0.08557129 ,0.26818848 ,3 ,Acc ,15
3dd9e578dace13af ,795716978132 ,0.6754761 ,-0.023132324 ,0.24743652 ,3 ,Acc ,15
3dd9e578dace13af ,795816979695 ,0.6789551 ,0.018066406 ,0.22595215 ,3 ,Acc ,15
3dd9e578dace13af ,795916977403 ,0.6435547 ,0.027709961 ,0.21350098 ,3 ,Acc ,15
3dd9e578dace13af ,796017851205 ,0.61724854 ,-0.06262207 ,0.19580078 ,3 ,Acc ,15
3dd9e578dace13af ,796116977091 ,0.5626831 ,-0.19268799 ,0.2053833 ,3 ,Acc ,15
3dd9e578dace13af ,796238413549 ,0.5328369 ,-0.3352661 ,0.18231201 ,3 ,Acc ,15
3dd9e578dace13af ,796356771101 ,0.5142212 ,-0.39575195 ,0.18444824 ,3 ,Acc ,15
3dd9e578dace13af ,796395222663 ,13.179245 ,6.79924 ,-1.8494415 ,0 ,Acc ,10
3dd9e578dace13af ,796472256101 ,0.6241455 ,-0.3163452 ,0.20678711 ,3 ,Acc ,15
3dd9e578dace13af ,796578692090 ,0.61883545 ,-0.13543701 ,0.22216797 ,3 ,Acc ,15
3dd9e578dace13af ,796677993809 ,0.62945557 ,-0.041748047 ,0.20251465 ,3 ,Acc ,15
3dd9e578dace13af ,796778921726 ,0.6923218 ,-0.01977539 ,0.16864014 ,3 ,Acc ,15
3dd9e578dace13af ,796899063236 ,0.65411377 ,0.034118652 ,0.14746094 ,3 ,Acc ,15
3dd9e578dace13af ,797014016049 ,0.6090088 ,-0.047973633 ,0.1538086 ,3 ,Acc ,15
3dd9e578dace13af ,797117667507 ,0.5679321 ,-0.18426514 ,0.18707275 ,3 ,Acc ,15
3dd9e578dace13af ,797219388705 ,0.5549927 ,-0.3303833 ,0.18908691 ,3 ,Acc ,15
3dd9e578dace13af ,797339464330 ,0.7160034 ,0.10510254 ,0.60809326 ,3 ,Acc ,15
3dd9e578dace13af ,797459616048 ,0.7359619 ,0.1161499 ,0.6194458 ,3 ,Acc ,15
3dd9e578dace13af ,797559099590 ,0.7832031 ,0.2467041 ,0.5512085 ,3 ,Acc ,15
3dd9e578dace13af ,797659857403 ,0.81036377 ,0.36975098 ,0.4368286 ,3 ,Acc ,15
3dd9e578dace13af ,797779949642 ,0.84625244 ,0.37042236 ,0.3805542 ,3 ,Acc ,15
3dd9e578dace13af ,797900156309 ,0.8560791 ,0.41229248 ,0.30255127 ,3 ,Acc ,15
3dd9e578dace13af ,798000421309 ,0.8463745 ,0.3867798 ,0.33972168 ,3 ,Acc ,15
3dd9e578dace13af ,798100434329 ,0.82873535 ,0.2788086 ,0.44854736 ,3 ,Acc ,15
3dd9e578dace13af ,798201423913 ,0.79473877 ,0.1776123 ,0.5181885 ,3 ,Acc ,15
3dd9e578dace13af ,798300738913 ,0.7662964 ,0.09399414 ,0.5429077 ,3 ,Acc ,15
3dd9e578dace13af ,798400754277 ,0.7484131 ,0.053771973 ,0.55163574 ,3 ,Acc ,15
3dd9e578dace13af ,798520158913 ,0.77783203 ,0.10015869 ,0.55444336 ,3 ,Acc ,15
3dd9e578dace13af ,798620974381 ,0.8132324 ,0.24902344 ,0.47705078 ,3 ,Acc ,15
3dd9e578dace13af ,798741028496 ,0.8166504 ,0.38146973 ,0.3486328 ,3 ,Acc ,15
3dd9e578dace13af ,798861161413 ,0.8413696 ,0.3795166 ,0.26531982 ,3 ,Acc ,15
3dd9e578dace13af ,798981309746 ,0.7979126 ,0.40673828 ,0.14593506 ,3 ,Acc ,15
3dd9e578dace13af ,799101482819 ,0.74780273 ,0.40881348 ,0.12579346 ,3 ,Acc ,15
3dd9e578dace13af ,799202535996 ,0.72924805 ,0.39074707 ,0.17108154 ,3 ,Acc ,15
3dd9e578dace13af ,799320999694 ,0.6956787 ,0.3491211 ,0.19873047 ,3 ,Acc ,15
3dd9e578dace13af ,799399506673 ,1.8446808 ,-0.19250488 ,-2.6266785 ,0 ,Acc ,10
3dd9e578dace13af ,799435514381 ,0.65283203 ,0.30340576 ,0.14782715 ,3 ,Acc ,15
3dd9e578dace13af ,799541963964 ,0.60772705 ,0.29431152 ,0.02734375 ,3 ,Acc ,15
3dd9e578dace13af ,799662010006 ,0.50183105 ,0.3040161 ,-0.16119385 ,3 ,Acc ,15
3dd9e578dace13af ,799782147923 ,0.36688232 ,0.3024292 ,-0.3340454 ,3 ,Acc ,15
3dd9e578dace13af ,799902291256 ,0.24713135 ,0.29278564 ,-0.45507813 ,3 ,Acc ,15
3dd9e578dace13af ,800017745943 ,0.1798706 ,0.3109131 ,-0.48468018 ,3 ,Acc ,15
3dd9e578dace13af ,800121889172 ,0.13195801 ,0.3340454 ,-0.47375488 ,3 ,Acc ,15
3dd9e578dace13af ,800222656829 ,0.071899414 ,0.35980225 ,-0.45690918 ,3 ,Acc ,15
3dd9e578dace13af ,800336963495 ,-0.08331299 ,0.6213989 ,-0.35113525 ,3 ,Acc ,15
3dd9e578dace13af ,800436459589 ,-0.11401367 ,0.6279297 ,-0.3734131 ,3 ,Acc ,15
3dd9e578dace13af ,800537029745 ,-0.110961914 ,0.62438965 ,-0.4036255 ,3 ,Acc ,15
3dd9e578dace13af ,800636707558 ,-0.09539795 ,0.5827637 ,-0.47711182 ,3 ,Acc ,15
3dd9e578dace13af ,800737388391 ,-0.063964844 ,0.5244751 ,-0.54016113 ,3 ,Acc ,15
3dd9e578dace13af ,800837363599 ,-0.009216309 ,0.49487305 ,-0.56921387 ,3 ,Acc ,15
3dd9e578dace13af ,800937618391 ,-0.0037231445 ,0.46801758 ,-0.5932007 ,3 ,Acc ,15
3dd9e578dace13af ,801043454433 ,-0.0028076172 ,0.48492432 ,-0.56188965 ,3 ,Acc ,15
3dd9e578dace13af ,801143618495 ,-0.04321289 ,0.5536499 ,-0.48132324 ,3 ,Acc ,15
3dd9e578dace13af ,801243585891 ,-0.16790771 ,0.57232666 ,-0.48303223 ,3 ,Acc ,15
3dd9e578dace13af ,801343843339 ,-0.15270996 ,0.6199341 ,-0.4385376 ,3 ,Acc ,15
3dd9e578dace13af ,801458191568 ,-0.12390137 ,0.6670532 ,-0.40075684 ,3 ,Acc ,15
3dd9e578dace13af ,801563866932 ,-0.15887451 ,0.67492676 ,-0.41809082 ,3 ,Acc ,15
3dd9e578dace13af ,801664183911 ,-0.1687622 ,0.63531494 ,-0.47283936 ,3 ,Acc ,15
3dd9e578dace13af ,801764358911 ,-0.14093018 ,0.5496216 ,-0.55029297 ,3 ,Acc ,15
3dd9e578dace13af ,801884226307 ,0.025390625 ,0.5015259 ,-0.57507324 ,3 ,Acc ,15
3dd9e578dace13af ,802006046880 ,0.117004395 ,0.44622803 ,-0.61138916 ,3 ,Acc ,15
3dd9e578dace13af ,802124494380 ,0.13775635 ,0.47546387 ,-0.5623779 ,3 ,Acc ,15
3dd9e578dace13af ,802224844068 ,0.06286621 ,0.57354736 ,-0.4753418 ,3 ,Acc ,15
3dd9e578dace13af ,802324753651 ,-0.09631348 ,0.5927124 ,-0.46899414 ,3 ,Acc ,15
3dd9e578dace13af ,802403164120 ,-0.9315491 ,2.5252228 ,1.0034943 ,0 ,Acc ,10
3dd9e578dace13af ,802421267297 ,8.494628 ,-2.6623523 ,3.3518825 ,3 ,Acc ,1
3dd9e578dace13af ,802439068026 ,-0.09820557 ,0.6538696 ,-0.42388916 ,3 ,Acc ,15
3dd9e578dace13af ,802545269119 ,-0.062072754 ,0.69714355 ,-0.38342285 ,3 ,Acc ,15
3dd9e578dace13af ,802665268026 ,-0.07299805 ,0.6760864 ,-0.42401123 ,3 ,Acc ,15
3dd9e578dace13af ,802785372661 ,-0.056884766 ,0.5699463 ,-0.5429077 ,3 ,Acc ,15
3dd9e578dace13af ,802884940994 ,0.032287598 ,0.49578857 ,-0.59710693 ,3 ,Acc ,15
3dd9e578dace13af ,802985590161 ,0.11578369 ,0.4432373 ,-0.6334839 ,3 ,Acc ,15
3dd9e578dace13af ,803104915942 ,0.15600586 ,0.43060303 ,-0.62127686 ,3 ,Acc ,15
3dd9e578dace13af ,803206849432 ,0.08831787 ,0.5026245 ,-0.58239746 ,3 ,Acc ,15
3dd9e578dace13af ,803325282713 ,-0.08947754 ,0.53027344 ,-0.60076904 ,3 ,Acc ,15
3dd9e578dace13af ,803445537557 ,-0.083862305 ,0.6154175 ,-0.5331421 ,3 ,Acc ,15
3dd9e578dace13af ,803564633546 ,-0.1550293 ,0.6380615 ,-0.52160645 ,3 ,Acc ,15
3dd9e578dace13af ,803666314536 ,-0.18151855 ,0.61883545 ,-0.54907227 ,3 ,Acc ,15
3dd9e578dace13af ,803786454327 ,-0.09692383 ,0.58062744 ,-0.6029663 ,3 ,Acc ,15
3dd9e578dace13af ,803906590994 ,0.04345703 ,0.5239258 ,-0.6555176 ,3 ,Acc ,15
3dd9e578dace13af ,804026650369 ,0.14440918 ,0.47113037 ,-0.6815796 ,3 ,Acc ,15
3dd9e578dace13af ,804126173233 ,-0.18530273 ,0.71777344 ,-0.2874756 ,3 ,Acc ,15
3dd9e578dace13af ,804226978702 ,-0.25323486 ,0.746521 ,-0.19342041 ,3 ,Acc ,15
3dd9e578dace13af ,804347068077 ,-0.40338135 ,0.7654419 ,-0.18835449 ,3 ,Acc ,15
3dd9e578dace13af ,804467232400 ,-0.39813232 ,0.802124 ,-0.09753418 ,3 ,Acc ,15
3dd9e578dace13af ,804587383962 ,-0.4230957 ,0.81469727 ,-0.094177246 ,3 ,Acc ,15
3dd9e578dace13af ,804707468910 ,-0.4072876 ,0.8076782 ,-0.16253662 ,3 ,Acc ,15
3dd9e578dace13af ,804808581098 ,-0.35968018 ,0.77404785 ,-0.2611084 ,3 ,Acc ,15
3dd9e578dace13af ,804927076514 ,-0.21826172 ,0.7539673 ,-0.31793213 ,3 ,Acc ,15
3dd9e578dace13af ,805027808389 ,-0.14910889 ,0.72631836 ,-0.3571167 ,3 ,Acc ,15
3dd9e578dace13af ,805147923806 ,-0.1605835 ,0.7439575 ,-0.25701904 ,3 ,Acc ,15
3dd9e578dace13af ,805268069535 ,-0.3453369 ,0.7686157 ,-0.23217773 ,3 ,Acc ,15
3dd9e578dace13af ,805388136566 ,-0.3795166 ,0.79974365 ,-0.15704346 ,3 ,Acc ,15
3dd9e578dace13af ,805424265577 ,1.2615814 ,-6.5159454 ,9.532806 ,0 ,Acc ,10
3dd9e578dace13af ,805427529952 ,9.3182335 ,-5.45878 ,3.6296098 ,3 ,Acc ,1
3dd9e578dace13af ,805609417400 ,-0.42529297 ,0.8260498 ,-0.14440918 ,3 ,Acc ,15
3dd9e578dace13af ,805727891202 ,-0.37139893 ,0.8154907 ,-0.2208252 ,3 ,Acc ,15
3dd9e578dace13af ,805828685160 ,-0.28778076 ,0.79174805 ,-0.28845215 ,3 ,Acc ,15
3dd9e578dace13af ,805932397243 ,-0.19586182 ,0.77282715 ,-0.3359375 ,3 ,Acc ,15
3dd9e578dace13af ,806048214222 ,-0.15649414 ,0.75115967 ,-0.3355713 ,3 ,Acc ,15
3dd9e578dace13af ,806148998806 ,-0.1899414 ,0.77905273 ,-0.24279785 ,3 ,Acc ,15
3dd9e578dace13af ,806269165316 ,-0.33520508 ,0.79730225 ,-0.2637329 ,3 ,Acc ,15
3dd9e578dace13af ,806389291618 ,-0.35687256 ,0.8305054 ,-0.21728516 ,3 ,Acc ,15
3dd9e578dace13af ,806491454326 ,-0.3737793 ,0.84680176 ,-0.19818115 ,3 ,Acc ,15
3dd9e578dace13af ,806605868701 ,-0.38360596 ,0.8438721 ,-0.22265625 ,3 ,Acc ,15
3dd9e578dace13af ,806709605212 ,-0.34991455 ,0.8232422 ,-0.28985596 ,3 ,Acc ,15
3dd9e578dace13af ,806810727868 ,-0.2649536 ,0.80303955 ,-0.32537842 ,3 ,Acc ,15
3dd9e578dace13af ,806909822503 ,-0.16204834 ,0.79034424 ,-0.34838867 ,3 ,Acc ,15
3dd9e578dace13af ,807011000576 ,-0.109191895 ,0.7705078 ,-0.36297607 ,3 ,Acc ,15
3dd9e578dace13af ,807129566670 ,-0.14849854 ,0.8069458 ,-0.23468018 ,3 ,Acc ,15
3dd9e578dace13af ,807230250055 ,-0.30963135 ,0.8130493 ,-0.24890137 ,3 ,Acc ,15
3dd9e578dace13af ,807350259899 ,-0.34857178 ,0.8359375 ,-0.17138672 ,3 ,Acc ,15
3dd9e578dace13af ,807454018284 ,-0.3595581 ,0.8477783 ,-0.14331055 ,3 ,Acc ,15
3dd9e578dace13af ,807569957347 ,-0.36688232 ,0.8543701 ,-0.16967773 ,3 ,Acc ,15
3dd9e578dace13af ,807987132919 ,-0.13269043 ,0.7825928 ,-0.41644287 ,3 ,Acc ,15
3dd9e578dace13af ,808105480628 ,-0.12194824 ,0.82562256 ,-0.2796631 ,3 ,Acc ,15
3dd9e578dace13af ,808212240263 ,-0.2617798 ,0.82458496 ,-0.3371582 ,3 ,Acc ,15
3dd9e578dace13af ,808330869586 ,-0.30895996 ,0.8543701 ,-0.26965332 ,3 ,Acc ,15
3dd9e578dace13af ,808447773336 ,6.446289 ,-3.9263306 ,12.080475 ,0 ,Acc ,10
3dd9e578dace13af ,808451777919 ,12.861651 ,-5.837064 ,4.596867 ,3 ,Acc ,1
3dd9e578dace13af ,808451054534 ,-0.34448242 ,0.87286377 ,-0.21105957 ,3 ,Acc ,15
3dd9e578dace13af ,808550662242 ,-0.36871338 ,0.8602295 ,-0.27215576 ,3 ,Acc ,15
3dd9e578dace13af ,808651157138 ,-0.32080078 ,0.8446655 ,-0.33709717 ,3 ,Acc ,15
3dd9e578dace13af ,808751905263 ,-0.2175293 ,0.8251343 ,-0.375 ,3 ,Acc ,15
3dd9e578dace13af ,808871957815 ,-0.07861328 ,0.8051758 ,-0.39746094 ,3 ,Acc ,15
3dd9e578dace13af ,808992068961 ,-0.0072021484 ,0.7991333 ,-0.3446045 ,3 ,Acc ,15
3dd9e578dace13af ,809112359742 ,-0.08605957 ,0.84588623 ,-0.25506592 ,3 ,Acc ,15
3dd9e578dace13af ,809213323492 ,-0.24987793 ,0.8516846 ,-0.30718994 ,3 ,Acc ,15
3dd9e578dace13af ,809331785159 ,-0.3026123 ,0.88409424 ,-0.22576904 ,3 ,Acc ,15
3dd9e578dace13af ,809430761617 ,-0.32885742 ,0.8900757 ,-0.21643066 ,3 ,Acc ,15
3dd9e578dace13af ,809532154117 ,-0.31762695 ,0.8878174 ,-0.24737549 ,3 ,Acc ,15
3dd9e578dace13af ,809632810731 ,-0.2597046 ,0.87475586 ,-0.303833 ,3 ,Acc ,15
3dd9e578dace13af ,809747126981 ,-0.13891602 ,0.8442993 ,-0.3562622 ,3 ,Acc ,15
3dd9e578dace13af ,809852490367 ,-0.020446777 ,0.82055664 ,-0.3793335 ,3 ,Acc ,15
3dd9e578dace13af ,809953126617 ,0.037231445 ,0.7965698 ,-0.3812256 ,3 ,Acc ,15
3dd9e578dace13af ,810073302971 ,-0.01751709 ,0.84521484 ,-0.27160645 ,3 ,Acc ,15
3dd9e578dace13af ,810193425314 ,-0.21954346 ,0.86932373 ,-0.276062 ,3 ,Acc ,15
3dd9e578dace13af ,810292917346 ,-0.27331543 ,0.89263916 ,-0.20697021 ,3 ,Acc ,15
3dd9e578dace13af ,810393681252 ,-0.28948975 ,0.90625 ,-0.16833496 ,3 ,Acc ,15
3dd9e578dace13af ,810493184064 ,-0.3059082 ,0.8966675 ,-0.21813965 ,3 ,Acc ,15
3dd9e578dace13af ,810593845835 ,-0.22692871 ,0.8931885 ,-0.27111816 ,3 ,Acc ,15
3dd9e578dace13af ,810693316408 ,-0.10620117 ,0.86505127 ,-0.3404541 ,3 ,Acc ,15
3dd9e578dace13af ,810794092033 ,0.021911621 ,0.83477783 ,-0.3781128 ,3 ,Acc ,15
3dd9e578dace13af ,810914228908 ,-0.063964844 ,0.70306396 ,-0.30749512 ,3 ,Acc ,15
3dd9e578dace13af ,811015367502 ,-0.095581055 ,0.7139282 ,-0.24554443 ,3 ,Acc ,15
3dd9e578dace13af ,811133906981 ,-0.26049805 ,0.7842407 ,-0.16784668 ,3 ,Acc ,15
3dd9e578dace13af ,811234511512 ,-0.3463745 ,0.81396484 ,-0.15405273 ,3 ,Acc ,15
3dd9e578dace13af ,811334008283 ,-0.3430786 ,0.84539795 ,-0.10638428 ,3 ,Acc ,15
3dd9e578dace13af ,811470407606 ,10.881012 ,-6.037689 ,12.113586 ,0 ,Acc ,10
3dd9e578dace13af ,811473718491 ,-0.35546875 ,0.86828613 ,-0.091918945 ,3 ,Acc ,15
3dd9e578dace13af ,811434450001 ,17.506403 ,-5.425261 ,4.6351743 ,3 ,Acc ,1
3dd9e578dace13af ,811594845991 ,-0.31140137 ,0.8376465 ,-0.14550781 ,3 ,Acc ,15
3dd9e578dace13af ,811715048074 ,-0.18127441 ,0.7904663 ,-0.16296387 ,3 ,Acc ,15
3dd9e578dace13af ,811816142866 ,-0.08905029 ,0.7573242 ,-0.23175049 ,3 ,Acc ,15
3dd9e578dace13af ,811934753543 ,-0.06427002 ,0.7319336 ,-0.27282715 ,3 ,Acc ,15
3dd9e578dace13af ,812054827918 ,-0.113220215 ,0.78778076 ,-0.18756104 ,3 ,Acc ,15
3dd9e578dace13af ,812155538803 ,-0.23486328 ,0.8138428 ,-0.20880127 ,3 ,Acc ,15
3dd9e578dace13af ,812255320105 ,-0.22045898 ,0.8450928 ,-0.08709717 ,3 ,Acc ,15
3dd9e578dace13af ,812355800314 ,-0.26672363 ,0.861145 ,-0.038269043 ,3 ,Acc ,15
3dd9e578dace13af ,812475832970 ,-0.32147217 ,0.86187744 ,-0.11138916 ,3 ,Acc ,15
3dd9e578dace13af ,812575434220 ,-0.25494385 ,0.85369873 ,-0.14697266 ,3 ,Acc ,15
3dd9e578dace13af ,812676128074 ,-0.19732666 ,0.8138428 ,-0.22698975 ,3 ,Acc ,15
3dd9e578dace13af ,812790371407 ,-0.08728027 ,0.76953125 ,-0.28857422 ,3 ,Acc ,15
3dd9e578dace13af ,812895783491 ,-0.03881836 ,0.73883057 ,-0.3118286 ,3 ,Acc ,15
3dd9e578dace13af ,812996461095 ,-0.11138916 ,0.74450684 ,-0.29119873 ,3 ,Acc ,15
3dd9e578dace13af ,813116684115 ,-0.19165039 ,0.8218384 ,-0.22564697 ,3 ,Acc ,15
3dd9e578dace13af ,813217712084 ,-0.2668457 ,0.8433838 ,-0.22528076 ,3 ,Acc ,15
3dd9e578dace13af ,813342386563 ,-0.2845459 ,0.8796387 ,-0.16540527 ,3 ,Acc ,15
3dd9e578dace13af ,813456391042 ,-0.28076172 ,0.880188 ,-0.20050049 ,3 ,Acc ,15
3dd9e578dace13af ,813556891563 ,-0.22955322 ,0.8635864 ,-0.23571777 ,3 ,Acc ,15
3dd9e578dace13af ,813677136459 ,-0.13494873 ,0.81933594 ,-0.25830078 ,3 ,Acc ,15
3dd9e578dace13af ,813797252084 ,-1.2207031E-4 ,0.77948 ,-0.262146 ,3 ,Acc ,15
3dd9e578dace13af ,813917382188 ,0.037841797 ,0.7704468 ,-0.21148682 ,3 ,Acc ,15
3dd9e578dace13af ,814018573907 ,-0.06536865 ,0.82177734 ,-0.1541748 ,3 ,Acc ,15
3dd9e578dace13af ,814137037240 ,-0.19610596 ,0.8590698 ,-0.15905762 ,3 ,Acc ,15
3dd9e578dace13af ,814237832032 ,-0.18743896 ,0.89068604 ,-0.092285156 ,3 ,Acc ,15
3dd9e578dace13af ,814357980834 ,-0.20812988 ,0.9048462 ,-0.109069824 ,3 ,Acc ,15
3dd9e578dace13af ,814474703594 ,4.76062 ,-2.022812 ,7.817276 ,0 ,Acc ,10
3dd9e578dace13af ,814478026146 ,-0.16656494 ,0.89172363 ,-0.13079834 ,3 ,Acc ,15
3dd9e578dace13af ,814478757292 ,12.488156 ,-3.1507695 ,1.4652514 ,3 ,Acc ,1
3dd9e578dace13af ,814592341719 ,-0.07067871 ,0.8413086 ,-0.18560791 ,3 ,Acc ,15
3dd9e578dace13af ,814697672084 ,0.032836914 ,0.7930298 ,-0.21228027 ,3 ,Acc ,15
3dd9e578dace13af ,814798366094 ,0.085998535 ,0.75372314 ,-0.21990967 ,3 ,Acc ,15
3dd9e578dace13af ,814918468854 ,0.09613037 ,0.74853516 ,-0.12896729 ,3 ,Acc ,15
3dd9e578dace13af ,815034545104 ,-0.020385742 ,0.82263184 ,-0.09277344 ,3 ,Acc ,15
3dd9e578dace13af ,815157090417 ,-0.08691406 ,0.8748169 ,-0.036193848 ,3 ,Acc ,15
3dd9e578dace13af ,815257182865 ,-0.079711914 ,0.8983154 ,0.028320313 ,3 ,Acc ,15
3dd9e578dace13af ,815358070729 ,-0.08911133 ,0.9135132 ,0.017089844 ,3 ,Acc ,15
3dd9e578dace13af ,815458606510 ,-0.0501709 ,0.8952637 ,0.02911377 ,3 ,Acc ,15
3dd9e578dace13af ,815559267031 ,0.026428223 ,0.8474121 ,-0.0030517578 ,3 ,Acc ,15
3dd9e578dace13af ,815674809739 ,0.14428711 ,0.76690674 ,-0.04937744 ,3 ,Acc ,15
3dd9e578dace13af ,815778861094 ,0.19812012 ,0.7133179 ,-0.095825195 ,3 ,Acc ,15
3dd9e578dace13af ,815879732552 ,0.2140503 ,0.69647217 ,-0.06518555 ,3 ,Acc ,15
3dd9e578dace13af ,815999752396 ,0.17028809 ,0.7515869 ,0.105651855 ,3 ,Acc ,15
3dd9e578dace13af ,816099312500 ,0.030883789 ,0.83154297 ,0.111328125 ,3 ,Acc ,15
3dd9e578dace13af ,816199807239 ,0.038391113 ,0.850647 ,0.17773438 ,3 ,Acc ,15
3dd9e578dace13af ,816299378437 ,0.10247803 ,0.83917236 ,0.26745605 ,3 ,Acc ,15
3dd9e578dace13af ,816400181093 ,0.09277344 ,0.85998535 ,0.24914551 ,3 ,Acc ,15
3dd9e578dace13af ,816520251614 ,0.108947754 ,0.8513794 ,0.17822266 ,3 ,Acc ,15
3dd9e578dace13af ,816621356614 ,0.14868164 ,0.8010254 ,0.09039307 ,3 ,Acc ,15
3dd9e578dace13af ,816739950989 ,0.17749023 ,0.70269775 ,-0.06793213 ,3 ,Acc ,15
3dd9e578dace13af ,816841061302 ,0.2689209 ,0.58532715 ,-0.20593262 ,3 ,Acc ,15
3dd9e578dace13af ,816962624010 ,0.3883667 ,0.44384766 ,-0.35650635 ,3 ,Acc ,15
3dd9e578dace13af ,817080893749 ,0.4298706 ,0.37670898 ,-0.41644287 ,3 ,Acc ,15
3dd9e578dace13af ,817202902708 ,0.4052124 ,0.34643555 ,-0.42010498 ,3 ,Acc ,15
3dd9e578dace13af ,817321163020 ,0.40112305 ,0.3262329 ,-0.40924072 ,3 ,Acc ,15
3dd9e578dace13af ,817422232551 ,0.38568115 ,0.31811523 ,-0.4215088 ,3 ,Acc ,15
3dd9e578dace13af ,817478063020 ,-4.0898438 ,3.686966 ,3.4292908 ,0 ,Acc ,10
3dd9e578dace13af ,817496868958 ,-2.3942018 ,-4.903325 ,8.949526 ,3 ,Acc ,1
3dd9e578dace13af ,817536549687 ,0.397583 ,0.305542 ,-0.44244385 ,3 ,Acc ,15
3dd9e578dace13af ,817641799843 ,0.4421997 ,0.31713867 ,-0.45135498 ,3 ,Acc ,15
3dd9e578dace13af ,817740982291 ,0.4758911 ,0.34155273 ,-0.48205566 ,3 ,Acc ,15
3dd9e578dace13af ,817861178176 ,0.47235107 ,0.36566162 ,-0.52490234 ,3 ,Acc ,15
3dd9e578dace13af ,817962149582 ,0.47546387 ,0.38781738 ,-0.53759766 ,3 ,Acc ,15
3dd9e578dace13af ,818079236770 ,0.45721436 ,0.39019775 ,-0.55462646 ,3 ,Acc ,15
3dd9e578dace13af ,818179203228 ,0.43328857 ,0.38104248 ,-0.5471802 ,3 ,Acc ,15
3dd9e578dace13af ,818282632863 ,0.43377686 ,0.38702393 ,-0.5120239 ,3 ,Acc ,15
3dd9e578dace13af ,818400792968 ,0.42132568 ,0.3538208 ,-0.5043335 ,3 ,Acc ,15
3dd9e578dace13af ,818501793957 ,0.3170166 ,0.13537598 ,-0.59002686 ,3 ,Acc ,15
3dd9e578dace13af ,818602771718 ,0.31420898 ,0.13183594 ,-0.58929443 ,3 ,Acc ,15
3dd9e578dace13af ,818723131978 ,0.31658936 ,0.123046875 ,-0.6121826 ,3 ,Acc ,15
3dd9e578dace13af ,818843087863 ,0.33605957 ,0.14001465 ,-0.6464844 ,3 ,Acc ,15
