3dd9e578dace13af ,1540493710915 ,0.036361694 ,0.07022095 ,-0.109817505 ,0 ,Acc ,10
3dd9e578dace13af ,1540616410602 ,-0.27557373 ,-0.22381592 ,0.78009033 ,3 ,Acc ,15
3dd9e578dace13af ,1540735688206 ,-0.234375 ,-0.32019043 ,0.762146 ,3 ,Acc ,15
3dd9e578dace13af ,1540855782373 ,-0.16503906 ,-0.4099121 ,0.71813965 ,3 ,Acc ,15
3dd9e578dace13af ,1540957518310 ,-0.049804688 ,-0.44226074 ,0.65753174 ,3 ,Acc ,15
3dd9e578dace13af ,1541061884144 ,0.07147217 ,-0.50512695 ,0.48602295 ,3 ,Acc ,15
3dd9e578dace13af ,1541179157217 ,0.2131958 ,-0.55718994 ,0.30480957 ,3 ,Acc ,15
3dd9e578dace13af ,1541281606331 ,0.1852417 ,-0.5689087 ,0.27734375 ,3 ,Acc ,15
3dd9e578dace13af ,1541401672477 ,0.08807373 ,-0.5795288 ,0.2626953 ,3 ,Acc ,15
3dd9e578dace13af ,1541501532425 ,0.10430908 ,-0.5755615 ,0.31079102 ,3 ,Acc ,15
3dd9e578dace13af ,1541601979456 ,0.09637451 ,-0.5667114 ,0.40100098 ,3 ,Acc ,15
3dd9e578dace13af ,1541721983623 ,0.032165527 ,-0.51971436 ,0.53790283 ,3 ,Acc ,15
3dd9e578dace13af ,1541842197529 ,-0.015930176 ,-0.45581055 ,0.64312744 ,3 ,Acc ,15
3dd9e578dace13af ,1541942885445 ,-0.037963867 ,-0.4284668 ,0.6705322 ,3 ,Acc ,15
3dd9e578dace13af ,1542063056591 ,-0.06951904 ,-0.47857666 ,0.5778198 ,3 ,Acc ,15
3dd9e578dace13af ,1542181757112 ,0.08428955 ,-0.5282593 ,0.4545288 ,3 ,Acc ,15
3dd9e578dace13af ,1542282699404 ,0.14068604 ,-0.5527954 ,0.4241333 ,3 ,Acc ,15
3dd9e578dace13af ,1542383328518 ,-0.0053100586 ,-0.62628174 ,0.3408203 ,3 ,Acc ,15
3dd9e578dace13af ,1542482949820 ,-0.03765869 ,-0.6605835 ,0.309021 ,3 ,Acc ,15
3dd9e578dace13af ,1542582946904 ,-0.0446167 ,-0.69903564 ,0.28253174 ,3 ,Acc ,15
3dd9e578dace13af ,1542682950393 ,0.09613037 ,-0.609375 ,0.4119873 ,3 ,Acc ,15
3dd9e578dace13af ,1542782937372 ,0.037231445 ,-0.5171509 ,0.46710205 ,3 ,Acc ,15
3dd9e578dace13af ,1542882928101 ,-0.06561279 ,-0.44677734 ,0.53118896 ,3 ,Acc ,15
3dd9e578dace13af ,1542983877685 ,-0.17218018 ,-0.399292 ,0.5706787 ,3 ,Acc ,15
3dd9e578dace13af ,1543104173674 ,-0.24914551 ,-0.4475708 ,0.50561523 ,3 ,Acc ,15
3dd9e578dace13af ,1543224282372 ,-0.03314209 ,-0.55285645 ,0.44067383 ,3 ,Acc ,15
3dd9e578dace13af ,1543344422372 ,0.13018799 ,-0.60998535 ,0.3782959 ,3 ,Acc ,15
3dd9e578dace13af ,1543443943101 ,0.14135742 ,-0.6534424 ,0.31896973 ,3 ,Acc ,15
3dd9e578dace13af ,1543501414612 ,3.2563171 ,-3.4730988 ,1.933258 ,0 ,Acc ,10
3dd9e578dace13af ,1543559438049 ,0.22375488 ,-0.62908936 ,0.3735962 ,3 ,Acc ,15
3dd9e578dace13af ,1543664805080 ,0.1763916 ,-0.58514404 ,0.45568848 ,3 ,Acc ,15
3dd9e578dace13af ,1544642479872 ,0.29626465 ,-0.5003052 ,0.57110596 ,3 ,Acc ,15
3dd9e578dace13af ,1544744996330 ,0.2211914 ,-0.40551758 ,0.6593628 ,3 ,Acc ,15
3dd9e578dace13af ,1544845410965 ,0.047851563 ,-0.39788818 ,0.7095947 ,3 ,Acc ,15
3dd9e578dace13af ,1544946138465 ,-0.08099365 ,-0.39038086 ,0.74298096 ,3 ,Acc ,15
3dd9e578dace13af ,1545066255392 ,-0.10369873 ,-0.44500732 ,0.70770264 ,3 ,Acc ,15
3dd9e578dace13af ,1545186412423 ,0.14984131 ,-0.4584961 ,0.673645 ,3 ,Acc ,15
3dd9e578dace13af ,1545285949923 ,0.30029297 ,-0.47698975 ,0.60809326 ,3 ,Acc ,15
3dd9e578dace13af ,1545386598882 ,0.34985352 ,-0.51464844 ,0.55163574 ,3 ,Acc ,15
3dd9e578dace13af ,1545486180600 ,0.40063477 ,-0.5088501 ,0.55944824 ,3 ,Acc ,15
3dd9e578dace13af ,1545586904038 ,0.37713623 ,-0.47320557 ,0.62323 ,3 ,Acc ,15
3dd9e578dace13af ,1545706964559 ,0.26861572 ,-0.38116455 ,0.7402344 ,3 ,Acc ,15
3dd9e578dace13af ,1545825115079 ,0.09118652 ,-0.3892212 ,0.80059814 ,3 ,Acc ,15
3dd9e578dace13af ,1545947233569 ,-0.03503418 ,-0.39520264 ,0.8173218 ,3 ,Acc ,15
3dd9e578dace13af ,1546067359558 ,0.010559082 ,-0.4638672 ,0.7484131 ,3 ,Acc ,15
3dd9e578dace13af ,1546166955756 ,0.24603271 ,-0.4343872 ,0.7235718 ,3 ,Acc ,15
3dd9e578dace13af ,1546267546538 ,0.3310547 ,-0.47613525 ,0.6415405 ,3 ,Acc ,15
3dd9e578dace13af ,1546367062163 ,0.3614502 ,-0.5175781 ,0.58392334 ,3 ,Acc ,15
3dd9e578dace13af ,1546467784090 ,0.41296387 ,-0.4897461 ,0.6057739 ,3 ,Acc ,15
3dd9e578dace13af ,1546502780912 ,5.4345856 ,-0.996994 ,0.78707886 ,0 ,Acc ,10
3dd9e578dace13af ,1546582052267 ,0.3461914 ,-0.4472046 ,0.6897583 ,3 ,Acc ,15
3dd9e578dace13af ,1546682479454 ,0.22070313 ,-0.3955078 ,0.7762451 ,3 ,Acc ,15
3dd9e578dace13af ,1546788118725 ,0.07171631 ,-0.3883667 ,0.8294678 ,3 ,Acc ,15
3dd9e578dace13af ,1546887684298 ,-0.05126953 ,-0.38830566 ,0.8432617 ,3 ,Acc ,15
3dd9e578dace13af ,1546988327944 ,-0.07543945 ,-0.46618652 ,0.78063965 ,3 ,Acc ,15
3dd9e578dace13af ,1547087904766 ,0.13549805 ,-0.47436523 ,0.74316406 ,3 ,Acc ,15
3dd9e578dace13af ,1547188601277 ,0.33465576 ,-0.43743896 ,0.70043945 ,3 ,Acc ,15
3dd9e578dace13af ,1547288187318 ,0.3720703 ,-0.5015259 ,0.6275635 ,3 ,Acc ,15
3dd9e578dace13af ,1547408193777 ,0.43963623 ,-0.47460938 ,0.6282959 ,3 ,Acc ,15
3dd9e578dace13af ,1547509037110 ,0.41577148 ,-0.40802002 ,0.71380615 ,3 ,Acc ,15
3dd9e578dace13af ,1547629028620 ,0.25952148 ,-0.35150146 ,0.82373047 ,3 ,Acc ,15
3dd9e578dace13af ,1547748794662 ,0.068603516 ,-0.3734131 ,0.8670044 ,3 ,Acc ,15
3dd9e578dace13af ,1547848734610 ,-0.049316406 ,-0.38775635 ,0.8720093 ,3 ,Acc ,15
3dd9e578dace13af ,1547949379766 ,-0.047546387 ,-0.46765137 ,0.81933594 ,3 ,Acc ,15
3dd9e578dace13af ,1548048950026 ,0.16113281 ,-0.47418213 ,0.7781372 ,3 ,Acc ,15
3dd9e578dace13af ,1548149624245 ,0.35516357 ,-0.4360962 ,0.7302246 ,3 ,Acc ,15
3dd9e578dace13af ,1548269718933 ,0.42175293 ,-0.48797607 ,0.6502075 ,3 ,Acc ,15
3dd9e578dace13af ,1548369168985 ,0.46820068 ,-0.4570923 ,0.6591797 ,3 ,Acc ,15
3dd9e578dace13af ,1548469952630 ,0.39416504 ,-0.42523193 ,0.7289429 ,3 ,Acc ,15
3dd9e578dace13af ,1548590125443 ,0.15881348 ,-0.43902588 ,0.8098755 ,3 ,Acc ,15
3dd9e578dace13af ,1548710201589 ,-0.039794922 ,-0.46411133 ,0.84594727 ,3 ,Acc ,15
3dd9e578dace13af ,1548830314297 ,-0.12023926 ,-0.44366455 ,0.85821533 ,3 ,Acc ,15
3dd9e578dace13af ,1548950477682 ,0.017089844 ,-0.52789307 ,0.78289795 ,3 ,Acc ,15
3dd9e578dace13af ,1549050092318 ,0.31066895 ,-0.4451294 ,0.7539673 ,3 ,Acc ,15
3dd9e578dace13af ,1549150073411 ,0.4081421 ,-0.4586792 ,0.67962646 ,3 ,Acc ,15
3dd9e578dace13af ,1549250199974 ,0.39892578 ,-0.53082275 ,0.62390137 ,3 ,Acc ,15
3dd9e578dace13af ,1549350902318 ,0.42749023 ,-0.5012207 ,0.6517334 ,3 ,Acc ,15
3dd9e578dace13af ,1549471057734 ,0.3163452 ,-0.48010254 ,0.7427368 ,3 ,Acc ,15
3dd9e578dace13af ,1549505508724 ,6.1009216 ,3.2977295 ,-5.214508 ,0 ,Acc ,10
3dd9e578dace13af ,1549585274974 ,0.081726074 ,-0.4968872 ,0.81170654 ,3 ,Acc ,15
3dd9e578dace13af ,1549690746380 ,-0.051696777 ,-0.49438477 ,0.8416748 ,3 ,Acc ,15
3dd9e578dace13af ,1549791374974 ,-0.10668945 ,-0.47399902 ,0.854187 ,3 ,Acc ,15
3dd9e578dace13af ,1549890928567 ,-0.051635742 ,-0.5326538 ,0.8041382 ,3 ,Acc ,15
3dd9e578dace13af ,1549991603828 ,0.18835449 ,-0.50305176 ,0.7728882 ,3 ,Acc ,15
3dd9e578dace13af ,1550091102422 ,0.34942627 ,-0.47460938 ,0.71832275 ,3 ,Acc ,15
3dd9e578dace13af ,1550206599244 ,0.36309814 ,-0.53985596 ,0.6552124 ,3 ,Acc ,15
3dd9e578dace13af ,1550310718151 ,0.40496826 ,-0.49121094 ,0.6861572 ,3 ,Acc ,15
3dd9e578dace13af ,1550411441223 ,0.32574463 ,-0.47143555 ,0.76220703 ,3 ,Acc ,15
3dd9e578dace13af ,1550511535494 ,0.16864014 ,-0.45355225 ,0.8352051 ,3 ,Acc ,15
3dd9e578dace13af ,1550611664869 ,0.007507324 ,-0.45269775 ,0.869812 ,3 ,Acc ,15
3dd9e578dace13af ,1550712309192 ,-0.10626221 ,-0.4321289 ,0.885437 ,3 ,Acc ,15
3dd9e578dace13af ,1550811909609 ,-0.12957764 ,-0.46704102 ,0.86047363 ,3 ,Acc ,15
3dd9e578dace13af ,1550930758202 ,0.066711426 ,-0.54486084 ,0.7922363 ,3 ,Acc ,15
3dd9e578dace13af ,1551032729921 ,0.32037354 ,-0.45825195 ,0.7661743 ,3 ,Acc ,15
3dd9e578dace13af ,1551152798932 ,0.3930664 ,-0.5227051 ,0.6727905 ,3 ,Acc ,15
3dd9e578dace13af ,1551272985129 ,0.4404297 ,-0.5147095 ,0.66400146 ,3 ,Acc ,15
3dd9e578dace13af ,1551393120859 ,0.38085938 ,-0.49853516 ,0.72766113 ,3 ,Acc ,15
3dd9e578dace13af ,1551495469036 ,0.20471191 ,-0.48968506 ,0.80944824 ,3 ,Acc ,15
3dd9e578dace13af ,1551612833827 ,-0.024230957 ,-0.52001953 ,0.83813477 ,3 ,Acc ,15
3dd9e578dace13af ,1551712937265 ,-0.14550781 ,-0.49890137 ,0.84869385 ,3 ,Acc ,15
3dd9e578dace13af ,1551812950233 ,-0.15484619 ,-0.538147 ,0.817688 ,3 ,Acc ,15
3dd9e578dace13af ,1551912951171 ,0.033081055 ,-0.5883179 ,0.7728882 ,3 ,Acc ,15
3dd9e578dace13af ,1552012913619 ,0.29888916 ,-0.48565674 ,0.7716675 ,3 ,Acc ,15
3dd9e578dace13af ,1552112966848 ,0.3670044 ,-0.5378418 ,0.68865967 ,3 ,Acc ,15
3dd9e578dace13af ,1552213377212 ,0.4138794 ,-0.5523071 ,0.65338135 ,3 ,Acc ,15
3dd9e578dace13af ,1552313141952 ,0.42895508 ,-0.4998169 ,0.7027588 ,3 ,Acc ,15
3dd9e578dace13af ,1552412947421 ,0.2736206 ,-0.51135254 ,0.77545166 ,3 ,Acc ,15
3dd9e578dace13af ,1552511118827 ,5.968048 ,7.075012 ,-4.5162354 ,0 ,Acc ,10
3dd9e578dace13af ,1552634500025 ,-0.12390137 ,-0.53375244 ,0.8338623 ,3 ,Acc ,15
3dd9e578dace13af ,1552733825337 ,-0.1798706 ,-0.538208 ,0.82037354 ,3 ,Acc ,15
3dd9e578dace13af ,1552834763983 ,-0.07788086 ,-0.6069946 ,0.77404785 ,3 ,Acc ,15
3dd9e578dace13af ,1552948888045 ,0.26055908 ,-0.50549316 ,0.78759766 ,3 ,Acc ,15
3dd9e578dace13af ,1553054369035 ,0.38238525 ,-0.49206543 ,0.7359009 ,3 ,Acc ,15
3dd9e578dace13af ,1553155036066 ,0.41357422 ,-0.5265503 ,0.69866943 ,3 ,Acc ,15
3dd9e578dace13af ,1553254693358 ,0.41729736 ,-0.4696045 ,0.743103 ,3 ,Acc ,15
3dd9e578dace13af ,1553355242472 ,0.26190186 ,-0.48858643 ,0.8039551 ,3 ,Acc ,15
3dd9e578dace13af ,1553475381795 ,6.1035156E-5 ,-0.552063 ,0.82250977 ,3 ,Acc ,15
3dd9e578dace13af ,1553595437576 ,-0.14978027 ,-0.50775146 ,0.84802246 ,3 ,Acc ,15
3dd9e578dace13af ,1553695056691 ,-0.18890381 ,-0.5073242 ,0.8406372 ,3 ,Acc ,15
3dd9e578dace13af ,1553795725806 ,-0.07659912 ,-0.58740234 ,0.7980957 ,3 ,Acc ,15
3dd9e578dace13af ,1553894717680 ,0.20202637 ,-0.52819824 ,0.79956055 ,3 ,Acc ,15
3dd9e578dace13af ,1553995928722 ,0.3572998 ,-0.5045166 ,0.7476196 ,3 ,Acc ,15
3dd9e578dace13af ,1554116041535 ,0.38031006 ,-0.5583496 ,0.6925659 ,3 ,Acc ,15
3dd9e578dace13af ,1554236187993 ,0.39013672 ,-0.4963379 ,0.7476196 ,3 ,Acc ,15
3dd9e578dace13af ,1554356307941 ,0.19702148 ,-0.5244751 ,0.8123169 ,3 ,Acc ,15
3dd9e578dace13af ,1554455835545 ,3.0517578E-4 ,-0.55584717 ,0.8270874 ,3 ,Acc ,15
3dd9e578dace13af ,1554556488045 ,-0.12902832 ,-0.5313721 ,0.8371582 ,3 ,Acc ,15
3dd9e578dace13af ,1554656083618 ,-0.19213867 ,-0.5178833 ,0.8331909 ,3 ,Acc ,15
3dd9e578dace13af ,1554775153045 ,-0.07647705 ,-0.6063843 ,0.7876587 ,3 ,Acc ,15
3dd9e578dace13af ,1554876924868 ,0.20678711 ,-0.5116577 ,0.8208618 ,3 ,Acc ,15
3dd9e578dace13af ,1554996974243 ,0.34710693 ,-0.503479 ,0.76672363 ,3 ,Acc ,15
3dd9e578dace13af ,1555117151586 ,0.37097168 ,-0.5578613 ,0.71539307 ,3 ,Acc ,15
3dd9e578dace13af ,1555237282732 ,0.3632202 ,-0.49188232 ,0.7776489 ,3 ,Acc ,15
3dd9e578dace13af ,1555357395909 ,0.13793945 ,-0.5352173 ,0.82611084 ,3 ,Acc ,15
3dd9e578dace13af ,1555456992836 ,-0.06201172 ,-0.57928467 ,0.8123779 ,3 ,Acc ,15
3dd9e578dace13af ,1555514507628 ,10.730469 ,6.7170563 ,-4.113312 ,0 ,Acc ,10
3dd9e578dace13af ,1555571083513 ,-0.20544434 ,-0.5359497 ,0.8164673 ,3 ,Acc ,15
3dd9e578dace13af ,1555675231899 ,-0.21844482 ,-0.57440186 ,0.78790283 ,3 ,Acc ,15
3dd9e578dace13af ,1555777329190 ,-0.046936035 ,-0.6466675 ,0.7578125 ,3 ,Acc ,15
3dd9e578dace13af ,1555877972315 ,0.23565674 ,-0.5335083 ,0.7996216 ,3 ,Acc ,15
3dd9e578dace13af ,1555998032992 ,0.30963135 ,-0.5895996 ,0.7227783 ,3 ,Acc ,15
3dd9e578dace13af ,1556097647836 ,0.3204956 ,-0.62890625 ,0.6819458 ,3 ,Acc ,15
3dd9e578dace13af ,1556217673565 ,0.32885742 ,-0.538208 ,0.7630005 ,3 ,Acc ,15
3dd9e578dace13af ,1556318459346 ,0.1687622 ,-0.567749 ,0.80029297 ,3 ,Acc ,15
3dd9e578dace13af ,1556438614659 ,-0.061584473 ,-0.5834961 ,0.8097534 ,3 ,Acc ,15
3dd9e578dace13af ,1556537997627 ,-0.19067383 ,-0.55029297 ,0.80981445 ,3 ,Acc ,15
3dd9e578dace13af ,1556638785179 ,-0.24639893 ,-0.5461426 ,0.7965088 ,3 ,Acc ,15
3dd9e578dace13af ,1556738353877 ,-0.14520264 ,-0.6376343 ,0.75653076 ,3 ,Acc ,15
3dd9e578dace13af ,1556839005856 ,0.11767578 ,-0.5626221 ,0.81518555 ,3 ,Acc ,15
3dd9e578dace13af ,1556959116065 ,0.2682495 ,-0.51556396 ,0.80737305 ,3 ,Acc ,15
3dd9e578dace13af ,1557075248617 ,0.28637695 ,-0.6065674 ,0.7359009 ,3 ,Acc ,15
3dd9e578dace13af ,1557178739502 ,0.31378174 ,-0.5366211 ,0.7796631 ,3 ,Acc ,15
3dd9e578dace13af ,1557279660700 ,0.2142334 ,-0.53808594 ,0.81329346 ,3 ,Acc ,15
3dd9e578dace13af ,1557399610387 ,-0.037475586 ,-0.60913086 ,0.7921753 ,3 ,Acc ,15
3dd9e578dace13af ,1557499167106 ,-0.1876831 ,-0.6152954 ,0.7623291 ,3 ,Acc ,15
3dd9e578dace13af ,1557599815492 ,-0.24810791 ,-0.583374 ,0.76672363 ,3 ,Acc ,15
3dd9e578dace13af ,1557719959710 ,0.47711182 ,-0.59869385 ,0.36444092 ,3 ,Acc ,15
3dd9e578dace13af ,1557840127210 ,0.70440674 ,-0.51013184 ,0.18652344 ,3 ,Acc ,15
3dd9e578dace13af ,1557960196950 ,0.782959 ,-0.4876709 ,0.10095215 ,3 ,Acc ,15
3dd9e578dace13af ,1558080402991 ,0.7230835 ,-0.52752686 ,0.028503418 ,3 ,Acc ,15
3dd9e578dace13af ,1558200450491 ,0.7565918 ,-0.5252075 ,0.061035156 ,3 ,Acc ,15
3dd9e578dace13af ,1558300063095 ,0.72998047 ,-0.54052734 ,0.1618042 ,3 ,Acc ,15
3dd9e578dace13af ,1558400267627 ,0.6308594 ,-0.56427 ,0.29718018 ,3 ,Acc ,15
3dd9e578dace13af ,1558500272522 ,0.49542236 ,-0.60583496 ,0.38494873 ,3 ,Acc ,15
3dd9e578dace13af ,1558536560075 ,-1.9977417 ,-1.5708771 ,0.032943726 ,0 ,Acc ,10
3dd9e578dace13af ,1558614323147 ,0.43200684 ,-0.6246338 ,0.4683838 ,3 ,Acc ,15
3dd9e578dace13af ,1558721040699 ,0.4734497 ,-0.6096802 ,0.44030762 ,3 ,Acc ,15
3dd9e578dace13af ,1558841191689 ,0.6911621 ,-0.5393677 ,0.35577393 ,3 ,Acc ,15
3dd9e578dace13af ,1558961224293 ,0.77789307 ,-0.51049805 ,0.3289795 ,3 ,Acc ,15
3dd9e578dace13af ,1559081467939 ,0.7904053 ,-0.5216675 ,0.3005371 ,3 ,Acc ,15
3dd9e578dace13af ,1559201531741 ,0.8451538 ,-0.24438477 ,0.39337158 ,3 ,Acc ,15
3dd9e578dace13af ,1559301211324 ,0.8327637 ,-0.14801025 ,0.3840332 ,3 ,Acc ,15
3dd9e578dace13af ,1559401835074 ,0.7747803 ,-0.073791504 ,0.41210938 ,3 ,Acc ,15
3dd9e578dace13af ,1559521981585 ,0.6645508 ,-0.08795166 ,0.45037842 ,3 ,Acc ,15
3dd9e578dace13af ,1559642026012 ,0.5821533 ,-0.15545654 ,0.49493408 ,3 ,Acc ,15
3dd9e578dace13af ,1559762191480 ,0.55029297 ,-0.18084717 ,0.4984131 ,3 ,Acc ,15
3dd9e578dace13af ,1559867412053 ,0.55303955 ,-0.10668945 ,0.49554443 ,3 ,Acc ,15
3dd9e578dace13af ,1559981791897 ,0.55700684 ,0.032958984 ,0.4650879 ,3 ,Acc ,15
3dd9e578dace13af ,1560082501845 ,0.49627686 ,0.17694092 ,0.42529297 ,3 ,Acc ,15
3dd9e578dace13af ,1560202616741 ,0.3743286 ,0.2220459 ,0.39660645 ,3 ,Acc ,15
3dd9e578dace13af ,1560302190855 ,0.3550415 ,0.17333984 ,0.3809204 ,3 ,Acc ,15
3dd9e578dace13af ,1560402933043 ,0.32214355 ,0.1116333 ,0.3439331 ,3 ,Acc ,15
3dd9e578dace13af ,1560522938043 ,0.2670288 ,0.0068359375 ,0.2991333 ,3 ,Acc ,15
3dd9e578dace13af ,1560642948459 ,0.2727661 ,-0.0892334 ,0.22369385 ,3 ,Acc ,15
3dd9e578dace13af ,1560763226115 ,0.24945068 ,-0.10961914 ,0.17572021 ,3 ,Acc ,15
3dd9e578dace13af ,1560883390490 ,0.36358643 ,-0.028747559 ,0.28179932 ,3 ,Acc ,15
3dd9e578dace13af ,1560982931949 ,0.33190918 ,0.20428467 ,0.39642334 ,3 ,Acc ,15
3dd9e578dace13af ,1561100865959 ,0.383667 ,0.256958 ,0.45336914 ,3 ,Acc ,15
3dd9e578dace13af ,1561203700803 ,0.54852295 ,0.14874268 ,0.48095703 ,3 ,Acc ,15
3dd9e578dace13af ,1561302932105 ,0.47601318 ,0.21368408 ,0.43969727 ,3 ,Acc ,15
3dd9e578dace13af ,1561403937521 ,0.47924805 ,0.07885742 ,0.3735962 ,3 ,Acc ,15
3dd9e578dace13af ,1561524144917 ,0.49053955 ,-0.16741943 ,0.2564087 ,3 ,Acc ,15
3dd9e578dace13af ,1561536687000 ,10.167328 ,5.5767517 ,-4.676697 ,0 ,Acc ,10
3dd9e578dace13af ,1561641636011 ,0.36315918 ,-0.2614746 ,0.14746094 ,3 ,Acc ,15
3dd9e578dace13af ,1561743723615 ,0.36297607 ,-0.31445313 ,0.101623535 ,3 ,Acc ,15
3dd9e578dace13af ,1561844440282 ,0.49884033 ,-0.25048828 ,0.15875244 ,3 ,Acc ,15
3dd9e578dace13af ,1561943972886 ,0.42956543 ,0.0072021484 ,0.34570313 ,3 ,Acc ,15
3dd9e578dace13af ,1562044727990 ,0.3348999 ,0.24169922 ,0.4197998 ,3 ,Acc ,15
3dd9e578dace13af ,1562144064344 ,0.43292236 ,0.24761963 ,0.4225464 ,3 ,Acc ,15
3dd9e578dace13af ,1562244892834 ,0.4356079 ,0.2637329 ,0.40771484 ,3 ,Acc ,15
3dd9e578dace13af ,1562364978094 ,0.36645508 ,0.23699951 ,0.37408447 ,3 ,Acc ,15
3dd9e578dace13af ,1562485123823 ,0.3428955 ,0.035888672 ,0.27490234 ,3 ,Acc ,15
3dd9e578dace13af ,1562605313719 ,0.33203125 ,-0.119140625 ,0.12701416 ,3 ,Acc ,15
3dd9e578dace13af ,1562704807677 ,0.2965088 ,-0.18267822 ,0.06286621 ,3 ,Acc ,15
3dd9e578dace13af ,1562805475333 ,0.36132813 ,-0.16314697 ,0.11468506 ,3 ,Acc ,15
3dd9e578dace13af ,1562904995698 ,0.36938477 ,0.019104004 ,0.24450684 ,3 ,Acc ,15
3dd9e578dace13af ,1563006171062 ,0.32525635 ,0.1965332 ,0.34124756 ,3 ,Acc ,15
3dd9e578dace13af ,1563126241896 ,0.4354248 ,0.21612549 ,0.40789795 ,3 ,Acc ,15
3dd9e578dace13af ,1563236222104 ,0.40789795 ,0.24871826 ,0.39398193 ,3 ,Acc ,15
3dd9e578dace13af ,1563345433979 ,0.3737793 ,0.16497803 ,0.3255005 ,3 ,Acc ,15
3dd9e578dace13af ,1563446627208 ,0.34729004 ,0.010314941 ,0.23376465 ,3 ,Acc ,15
3dd9e578dace13af ,1563565100854 ,0.3297119 ,-0.14178467 ,0.07519531 ,3 ,Acc ,15
3dd9e578dace13af ,1563665738041 ,0.32781982 ,-0.20861816 ,0.019104004 ,3 ,Acc ,15
3dd9e578dace13af ,1563766509083 ,0.4060669 ,-0.1593628 ,0.1015625 ,3 ,Acc ,15
3dd9e578dace13af ,1563866066739 ,0.36083984 ,0.068725586 ,0.23510742 ,3 ,Acc ,15
3dd9e578dace13af ,1563966713718 ,0.32226563 ,0.23577881 ,0.32043457 ,3 ,Acc ,15
3dd9e578dace13af ,1564066166791 ,0.41070557 ,0.2548828 ,0.37445068 ,3 ,Acc ,15
3dd9e578dace13af ,1564166957468 ,0.39019775 ,0.2904663 ,0.34924316 ,3 ,Acc ,15
3dd9e578dace13af ,1564287091114 ,0.3564453 ,0.1897583 ,0.27545166 ,3 ,Acc ,15
3dd9e578dace13af ,1564403210020 ,0.36523438 ,-0.039489746 ,0.16137695 ,3 ,Acc ,15
3dd9e578dace13af ,1564523781270 ,0.3562622 ,-0.19055176 ,0.006652832 ,3 ,Acc ,15
3dd9e578dace13af ,1564539734239 ,12.330978 ,5.006958 ,-8.254303 ,0 ,Acc ,10
3dd9e578dace13af ,1564643738249 ,0.3661499 ,-0.2319336 ,-0.007751465 ,3 ,Acc ,15
3dd9e578dace13af ,1564747012416 ,0.43878174 ,-0.10583496 ,0.13012695 ,3 ,Acc ,15
3dd9e578dace13af ,1564847674812 ,0.34655762 ,0.15673828 ,0.26312256 ,3 ,Acc ,15
3dd9e578dace13af ,1564947114447 ,0.37322998 ,0.24053955 ,0.3242798 ,3 ,Acc ,15
3dd9e578dace13af ,1565047852624 ,0.4319458 ,0.24078369 ,0.31158447 ,3 ,Acc ,15
3dd9e578dace13af ,1565152905541 ,0.39849854 ,0.22338867 ,0.2942505 ,3 ,Acc ,15
3dd9e578dace13af ,1565267461374 ,0.44848633 ,0.061706543 ,0.19921875 ,3 ,Acc ,15
3dd9e578dace13af ,1565368233822 ,0.37322998 ,-0.04473877 ,0.0960083 ,3 ,Acc ,15
3dd9e578dace13af ,1565488317520 ,0.28466797 ,-0.13275146 ,0.002319336 ,3 ,Acc ,15
3dd9e578dace13af ,1565608567832 ,0.32147217 ,-0.16644287 ,0.03643799 ,3 ,Acc ,15
3dd9e578dace13af ,1565708034811 ,0.3937378 ,-0.06896973 ,0.14642334 ,3 ,Acc ,15
3dd9e578dace13af ,1565808699343 ,0.30828857 ,0.11175537 ,0.2220459 ,3 ,Acc ,15
3dd9e578dace13af ,1565908234968 ,0.3684082 ,0.16070557 ,0.25842285 ,3 ,Acc ,15
3dd9e578dace13af ,1566008931218 ,0.4475708 ,0.18688965 ,0.2699585 ,3 ,Acc ,15
3dd9e578dace13af ,1566129001634 ,0.3513794 ,0.2658081 ,0.24511719 ,3 ,Acc ,15
3dd9e578dace13af ,1566249106113 ,0.3503418 ,0.11621094 ,0.16253662 ,3 ,Acc ,15
3dd9e578dace13af ,1566369360176 ,0.37628174 ,-0.09246826 ,0.040771484 ,3 ,Acc ,15
3dd9e578dace13af ,1566474705228 ,0.36254883 ,-0.20422363 ,-0.04699707 ,3 ,Acc ,15
3dd9e578dace13af ,1566589014394 ,0.4204712 ,-0.23205566 ,-0.024536133 ,3 ,Acc ,15
3dd9e578dace13af ,1566689652103 ,0.46679688 ,-0.058898926 ,0.105651855 ,3 ,Acc ,15
3dd9e578dace13af ,1566789138353 ,0.2713623 ,0.20874023 ,0.18688965 ,3 ,Acc ,15
3dd9e578dace13af ,1566889829967 ,0.30725098 ,0.2763672 ,0.19555664 ,3 ,Acc ,15
3dd9e578dace13af ,1567010057207 ,0.38104248 ,0.2925415 ,0.16436768 ,3 ,Acc ,15
3dd9e578dace13af ,1567128265071 ,0.33361816 ,0.2579956 ,0.13952637 ,3 ,Acc ,15
3dd9e578dace13af ,1567229691217 ,0.26000977 ,0.12164307 ,0.119628906 ,3 ,Acc ,15
3dd9e578dace13af ,1567330703873 ,0.31549072 ,-0.05114746 ,0.06262207 ,3 ,Acc ,15
3dd9e578dace13af ,1567450481790 ,0.38824463 ,-0.21905518 ,-0.04498291 ,3 ,Acc ,15
3dd9e578dace13af ,1567546744707 ,13.641876 ,5.602844 ,-6.341461 ,0 ,Acc ,10
3dd9e578dace13af ,1567550057832 ,0.4463501 ,-0.24926758 ,-0.03765869 ,3 ,Acc ,15
3dd9e578dace13af ,1567667764915 ,0.4368286 ,-0.036499023 ,0.08105469 ,3 ,Acc ,15
3dd9e578dace13af ,1567770841581 ,0.3463745 ,0.15576172 ,0.14428711 ,3 ,Acc ,15
3dd9e578dace13af ,1567891064446 ,0.43603516 ,0.20129395 ,0.18084717 ,3 ,Acc ,15
3dd9e578dace13af ,1568011076633 ,0.41448975 ,0.21765137 ,0.18743896 ,3 ,Acc ,15
3dd9e578dace13af ,1568110619654 ,0.39117432 ,0.14196777 ,0.13549805 ,3 ,Acc ,15
3dd9e578dace13af ,1568211239081 ,0.3955078 ,-0.012634277 ,0.049682617 ,3 ,Acc ,15
3dd9e578dace13af ,1568311162831 ,0.3876953 ,-0.14007568 ,-0.06524658 ,3 ,Acc ,15
3dd9e578dace13af ,1568430981321 ,0.3701172 ,-0.23693848 ,-0.1472168 ,3 ,Acc ,15
3dd9e578dace13af ,1568547110644 ,0.46203613 ,-0.1515503 ,-0.06121826 ,3 ,Acc ,15
3dd9e578dace13af ,1568651529394 ,0.36669922 ,0.0791626 ,0.06945801 ,3 ,Acc ,15
3dd9e578dace13af ,1568751309966 ,0.3951416 ,0.16229248 ,0.16107178 ,3 ,Acc ,15
3dd9e578dace13af ,1568871373716 ,0.50897217 ,0.15270996 ,0.17028809 ,3 ,Acc ,15
3dd9e578dace13af ,1568971519966 ,0.44873047 ,0.18322754 ,0.16070557 ,3 ,Acc ,15
3dd9e578dace13af ,1569071657831 ,0.39868164 ,0.13720703 ,0.10021973 ,3 ,Acc ,15
3dd9e578dace13af ,1569172292466 ,0.38012695 ,-0.009887695 ,0.0021972656 ,3 ,Acc ,15
3dd9e578dace13af ,1569271856008 ,0.37713623 ,-0.15100098 ,-0.11566162 ,3 ,Acc ,15
3dd9e578dace13af ,1569408605904 ,0.39746094 ,-0.26123047 ,-0.18328857 ,3 ,Acc ,15
3dd9e578dace13af ,1569512179393 ,0.4810791 ,-0.1809082 ,-0.0970459 ,3 ,Acc ,15
3dd9e578dace13af ,1569612838716 ,0.4095459 ,0.036376953 ,0.020080566 ,3 ,Acc ,15
3dd9e578dace13af ,1569732901216 ,0.4677124 ,0.14776611 ,0.1381836 ,3 ,Acc ,15
3dd9e578dace13af ,1569853092622 ,0.60076904 ,0.12426758 ,0.15203857 ,3 ,Acc ,15
3dd9e578dace13af ,1569972944758 ,0.4850464 ,0.12011719 ,0.12213135 ,3 ,Acc ,15
3dd9e578dace13af ,1570093326841 ,0.44256592 ,-0.01574707 ,0.0010375977 ,3 ,Acc ,15
3dd9e578dace13af ,1570192933247 ,0.39282227 ,-0.17816162 ,-0.12677002 ,3 ,Acc ,15
3dd9e578dace13af ,1570293491424 ,0.35327148 ,-0.2841797 ,-0.24041748 ,3 ,Acc ,15
3dd9e578dace13af ,1570413722414 ,0.38256836 ,-0.32037354 ,-0.2277832 ,3 ,Acc ,15
3dd9e578dace13af ,1570512918351 ,0.45141602 ,-0.18365479 ,-0.118652344 ,3 ,Acc ,15
3dd9e578dace13af ,1570568919237 ,13.568298 ,3.9557343 ,-5.4143066 ,0 ,Acc ,10
3dd9e578dace13af ,1570628956112 ,0.39892578 ,0.07397461 ,0.040100098 ,3 ,Acc ,15
3dd9e578dace13af ,1570734523039 ,0.40075684 ,0.17211914 ,0.09765625 ,3 ,Acc ,15
3dd9e578dace13af ,1570854254080 ,0.42218018 ,0.21008301 ,0.06604004 ,3 ,Acc ,15
3dd9e578dace13af ,1570953911736 ,0.40551758 ,0.15130615 ,0.023742676 ,3 ,Acc ,15
3dd9e578dace13af ,1571054470278 ,0.41723633 ,-0.027648926 ,-0.039001465 ,3 ,Acc ,15
3dd9e578dace13af ,1571174537466 ,0.41271973 ,-0.23553467 ,-0.1449585 ,3 ,Acc ,15
3dd9e578dace13af ,1571279819080 ,0.3482666 ,-0.4401245 ,-0.20281982 ,3 ,Acc ,15
3dd9e578dace13af ,1571394170434 ,0.3922119 ,-0.4873047 ,-0.1965332 ,3 ,Acc ,15
3dd9e578dace13af ,1571494855278 ,0.4371338 ,-0.38787842 ,-0.11816406 ,3 ,Acc ,15
3dd9e578dace13af ,1571615024549 ,0.37524414 ,-0.1506958 ,-0.020446777 ,3 ,Acc ,15
3dd9e578dace13af ,1571730300382 ,0.36517334 ,0.035095215 ,0.010925293 ,3 ,Acc ,15
3dd9e578dace13af ,1571834575747 ,0.36395264 ,0.06384277 ,0.02709961 ,3 ,Acc ,15
3dd9e578dace13af ,1571954829965 ,0.42596436 ,0.014160156 ,0.0138549805 ,3 ,Acc ,15
3dd9e578dace13af ,1572055430590 ,0.40997314 ,-0.10595703 ,-0.052124023 ,3 ,Acc ,15
3dd9e578dace13af ,1572154988559 ,0.39959717 ,-0.2390747 ,-0.13653564 ,3 ,Acc ,15
3dd9e578dace13af ,1572255653403 ,0.35559082 ,-0.3040161 ,-0.18786621 ,3 ,Acc ,15
3dd9e578dace13af ,1572355315069 ,0.36584473 ,-0.31298828 ,-0.19390869 ,3 ,Acc ,15
3dd9e578dace13af ,1572455908298 ,0.40704346 ,-0.20678711 ,-0.12609863 ,3 ,Acc ,15
3dd9e578dace13af ,1572576064965 ,0.40447998 ,-0.020935059 ,-0.062194824 ,3 ,Acc ,15
3dd9e578dace13af ,1572696141840 ,0.42266846 ,0.068237305 ,-0.06311035 ,3 ,Acc ,15
3dd9e578dace13af ,1572816357361 ,0.44128418 ,0.11273193 ,-0.08416748 ,3 ,Acc ,15
3dd9e578dace13af ,1572936380590 ,0.37908936 ,0.07128906 ,-0.09277344 ,3 ,Acc ,15
3dd9e578dace13af ,1573035924496 ,0.39318848 ,-0.033569336 ,-0.13317871 ,3 ,Acc ,15
3dd9e578dace13af ,1573156130329 ,0.41461182 ,-0.18634033 ,-0.20373535 ,3 ,Acc ,15
3dd9e578dace13af ,1573256711684 ,0.40185547 ,-0.2763672 ,-0.26208496 ,3 ,Acc ,15
3dd9e578dace13af ,1573356223506 ,0.42108154 ,-0.30389404 ,-0.2682495 ,3 ,Acc ,15
3dd9e578dace13af ,1573456997569 ,0.52264404 ,-0.22247314 ,-0.21697998 ,3 ,Acc ,15
3dd9e578dace13af ,1573573800538 ,13.397247 ,4.257004 ,-3.3147736 ,0 ,Acc ,10
3dd9e578dace13af ,1573577114392 ,0.48205566 ,-0.046691895 ,-0.13421631 ,3 ,Acc ,15
3dd9e578dace13af ,1573693683090 ,0.5192261 ,0.07080078 ,-0.101257324 ,3 ,Acc ,15
3dd9e578dace13af ,1573807076058 ,0.545166 ,0.12145996 ,-0.10101318 ,3 ,Acc ,15
3dd9e578dace13af ,1573915155485 ,0.53637695 ,0.11126709 ,-0.12487793 ,3 ,Acc ,15
3dd9e578dace13af ,1574017521319 ,0.5333252 ,0.013061523 ,-0.17376709 ,3 ,Acc ,15
3dd9e578dace13af ,1574117138194 ,0.5132446 ,-0.14147949 ,-0.20709229 ,3 ,Acc ,15
3dd9e578dace13af ,1574242039027 ,0.52301025 ,-0.2949829 ,-0.25500488 ,3 ,Acc ,15
3dd9e578dace13af ,1574694494443 ,0.60375977 ,0.06842041 ,-0.13983154 ,3 ,Acc ,15
3dd9e578dace13af ,1574795278037 ,0.65844727 ,0.12371826 ,-0.14752197 ,3 ,Acc ,15
3dd9e578dace13af ,1574898573402 ,0.6286621 ,0.13842773 ,-0.15820313 ,3 ,Acc ,15
3dd9e578dace13af ,1574998110433 ,0.6517334 ,0.051879883 ,-0.190979 ,3 ,Acc ,15
3dd9e578dace13af ,1575098774547 ,0.6743164 ,-0.111572266 ,-0.21026611 ,3 ,Acc ,15
3dd9e578dace13af ,1575198223454 ,0.67993164 ,-0.26428223 ,-0.22680664 ,3 ,Acc ,15
3dd9e578dace13af ,1575318552308 ,0.6670532 ,-0.37982178 ,-0.25146484 ,3 ,Acc ,15
3dd9e578dace13af ,1575419089131 ,0.7155762 ,-0.35205078 ,-0.23291016 ,3 ,Acc ,15
3dd9e578dace13af ,1575518667672 ,0.7792969 ,-0.14660645 ,-0.1751709 ,3 ,Acc ,15
3dd9e578dace13af ,1575619337151 ,0.659729 ,0.036743164 ,-0.14916992 ,3 ,Acc ,15
3dd9e578dace13af ,1575739405276 ,0.77093506 ,0.07751465 ,-0.15783691 ,3 ,Acc ,15
3dd9e578dace13af ,1575838953141 ,0.79016113 ,0.10876465 ,-0.15844727 ,3 ,Acc ,15
3dd9e578dace13af ,1575939622620 ,0.70599365 ,0.11541748 ,-0.17913818 ,3 ,Acc ,15
3dd9e578dace13af ,1576039207568 ,0.71533203 ,-0.009460449 ,-0.21765137 ,3 ,Acc ,15
3dd9e578dace13af ,1576139176578 ,0.71539307 ,-0.19439697 ,-0.23168945 ,3 ,Acc ,15
3dd9e578dace13af ,1576239339391 ,0.6956177 ,-0.3277588 ,-0.24664307 ,3 ,Acc ,15
3dd9e578dace13af ,1576340104912 ,0.73883057 ,0.16021729 ,0.5844116 ,3 ,Acc ,15
3dd9e578dace13af ,1576460257828 ,0.72924805 ,0.17401123 ,0.61968994 ,3 ,Acc ,15
3dd9e578dace13af ,1576577071005 ,0.9157257 ,-7.59523 ,6.603607 ,0 ,Acc ,10
3dd9e578dace13af ,1576580386109 ,0.74591064 ,0.35009766 ,0.5587158 ,3 ,Acc ,15
3dd9e578dace13af ,1576679929443 ,0.7484131 ,0.48883057 ,0.44348145 ,3 ,Acc ,15
3dd9e578dace13af ,1576780544651 ,0.76446533 ,0.4467163 ,0.46392822 ,3 ,Acc ,15
3dd9e578dace13af ,1576885932828 ,0.7727051 ,0.45770264 ,0.43865967 ,3 ,Acc ,15
3dd9e578dace13af ,1577000254286 ,0.77819824 ,0.4824829 ,0.3982544 ,3 ,Acc ,15
3dd9e578dace13af ,1577100891161 ,0.78186035 ,0.43103027 ,0.42510986 ,3 ,Acc ,15
3dd9e578dace13af ,1577221081942 ,0.76568604 ,0.30950928 ,0.5018921 ,3 ,Acc ,15
3dd9e578dace13af ,1577320607411 ,0.7685547 ,0.18463135 ,0.5293579 ,3 ,Acc ,15
3dd9e578dace13af ,1577421214859 ,0.75787354 ,0.15167236 ,0.5152588 ,3 ,Acc ,15
3dd9e578dace13af ,1577541538088 ,0.7769165 ,0.20159912 ,0.52545166 ,3 ,Acc ,15
3dd9e578dace13af ,1577640984442 ,0.7836914 ,0.38482666 ,0.4486084 ,3 ,Acc ,15
3dd9e578dace13af ,1577760944286 ,0.79473877 ,0.40600586 ,0.4310913 ,3 ,Acc ,15
3dd9e578dace13af ,1577861523661 ,0.8097534 ,0.25750732 ,0.5185547 ,3 ,Acc ,15
3dd9e578dace13af ,1577960977723 ,0.82025146 ,0.13079834 ,0.51690674 ,3 ,Acc ,15
3dd9e578dace13af ,1578061523713 ,0.81048584 ,-0.015686035 ,0.45410156 ,3 ,Acc ,15
3dd9e578dace13af ,1578161408609 ,0.7595825 ,-0.12786865 ,0.36395264 ,3 ,Acc ,15
3dd9e578dace13af ,1578260897046 ,0.7307129 ,-0.22521973 ,0.26342773 ,3 ,Acc ,15
3dd9e578dace13af ,1578361722307 ,0.7076416 ,-0.24517822 ,0.18890381 ,3 ,Acc ,15
3dd9e578dace13af ,1578461527463 ,0.70043945 ,-0.24346924 ,0.16931152 ,3 ,Acc ,15
3dd9e578dace13af ,1578562346734 ,0.6828613 ,-0.24121094 ,0.16766357 ,3 ,Acc ,15
3dd9e578dace13af ,1578682590119 ,0.6678467 ,-0.22772217 ,0.17596436 ,3 ,Acc ,15
3dd9e578dace13af ,1578782871994 ,0.36810303 ,-0.19158936 ,0.16894531 ,3 ,Acc ,15
3dd9e578dace13af ,1578902891838 ,0.3803711 ,-0.20025635 ,0.16784668 ,3 ,Acc ,15
3dd9e578dace13af ,1579022933504 ,0.3821411 ,-0.19586182 ,0.16253662 ,3 ,Acc ,15
3dd9e578dace13af ,1579142019963 ,0.36419678 ,-0.1887207 ,0.16070557 ,3 ,Acc ,15
3dd9e578dace13af ,1579263234390 ,0.35632324 ,-0.1798706 ,0.16040039 ,3 ,Acc ,15
3dd9e578dace13af ,1579364902879 ,0.352417 ,-0.1741333 ,0.15997314 ,3 ,Acc ,15
3dd9e578dace13af ,1579483002931 ,0.34820557 ,-0.16882324 ,0.15893555 ,3 ,Acc ,15
3dd9e578dace13af ,1579580400119 ,0.3564453 ,0.15698242 ,-0.039489746 ,0 ,Acc ,10
3dd9e578dace13af ,1579583719494 ,0.34332275 ,-0.16156006 ,0.1593628 ,3 ,Acc ,15
3dd9e578dace13af ,1579684013400 ,0.33642578 ,-0.16448975 ,0.1564331 ,3 ,Acc ,15
3dd9e578dace13af ,1579783022619 ,0.32824707 ,-0.17108154 ,0.14923096 ,3 ,Acc ,15
