3dd9e578dace13af ,470299606955 ,-0.27368164 ,0.111206055 ,0.0657959 ,3 ,Acc ,15
3dd9e578dace13af ,470399302684 ,-0.26470947 ,0.105651855 ,0.07611084 ,3 ,Acc ,15
3dd9e578dace13af ,470499951538 ,-0.23132324 ,0.11199951 ,0.11077881 ,3 ,Acc ,15
3dd9e578dace13af ,470619933569 ,-0.23577881 ,0.122558594 ,0.11437988 ,3 ,Acc ,15
3dd9e578dace13af ,470741716798 ,-0.25561523 ,0.121154785 ,0.120666504 ,3 ,Acc ,15
3dd9e578dace13af ,470860241590 ,-0.27301025 ,0.109436035 ,0.16320801 ,3 ,Acc ,15
3dd9e578dace13af ,470980470600 ,-0.2788086 ,0.08746338 ,0.23309326 ,3 ,Acc ,15
3dd9e578dace13af ,471080148152 ,-0.28753662 ,0.06060791 ,0.30151367 ,3 ,Acc ,15
3dd9e578dace13af ,471180583204 ,-0.30273438 ,0.041870117 ,0.3706665 ,3 ,Acc ,15
3dd9e578dace13af ,471280251121 ,-0.31628418 ,0.028747559 ,0.43676758 ,3 ,Acc ,15
3dd9e578dace13af ,471381015756 ,-0.32855225 ,0.0138549805 ,0.46691895 ,3 ,Acc ,15
3dd9e578dace13af ,471501163100 ,-0.33917236 ,-0.010620117 ,0.49639893 ,3 ,Acc ,15
3dd9e578dace13af ,471621351902 ,-0.34179688 ,-0.056030273 ,0.5092163 ,3 ,Acc ,15
3dd9e578dace13af ,471742302996 ,-0.34313965 ,-0.15460205 ,0.49835205 ,3 ,Acc ,15
3dd9e578dace13af ,471861608048 ,-0.31848145 ,-0.25805664 ,0.5199585 ,3 ,Acc ,15
3dd9e578dace13af ,471981660652 ,-0.22772217 ,-0.3932495 ,0.546875 ,3 ,Acc ,15
3dd9e578dace13af ,472101895339 ,-0.0446167 ,-0.50653076 ,0.5467529 ,3 ,Acc ,15
3dd9e578dace13af ,472202885444 ,0.15771484 ,-0.5819092 ,0.47650146 ,3 ,Acc ,15
3dd9e578dace13af ,472321361589 ,0.36743164 ,-0.5824585 ,0.40698242 ,3 ,Acc ,15
3dd9e578dace13af ,472422395808 ,0.39245605 ,-0.60406494 ,0.3857422 ,3 ,Acc ,15
3dd9e578dace13af ,472543177162 ,0.41253662 ,-0.6054077 ,0.44812012 ,3 ,Acc ,15
3dd9e578dace13af ,472662424350 ,0.35656738 ,-0.5716553 ,0.56018066 ,3 ,Acc ,15
3dd9e578dace13af ,472782446485 ,0.24963379 ,-0.5440674 ,0.66485596 ,3 ,Acc ,15
3dd9e578dace13af ,472902633256 ,0.19067383 ,-0.49224854 ,0.7485962 ,3 ,Acc ,15
3dd9e578dace13af ,473002104662 ,0.16967773 ,-0.49731445 ,0.75109863 ,3 ,Acc ,15
3dd9e578dace13af ,473103083516 ,0.24353027 ,-0.53460693 ,0.6903076 ,3 ,Acc ,15
3dd9e578dace13af ,473203041745 ,9.490616 ,-2.1212628 ,3.0071173 ,3 ,Acc ,1
3dd9e578dace13af ,473201077527 ,0.2690277 ,1.4743042 ,0.75531006 ,0 ,Acc ,10
3dd9e578dace13af ,473223143777 ,0.40270996 ,-0.48742676 ,0.6655884 ,3 ,Acc ,15
3dd9e578dace13af ,473344041381 ,0.43963623 ,-0.5531616 ,0.576355 ,3 ,Acc ,15
3dd9e578dace13af ,473463311485 ,0.5135498 ,-0.54901123 ,0.53204346 ,3 ,Acc ,15
3dd9e578dace13af ,473583310547 ,0.52770996 ,-0.50701904 ,0.5996094 ,3 ,Acc ,15
3dd9e578dace13af ,473703489141 ,0.40148926 ,-0.5230713 ,0.68573 ,3 ,Acc ,15
3dd9e578dace13af ,473823609974 ,0.2532959 ,-0.5265503 ,0.75805664 ,3 ,Acc ,15
3dd9e578dace13af ,473944720808 ,0.16790771 ,-0.5117798 ,0.7949219 ,3 ,Acc ,15
3dd9e578dace13af ,474063834818 ,0.19085693 ,-0.5265503 ,0.76049805 ,3 ,Acc ,15
3dd9e578dace13af ,474163426953 ,0.29870605 ,-0.532959 ,0.70251465 ,3 ,Acc ,15
3dd9e578dace13af ,474264143724 ,0.3963623 ,-0.52716064 ,0.65393066 ,3 ,Acc ,15
3dd9e578dace13af ,474384187109 ,0.4557495 ,-0.5628662 ,0.5529175 ,3 ,Acc ,15
3dd9e578dace13af ,474504435234 ,0.5136719 ,-0.56274414 ,0.5128784 ,3 ,Acc ,15
3dd9e578dace13af ,474624552005 ,0.49108887 ,-0.5571289 ,0.58325195 ,3 ,Acc ,15
3dd9e578dace13af ,474745650130 ,0.42681885 ,-0.48309326 ,0.7149048 ,3 ,Acc ,15
3dd9e578dace13af ,474865098984 ,0.28198242 ,-0.48712158 ,0.77667236 ,3 ,Acc ,15
3dd9e578dace13af ,474984840495 ,0.1482544 ,-0.5500488 ,0.7548828 ,3 ,Acc ,15
3dd9e578dace13af ,475084323463 ,0.18951416 ,-0.59521484 ,0.696167 ,3 ,Acc ,15
3dd9e578dace13af ,475185013984 ,0.36871338 ,-0.5213623 ,0.7073364 ,3 ,Acc ,15
3dd9e578dace13af ,475286199349 ,0.46246338 ,-0.5219116 ,0.6543579 ,3 ,Acc ,15
3dd9e578dace13af ,475404687630 ,0.5098877 ,-0.55999756 ,0.5958252 ,3 ,Acc ,15
3dd9e578dace13af ,475505416588 ,0.53430176 ,-0.5112915 ,0.64208984 ,3 ,Acc ,15
3dd9e578dace13af ,475625612161 ,0.48394775 ,-0.42437744 ,0.75213623 ,3 ,Acc ,15
3dd9e578dace13af ,475725073411 ,0.37591553 ,-0.41174316 ,0.81848145 ,3 ,Acc ,15
3dd9e578dace13af ,475825744296 ,0.2475586 ,-0.42358398 ,0.85998535 ,3 ,Acc ,15
3dd9e578dace13af ,475925272578 ,0.14648438 ,-0.45874023 ,0.86120605 ,3 ,Acc ,15
3dd9e578dace13af ,476026057161 ,0.14569092 ,-0.5587158 ,0.7943115 ,3 ,Acc ,15
3dd9e578dace13af ,476147197421 ,0.35546875 ,-0.47375488 ,0.79119873 ,3 ,Acc ,15
3dd9e578dace13af ,476206347682 ,7.9248075 ,-0.93852705 ,2.8395233 ,3 ,Acc ,1
3dd9e578dace13af ,476204391432 ,-0.21572876 ,4.7535706 ,0.6968231 ,0 ,Acc ,10
3dd9e578dace13af ,476266344817 ,0.5158081 ,-0.44299316 ,0.72210693 ,3 ,Acc ,15
3dd9e578dace13af ,476386366484 ,0.60357666 ,-0.4171753 ,0.6722412 ,3 ,Acc ,15
3dd9e578dace13af ,476506629557 ,0.5856323 ,-0.38171387 ,0.71173096 ,3 ,Acc ,15
3dd9e578dace13af ,476606049504 ,0.489563 ,-0.3526001 ,0.79559326 ,3 ,Acc ,15
3dd9e578dace13af ,476706644661 ,0.35040283 ,-0.40283203 ,0.84368896 ,3 ,Acc ,15
3dd9e578dace13af ,476806251952 ,0.22772217 ,-0.43548584 ,0.87023926 ,3 ,Acc ,15
3dd9e578dace13af ,476906956796 ,0.14135742 ,-0.46624756 ,0.8720703 ,3 ,Acc ,15
3dd9e578dace13af ,477006486900 ,0.2593994 ,-0.5292969 ,0.80285645 ,3 ,Acc ,15
3dd9e578dace13af ,477107202942 ,0.45581055 ,-0.4243164 ,0.77923584 ,3 ,Acc ,15
3dd9e578dace13af ,477227340390 ,0.5510254 ,-0.416687 ,0.7161255 ,3 ,Acc ,15
3dd9e578dace13af ,477348345233 ,0.59228516 ,-0.4124756 ,0.68621826 ,3 ,Acc ,15
3dd9e578dace13af ,477467570702 ,0.5475464 ,-0.37860107 ,0.7458496 ,3 ,Acc ,15
3dd9e578dace13af ,477567086483 ,0.41741943 ,-0.38433838 ,0.8233032 ,3 ,Acc ,15
3dd9e578dace13af ,477667672837 ,0.26379395 ,-0.45513916 ,0.8484497 ,3 ,Acc ,15
3dd9e578dace13af ,477767262056 ,0.14294434 ,-0.47473145 ,0.8631592 ,3 ,Acc ,15
3dd9e578dace13af ,477868014296 ,0.13793945 ,-0.5282593 ,0.83721924 ,3 ,Acc ,15
3dd9e578dace13af ,477987967004 ,0.35113525 ,-0.48516846 ,0.80023193 ,3 ,Acc ,15
3dd9e578dace13af ,478087638983 ,0.5020752 ,-0.35876465 ,0.78686523 ,3 ,Acc ,15
3dd9e578dace13af ,478188384556 ,0.578125 ,-0.3831787 ,0.7196655 ,3 ,Acc ,15
3dd9e578dace13af ,478308433202 ,0.6242676 ,-0.35876465 ,0.6937256 ,3 ,Acc ,15
3dd9e578dace13af ,478428670389 ,0.54571533 ,-0.36468506 ,0.75061035 ,3 ,Acc ,15
3dd9e578dace13af ,478528064712 ,0.4046631 ,-0.40081787 ,0.8156738 ,3 ,Acc ,15
3dd9e578dace13af ,478628715077 ,0.26379395 ,-0.47332764 ,0.83032227 ,3 ,Acc ,15
3dd9e578dace13af ,478728234347 ,0.15893555 ,-0.49871826 ,0.8410034 ,3 ,Acc ,15
3dd9e578dace13af ,478829093358 ,0.16711426 ,-0.5615845 ,0.80700684 ,3 ,Acc ,15
3dd9e578dace13af ,478950036222 ,0.38085938 ,-0.47747803 ,0.79071045 ,3 ,Acc ,15
3dd9e578dace13af ,479069326795 ,0.5274658 ,-0.37701416 ,0.760376 ,3 ,Acc ,15
3dd9e578dace13af ,479169316274 ,0.58532715 ,-0.3998413 ,0.7047119 ,3 ,Acc ,15
3dd9e578dace13af ,479208149035 ,5.193405 ,0.3287201 ,5.532791 ,0 ,Acc ,10
3dd9e578dace13af ,479210149556 ,13.321339 ,-5.7748146 ,5.4061074 ,3 ,Acc ,1
3dd9e578dace13af ,479269452420 ,0.5977173 ,-0.36431885 ,0.710083 ,3 ,Acc ,15
3dd9e578dace13af ,479369505180 ,0.52948 ,-0.37249756 ,0.7529907 ,3 ,Acc ,15
3dd9e578dace13af ,479489653670 ,0.38104248 ,-0.36010742 ,0.83599854 ,3 ,Acc ,15
3dd9e578dace13af ,479591541430 ,0.26153564 ,-0.444458 ,0.8389282 ,3 ,Acc ,15
3dd9e578dace13af ,479710083670 ,0.16033936 ,-0.49822998 ,0.8383179 ,3 ,Acc ,15
3dd9e578dace13af ,479830101951 ,0.22692871 ,-0.5938721 ,0.7686157 ,3 ,Acc ,15
3dd9e578dace13af ,479930129347 ,0.36749268 ,-0.4907837 ,0.7852783 ,3 ,Acc ,15
3dd9e578dace13af ,480030270076 ,0.4932251 ,-0.40350342 ,0.7628174 ,3 ,Acc ,15
3dd9e578dace13af ,480130174816 ,0.5939331 ,-0.3711548 ,0.7086792 ,3 ,Acc ,15
3dd9e578dace13af ,480230397941 ,0.6135864 ,-0.31219482 ,0.71362305 ,3 ,Acc ,15
3dd9e578dace13af ,480330394086 ,0.5414429 ,-0.31280518 ,0.76049805 ,3 ,Acc ,15
3dd9e578dace13af ,480430743722 ,0.39764404 ,-0.37268066 ,0.81903076 ,3 ,Acc ,15
3dd9e578dace13af ,480532394607 ,0.24859619 ,-0.4953003 ,0.80773926 ,3 ,Acc ,15
3dd9e578dace13af ,480650815909 ,0.12963867 ,-0.5265503 ,0.8104248 ,3 ,Acc ,15
3dd9e578dace13af ,480752402784 ,0.222229 ,-0.5593872 ,0.7793579 ,3 ,Acc ,15
3dd9e578dace13af ,480871224867 ,0.41918945 ,-0.3925171 ,0.7965698 ,3 ,Acc ,15
3dd9e578dace13af ,480991330753 ,0.5545044 ,-0.36157227 ,0.73431396 ,3 ,Acc ,15
3dd9e578dace13af ,481111458878 ,0.61724854 ,-0.32318115 ,0.6953125 ,3 ,Acc ,15
3dd9e578dace13af ,481231628721 ,0.5566406 ,-0.30548096 ,0.73742676 ,3 ,Acc ,15
3dd9e578dace13af ,481352512784 ,0.37780762 ,-0.40246582 ,0.7998047 ,3 ,Acc ,15
3dd9e578dace13af ,481471840857 ,0.19848633 ,-0.53326416 ,0.7826538 ,3 ,Acc ,15
3dd9e578dace13af ,481571143565 ,0.10333252 ,-0.550354 ,0.78515625 ,3 ,Acc ,15
3dd9e578dace13af ,481673536846 ,0.16357422 ,-0.6341553 ,0.73083496 ,3 ,Acc ,15
3dd9e578dace13af ,481792360388 ,0.3986206 ,-0.49139404 ,0.7572632 ,3 ,Acc ,15
3dd9e578dace13af ,481893456534 ,0.54052734 ,-0.34191895 ,0.7470093 ,3 ,Acc ,15
3dd9e578dace13af ,482011716794 ,0.626709 ,-0.29144287 ,0.6868286 ,3 ,Acc ,15
3dd9e578dace13af ,482112669190 ,0.6265869 ,-0.27478027 ,0.6793213 ,3 ,Acc ,15
3dd9e578dace13af ,482211826221 ,0.52667236 ,-0.32781982 ,0.7318115 ,3 ,Acc ,15
3dd9e578dace13af ,482210651846 ,10.150421 ,4.6752625 ,-1.0473022 ,0 ,Acc ,10
3dd9e578dace13af ,482212463148 ,16.189592 ,-3.1507695 ,1.2306197 ,3 ,Acc ,1
3dd9e578dace13af ,482312591065 ,0.35302734 ,-0.45037842 ,0.7766113 ,3 ,Acc ,15
3dd9e578dace13af ,482412250075 ,0.18713379 ,-0.58917236 ,0.7362671 ,3 ,Acc ,15
3dd9e578dace13af ,482512910700 ,0.05609131 ,-0.5878906 ,0.751709 ,3 ,Acc ,15
3dd9e578dace13af ,482612592523 ,0.08666992 ,-0.6719971 ,0.69647217 ,3 ,Acc ,15
3dd9e578dace13af ,482713183773 ,0.30218506 ,-0.6277466 ,0.69281006 ,3 ,Acc ,15
3dd9e578dace13af ,482833416117 ,0.53240967 ,-0.3630371 ,0.73480225 ,3 ,Acc ,15
3dd9e578dace13af ,482954311898 ,0.6151123 ,-0.35394287 ,0.6663208 ,3 ,Acc ,15
3dd9e578dace13af ,483073654189 ,0.6031494 ,-0.3270874 ,0.6679077 ,3 ,Acc ,15
3dd9e578dace13af ,483193626325 ,0.47174072 ,-0.34124756 ,0.7505493 ,3 ,Acc ,15
3dd9e578dace13af ,483294753148 ,0.30090332 ,-0.49645996 ,0.7653198 ,3 ,Acc ,15
3dd9e578dace13af ,483394029241 ,0.1383667 ,-0.61724854 ,0.71777344 ,3 ,Acc ,15
3dd9e578dace13af ,483513897210 ,0.049804688 ,-0.6414795 ,0.7084961 ,3 ,Acc ,15
3dd9e578dace13af ,483615076012 ,0.17895508 ,-0.63775635 ,0.7012329 ,3 ,Acc ,15
3dd9e578dace13af ,483733777314 ,0.40545654 ,-0.42980957 ,0.7564697 ,3 ,Acc ,15
3dd9e578dace13af ,483834403825 ,0.5280762 ,-0.36254883 ,0.7191162 ,3 ,Acc ,15
3dd9e578dace13af ,483956956845 ,0.583313 ,-0.3595581 ,0.6708374 ,3 ,Acc ,15
3dd9e578dace13af ,484074642158 ,0.53900146 ,-0.33673096 ,0.7039795 ,3 ,Acc ,15
3dd9e578dace13af ,484175770752 ,0.39727783 ,-0.40600586 ,0.75598145 ,3 ,Acc ,15
3dd9e578dace13af ,484274988460 ,0.23254395 ,-0.5718994 ,0.7111206 ,3 ,Acc ,15
3dd9e578dace13af ,484394912210 ,0.059020996 ,-0.63342285 ,0.67718506 ,3 ,Acc ,15
3dd9e578dace13af ,484494587939 ,0.07733154 ,-0.67059326 ,0.66192627 ,3 ,Acc ,15
3dd9e578dace13af ,484595404397 ,0.28997803 ,-0.62158203 ,0.6694336 ,3 ,Acc ,15
3dd9e578dace13af ,484694783095 ,0.45666504 ,-0.4130249 ,0.72753906 ,3 ,Acc ,15
3dd9e578dace13af ,484814839814 ,0.5704956 ,-0.38427734 ,0.6703491 ,3 ,Acc ,15
3dd9e578dace13af ,484915735230 ,0.5887451 ,-0.39349365 ,0.6395874 ,3 ,Acc ,15
3dd9e578dace13af ,485015167470 ,0.51342773 ,-0.38256836 ,0.6838989 ,3 ,Acc ,15
3dd9e578dace13af ,485115747939 ,0.3760376 ,-0.45507813 ,0.7250366 ,3 ,Acc ,15
3dd9e578dace13af ,485215322522 ,0.22113037 ,-0.57922363 ,0.69451904 ,3 ,Acc ,15
3dd9e578dace13af ,485216034449 ,9.093178 ,-3.371036 ,0.5363012 ,3 ,Acc ,1
3dd9e578dace13af ,485214056064 ,9.932877 ,6.3081665 ,-1.750824 ,0 ,Acc ,10
3dd9e578dace13af ,485316104345 ,0.07397461 ,-0.59936523 ,0.692749 ,3 ,Acc ,15
3dd9e578dace13af ,485436075595 ,0.08081055 ,-0.66033936 ,0.66430664 ,3 ,Acc ,15
3dd9e578dace13af ,485557357157 ,0.30004883 ,-0.6254883 ,0.659729 ,3 ,Acc ,15
3dd9e578dace13af ,485676357730 ,0.4730835 ,-0.40905762 ,0.71673584 ,3 ,Acc ,15
3dd9e578dace13af ,485796639761 ,0.5449829 ,-0.3670044 ,0.66522217 ,3 ,Acc ,15
3dd9e578dace13af ,485896122886 ,0.52423096 ,-0.3071289 ,0.67974854 ,3 ,Acc ,15
3dd9e578dace13af ,485996678355 ,0.43414307 ,-0.34191895 ,0.7192383 ,3 ,Acc ,15
3dd9e578dace13af ,486097269605 ,0.28894043 ,-0.47583008 ,0.7244873 ,3 ,Acc ,15
3dd9e578dace13af ,486197077522 ,0.1453247 ,-0.5822754 ,0.6862793 ,3 ,Acc ,15
3dd9e578dace13af ,486316952574 ,0.05822754 ,-0.58618164 ,0.7105713 ,3 ,Acc ,15
3dd9e578dace13af ,486416630594 ,0.16125488 ,-0.6399536 ,0.66296387 ,3 ,Acc ,15
3dd9e578dace13af ,486517464188 ,0.31536865 ,-0.53326416 ,0.69317627 ,3 ,Acc ,15
3dd9e578dace13af ,486637375386 ,0.4675293 ,-0.41436768 ,0.6810303 ,3 ,Acc ,15
3dd9e578dace13af ,486758654136 ,0.53881836 ,-0.36016846 ,0.65063477 ,3 ,Acc ,15
3dd9e578dace13af ,486877764969 ,0.48675537 ,-0.33538818 ,0.67419434 ,3 ,Acc ,15
3dd9e578dace13af ,486977235750 ,0.36712646 ,-0.4229126 ,0.70202637 ,3 ,Acc ,15
3dd9e578dace13af ,487078032990 ,0.22320557 ,-0.56622314 ,0.6669922 ,3 ,Acc ,15
3dd9e578dace13af ,487177445594 ,0.08508301 ,-0.6446533 ,0.62127686 ,3 ,Acc ,15
3dd9e578dace13af ,487278110490 ,0.6239624 ,-0.4041748 ,0.61383057 ,3 ,Acc ,15
3dd9e578dace13af ,487398373563 ,0.68725586 ,-0.37371826 ,0.4946289 ,3 ,Acc ,15
3dd9e578dace13af ,487518416323 ,0.8536377 ,-0.237854 ,0.32843018 ,3 ,Acc ,15
3dd9e578dace13af ,487638636219 ,0.8777466 ,-0.22943115 ,0.21289063 ,3 ,Acc ,15
3dd9e578dace13af ,487738104188 ,0.8847046 ,-0.24066162 ,0.17248535 ,3 ,Acc ,15
3dd9e578dace13af ,487838796948 ,0.89019775 ,-0.24914551 ,0.2088623 ,3 ,Acc ,15
3dd9e578dace13af ,487938271688 ,0.8502197 ,-0.28845215 ,0.32525635 ,3 ,Acc ,15
3dd9e578dace13af ,488218515385 ,-1.3766785 ,-1.0078125 ,0.31814575 ,0 ,Acc ,10
3dd9e578dace13af ,488221325333 ,8.623915 ,-2.2026656 ,-0.6512229 ,3 ,Acc ,1
3dd9e578dace13af ,488260724604 ,0.6170654 ,-0.40441895 ,0.5852051 ,3 ,Acc ,15
3dd9e578dace13af ,488479458146 ,0.8425293 ,-0.27752686 ,0.33337402 ,3 ,Acc ,15
3dd9e578dace13af ,488599625646 ,0.8684082 ,-0.29364014 ,0.22503662 ,3 ,Acc ,15
3dd9e578dace13af ,488699346844 ,0.88671875 ,-0.30389404 ,0.18286133 ,3 ,Acc ,15
3dd9e578dace13af ,488799862625 ,0.90496826 ,-0.28668213 ,0.21374512 ,3 ,Acc ,15
3dd9e578dace13af ,488899268041 ,0.86138916 ,-0.31311035 ,0.32025146 ,3 ,Acc ,15
3dd9e578dace13af ,489000133771 ,0.7445679 ,-0.3690796 ,0.46643066 ,3 ,Acc ,15
3dd9e578dace13af ,489120115802 ,0.57366943 ,-0.4890747 ,0.56378174 ,3 ,Acc ,15
3dd9e578dace13af ,489219642000 ,0.5390625 ,-0.5 ,0.6094971 ,3 ,Acc ,15
3dd9e578dace13af ,489320482468 ,0.6154175 ,-0.46691895 ,0.5429077 ,3 ,Acc ,15
3dd9e578dace13af ,489440471427 ,0.8143921 ,-0.3446045 ,0.38134766 ,3 ,Acc ,15
3dd9e578dace13af ,489561638822 ,0.88861084 ,-0.3017578 ,0.29943848 ,3 ,Acc ,15
3dd9e578dace13af ,489680743666 ,0.90618896 ,-0.31726074 ,0.27416992 ,3 ,Acc ,15
3dd9e578dace13af ,489780253510 ,0.9168091 ,-0.2960205 ,0.26501465 ,3 ,Acc ,15
3dd9e578dace13af ,489881054031 ,0.9036255 ,-0.23303223 ,0.32421875 ,3 ,Acc ,15
3dd9e578dace13af ,490001010801 ,0.86169434 ,-0.1887207 ,0.41693115 ,3 ,Acc ,15
3dd9e578dace13af ,490100644551 ,0.82141113 ,-0.14587402 ,0.48065186 ,3 ,Acc ,15
3dd9e578dace13af ,490201365853 ,0.7720947 ,-0.10119629 ,0.5184326 ,3 ,Acc ,15
3dd9e578dace13af ,490321383874 ,0.7253418 ,-0.15209961 ,0.52801514 ,3 ,Acc ,15
3dd9e578dace13af ,490441655124 ,0.67907715 ,-0.2376709 ,0.47277832 ,3 ,Acc ,15
3dd9e578dace13af ,490541080332 ,0.63165283 ,-0.25146484 ,0.3734131 ,3 ,Acc ,15
3dd9e578dace13af ,490641737260 ,0.5529785 ,-0.17352295 ,0.25842285 ,3 ,Acc ,15
3dd9e578dace13af ,490741382468 ,0.49438477 ,-0.049621582 ,0.19543457 ,3 ,Acc ,15
3dd9e578dace13af ,490842093249 ,0.40393066 ,0.09307861 ,0.1928711 ,3 ,Acc ,15
3dd9e578dace13af ,490963007311 ,0.25897217 ,0.24682617 ,0.21264648 ,3 ,Acc ,15
3dd9e578dace13af ,491082323614 ,0.19342041 ,0.24261475 ,0.22583008 ,3 ,Acc ,15
3dd9e578dace13af ,491202364707 ,0.20172119 ,0.10797119 ,0.13781738 ,3 ,Acc ,15
3dd9e578dace13af ,491220708457 ,8.096481 ,-0.70480347 ,-8.191544 ,0 ,Acc ,10
3dd9e578dace13af ,491222647624 ,10.390836 ,-4.6160207 ,0.6847417 ,3 ,Acc ,1
3dd9e578dace13af ,491322531218 ,0.19665527 ,-0.03753662 ,0.023864746 ,3 ,Acc ,15
3dd9e578dace13af ,491442523978 ,0.17962646 ,-0.11755371 ,-0.045654297 ,3 ,Acc ,15
3dd9e578dace13af ,491542235592 ,0.2467041 ,-0.09075928 ,-0.011169434 ,3 ,Acc ,15
3dd9e578dace13af ,491642997207 ,0.20123291 ,0.06451416 ,0.06304932 ,3 ,Acc ,15
3dd9e578dace13af ,491742219342 ,0.14172363 ,0.20343018 ,0.111450195 ,3 ,Acc ,15
3dd9e578dace13af ,491843076061 ,0.19250488 ,0.26470947 ,0.13671875 ,3 ,Acc ,15
3dd9e578dace13af ,491964311634 ,0.17407227 ,0.3192749 ,0.11730957 ,3 ,Acc ,15
3dd9e578dace13af ,492083281790 ,0.14385986 ,0.26348877 ,0.074401855 ,3 ,Acc ,15
3dd9e578dace13af ,492203517936 ,0.17272949 ,0.089538574 ,0.013549805 ,3 ,Acc ,15
3dd9e578dace13af ,492303019186 ,0.22772217 ,-0.049560547 ,-0.049682617 ,3 ,Acc ,15
3dd9e578dace13af ,492403554811 ,0.24230957 ,-0.13208008 ,-0.08477783 ,3 ,Acc ,15
3dd9e578dace13af ,492503225175 ,0.3069458 ,-0.11828613 ,-0.03692627 ,3 ,Acc ,15
3dd9e578dace13af ,492604033769 ,0.2630005 ,0.048095703 ,0.0524292 ,3 ,Acc ,15
3dd9e578dace13af ,492723898665 ,0.15856934 ,0.23291016 ,0.08068848 ,3 ,Acc ,15
3dd9e578dace13af ,492823553144 ,0.17797852 ,0.30584717 ,0.08526611 ,3 ,Acc ,15
3dd9e578dace13af ,492924427363 ,0.16436768 ,0.33947754 ,0.06616211 ,3 ,Acc ,15
3dd9e578dace13af ,493044886425 ,0.1352539 ,0.26257324 ,0.030517578 ,3 ,Acc ,15
3dd9e578dace13af ,493165624029 ,0.18444824 ,0.061279297 ,-0.008972168 ,3 ,Acc ,15
3dd9e578dace13af ,493284639654 ,0.27416992 ,-0.12036133 ,-0.11657715 ,3 ,Acc ,15
3dd9e578dace13af ,493384089758 ,0.29058838 ,-0.18908691 ,-0.14202881 ,3 ,Acc ,15
3dd9e578dace13af ,493484963613 ,0.3538208 ,-0.10992432 ,-0.06774902 ,3 ,Acc ,15
3dd9e578dace13af ,493584408665 ,0.2677002 ,0.09716797 ,0.027160645 ,3 ,Acc ,15
3dd9e578dace13af ,493684969654 ,0.16229248 ,0.26330566 ,0.05126953 ,3 ,Acc ,15
3dd9e578dace13af ,493784567623 ,0.19781494 ,0.33642578 ,0.041748047 ,3 ,Acc ,15
3dd9e578dace13af ,493885446060 ,0.18811035 ,0.3534546 ,0.019165039 ,3 ,Acc ,15
3dd9e578dace13af ,494005335279 ,0.15008545 ,0.24975586 ,-0.007385254 ,3 ,Acc ,15
3dd9e578dace13af ,494125613925 ,0.17138672 ,0.048828125 ,-0.032592773 ,3 ,Acc ,15
3dd9e578dace13af ,494225004289 ,0.25531006 ,-0.10211182 ,-0.107666016 ,3 ,Acc ,15
3dd9e578dace13af ,494225699185 ,9.26556 ,-3.107674 ,-1.4030021 ,3 ,Acc ,1
3dd9e578dace13af ,494223757154 ,11.423492 ,1.6663818 ,-9.746643 ,0 ,Acc ,10
3dd9e578dace13af ,494325602623 ,0.2816162 ,-0.1907959 ,-0.14239502 ,3 ,Acc ,15
3dd9e578dace13af ,494425271425 ,0.36242676 ,-0.14105225 ,-0.10076904 ,3 ,Acc ,15
3dd9e578dace13af ,494526067831 ,0.29260254 ,0.04852295 ,-0.016540527 ,3 ,Acc ,15
3dd9e578dace13af ,494646041268 ,0.21044922 ,0.22515869 ,0.030151367 ,3 ,Acc ,15
3dd9e578dace13af ,494745466529 ,0.26531982 ,0.2927246 ,0.03515625 ,3 ,Acc ,15
3dd9e578dace13af ,494846342883 ,0.18493652 ,0.32312012 ,0.005554199 ,3 ,Acc ,15
3dd9e578dace13af ,494967297987 ,0.17669678 ,0.20050049 ,-0.030212402 ,3 ,Acc ,15
3dd9e578dace13af ,495086535122 ,0.27398682 ,-0.013244629 ,-0.11230469 ,3 ,Acc ,15
3dd9e578dace13af ,495206588456 ,0.29632568 ,-0.16619873 ,-0.20892334 ,3 ,Acc ,15
3dd9e578dace13af ,495306196372 ,0.35754395 ,-0.19036865 ,-0.19494629 ,3 ,Acc ,15
3dd9e578dace13af ,495407012779 ,0.37902832 ,-0.029541016 ,-0.10089111 ,3 ,Acc ,15
3dd9e578dace13af ,495527029810 ,0.16680908 ,0.19073486 ,-0.03540039 ,3 ,Acc ,15
3dd9e578dace13af ,495626533976 ,0.21582031 ,0.28271484 ,-0.0211792 ,3 ,Acc ,15
3dd9e578dace13af ,495727837049 ,0.22460938 ,0.33355713 ,-0.03149414 ,3 ,Acc ,15
3dd9e578dace13af ,495847810747 ,0.17272949 ,0.2738037 ,-0.056884766 ,3 ,Acc ,15
3dd9e578dace13af ,495968892882 ,0.22149658 ,0.084106445 ,-0.119628906 ,3 ,Acc ,15
3dd9e578dace13af ,496088072987 ,0.28625488 ,-0.09075928 ,-0.19927979 ,3 ,Acc ,15
3dd9e578dace13af ,496208315539 ,0.2954712 ,-0.19042969 ,-0.22601318 ,3 ,Acc ,15
3dd9e578dace13af ,496328409601 ,0.37249756 ,-0.09979248 ,-0.18377686 ,3 ,Acc ,15
3dd9e578dace13af ,496448651736 ,0.24664307 ,0.09588623 ,-0.1038208 ,3 ,Acc ,15
3dd9e578dace13af ,496569498768 ,0.22033691 ,0.24951172 ,-0.06329346 ,3 ,Acc ,15
3dd9e578dace13af ,496688975538 ,0.18707275 ,0.32019043 ,-0.074157715 ,3 ,Acc ,15
3dd9e578dace13af ,496808900018 ,0.1765747 ,0.25256348 ,-0.10443115 ,3 ,Acc ,15
3dd9e578dace13af ,496929018976 ,0.19573975 ,0.07550049 ,-0.16009521 ,3 ,Acc ,15
3dd9e578dace13af ,497049067361 ,0.25976563 ,-0.08666992 ,-0.23095703 ,3 ,Acc ,15
3dd9e578dace13af ,497170236840 ,0.33843994 ,-0.16723633 ,-0.22729492 ,3 ,Acc ,15
3dd9e578dace13af ,497227005330 ,10.913818 ,2.2485657 ,-4.888214 ,0 ,Acc ,10
3dd9e578dace13af ,497250123351 ,6.8282633 ,-4.807557 ,2.9161377 ,3 ,Acc ,1
3dd9e578dace13af ,497289425330 ,0.395813 ,-0.05206299 ,-0.16967773 ,3 ,Acc ,15
3dd9e578dace13af ,497409741163 ,0.23675537 ,0.12658691 ,-0.122802734 ,3 ,Acc ,15
3dd9e578dace13af ,497529624444 ,0.23217773 ,0.25994873 ,-0.09881592 ,3 ,Acc ,15
3dd9e578dace13af ,497649988976 ,0.18927002 ,0.30633545 ,-0.11932373 ,3 ,Acc ,15
3dd9e578dace13af ,497770727517 ,0.16784668 ,0.2177124 ,-0.16430664 ,3 ,Acc ,15
3dd9e578dace13af ,497889688819 ,0.20288086 ,0.05102539 ,-0.21374512 ,3 ,Acc ,15
3dd9e578dace13af ,498009691632 ,0.27026367 ,-0.09082031 ,-0.28051758 ,3 ,Acc ,15
3dd9e578dace13af ,498109097152 ,0.3397827 ,-0.15441895 ,-0.28588867 ,3 ,Acc ,15
3dd9e578dace13af ,498209978923 ,0.4024048 ,-0.076293945 ,-0.24432373 ,3 ,Acc ,15
3dd9e578dace13af ,498309540954 ,0.270813 ,0.06201172 ,-0.19226074 ,3 ,Acc ,15
3dd9e578dace13af ,498410193975 ,0.21923828 ,0.18371582 ,-0.16601563 ,3 ,Acc ,15
3dd9e578dace13af ,498530428298 ,0.20526123 ,0.2810669 ,-0.1531372 ,3 ,Acc ,15
3dd9e578dace13af ,498650411111 ,0.1303711 ,0.26391602 ,-0.18237305 ,3 ,Acc ,15
3dd9e578dace13af ,498771571423 ,0.17480469 ,0.09429932 ,-0.2244873 ,3 ,Acc ,15
3dd9e578dace13af ,498890787777 ,0.2800293 ,-0.08081055 ,-0.3128662 ,3 ,Acc ,15
3dd9e578dace13af ,498990175954 ,0.3102417 ,-0.18115234 ,-0.35272217 ,3 ,Acc ,15
3dd9e578dace13af ,499090974340 ,0.40777588 ,-0.16418457 ,-0.31933594 ,3 ,Acc ,15
3dd9e578dace13af ,499190462673 ,0.37023926 ,-0.0056152344 ,-0.2411499 ,3 ,Acc ,15
3dd9e578dace13af ,499291098715 ,0.22320557 ,0.13244629 ,-0.18780518 ,3 ,Acc ,15
3dd9e578dace13af ,499411374183 ,0.2623291 ,0.24780273 ,-0.16436768 ,3 ,Acc ,15
3dd9e578dace13af ,499531468975 ,0.21789551 ,0.2919922 ,-0.1798706 ,3 ,Acc ,15
3dd9e578dace13af ,499651648975 ,0.1864624 ,0.20117188 ,-0.2290039 ,3 ,Acc ,15
3dd9e578dace13af ,499751040069 ,0.234375 ,0.04156494 ,-0.27264404 ,3 ,Acc ,15
3dd9e578dace13af ,499851793818 ,0.33374023 ,-0.09399414 ,-0.35076904 ,3 ,Acc ,15
3dd9e578dace13af ,499951314287 ,0.36914063 ,-0.19769287 ,-0.39691162 ,3 ,Acc ,15
3dd9e578dace13af ,500052017100 ,0.4413452 ,-0.16363525 ,-0.35394287 ,3 ,Acc ,15
3dd9e578dace13af ,500151539131 ,0.3828125 ,-0.0067749023 ,-0.2793579 ,3 ,Acc ,15
3dd9e578dace13af ,500230308714 ,8.511993 ,3.477768 ,-5.388733 ,0 ,Acc ,10
3dd9e578dace13af ,500252174443 ,0.25439453 ,0.12878418 ,-0.22583008 ,3 ,Acc ,15
3dd9e578dace13af ,500252817204 ,9.088389 ,-0.40222588 ,2.9592333 ,3 ,Acc ,1
3dd9e578dace13af ,500351757933 ,0.27752686 ,0.22528076 ,-0.19873047 ,3 ,Acc ,15
3dd9e578dace13af ,500452565537 ,0.23754883 ,0.26452637 ,-0.21032715 ,3 ,Acc ,15
3dd9e578dace13af ,500573459808 ,0.1932373 ,0.19836426 ,-0.25543213 ,3 ,Acc ,15
3dd9e578dace13af ,500692698349 ,0.2321167 ,0.014526367 ,-0.32141113 ,3 ,Acc ,15
3dd9e578dace13af ,500792212256 ,0.30438232 ,-0.11981201 ,-0.4003296 ,3 ,Acc ,15
3dd9e578dace13af ,500892767516 ,0.33673096 ,-0.20910645 ,-0.4453125 ,3 ,Acc ,15
3dd9e578dace13af ,500992374964 ,0.3908081 ,-0.17626953 ,-0.4116211 ,3 ,Acc ,15
3dd9e578dace13af ,501093177464 ,0.33911133 ,-0.014465332 ,-0.33288574 ,3 ,Acc ,15
3dd9e578dace13af ,501213168193 ,0.19403076 ,0.14208984 ,-0.2611084 ,3 ,Acc ,15
3dd9e578dace13af ,501333474964 ,0.22296143 ,0.23150635 ,-0.2546997 ,3 ,Acc ,15
3dd9e578dace13af ,501453514964 ,0.17321777 ,0.2434082 ,-0.27893066 ,3 ,Acc ,15
3dd9e578dace13af ,501574629443 ,0.19293213 ,0.1385498 ,-0.32666016 ,3 ,Acc ,15
3dd9e578dace13af ,501693654130 ,0.28851318 ,-0.038024902 ,-0.39898682 ,3 ,Acc ,15
3dd9e578dace13af ,501793238818 ,0.34814453 ,-0.15545654 ,-0.46118164 ,3 ,Acc ,15
3dd9e578dace13af ,501894031734 ,0.3885498 ,-0.20465088 ,-0.461792 ,3 ,Acc ,15
3dd9e578dace13af ,502014008818 ,0.42962646 ,-0.08123779 ,-0.38781738 ,3 ,Acc ,15
3dd9e578dace13af ,502113635693 ,0.30511475 ,0.059692383 ,-0.33050537 ,3 ,Acc ,15
3dd9e578dace13af ,502214400953 ,0.24560547 ,0.17022705 ,-0.3022461 ,3 ,Acc ,15
3dd9e578dace13af ,502334395640 ,0.24291992 ,0.25256348 ,-0.29748535 ,3 ,Acc ,15
3dd9e578dace13af ,502434012515 ,0.19567871 ,0.24249268 ,-0.3287964 ,3 ,Acc ,15
3dd9e578dace13af ,502534769078 ,0.19836426 ,0.14324951 ,-0.3703003 ,3 ,Acc ,15
3dd9e578dace13af ,502634162203 ,0.26745605 ,-0.007873535 ,-0.40356445 ,3 ,Acc ,15
3dd9e578dace13af ,502734884859 ,0.33215332 ,-0.12908936 ,-0.46661377 ,3 ,Acc ,15
3dd9e578dace13af ,502834342724 ,0.33428955 ,-0.23046875 ,-0.49890137 ,3 ,Acc ,15
3dd9e578dace13af ,502935156630 ,0.41149902 ,-0.1899414 ,-0.46923828 ,3 ,Acc ,15
3dd9e578dace13af ,503055211421 ,0.37579346 ,-0.009277344 ,-0.38739014 ,3 ,Acc ,15
3dd9e578dace13af ,503176543817 ,0.26519775 ,0.14971924 ,-0.3291626 ,3 ,Acc ,15
3dd9e578dace13af ,503233533817 ,9.001999 ,2.5896606 ,-2.034607 ,0 ,Acc ,10
3dd9e578dace13af ,503256236994 ,10.366894 ,-4.6686935 ,5.5018754 ,3 ,Acc ,1
3dd9e578dace13af ,503295484703 ,0.22766113 ,0.23742676 ,-0.3388672 ,3 ,Acc ,15
3dd9e578dace13af ,503395095953 ,0.1539917 ,0.22796631 ,-0.36108398 ,3 ,Acc ,15
3dd9e578dace13af ,503495727046 ,0.18713379 ,0.13787842 ,-0.39007568 ,3 ,Acc ,15
3dd9e578dace13af ,503595148921 ,0.2939453 ,-0.010314941 ,-0.43792725 ,3 ,Acc ,15
3dd9e578dace13af ,503697128140 ,0.37261963 ,-0.13531494 ,-0.5027466 ,3 ,Acc ,15
3dd9e578dace13af ,503816086786 ,0.38861084 ,-0.22814941 ,-0.524353 ,3 ,Acc ,15
3dd9e578dace13af ,503936092879 ,0.46453857 ,-0.14178467 ,-0.48303223 ,3 ,Acc ,15
3dd9e578dace13af ,504056398713 ,0.37036133 ,0.040893555 ,-0.41436768 ,3 ,Acc ,15
3dd9e578dace13af ,504177514702 ,0.2987671 ,0.18457031 ,-0.368042 ,3 ,Acc ,15
3dd9e578dace13af ,504296687046 ,0.27111816 ,0.2411499 ,-0.38085938 ,3 ,Acc ,15
3dd9e578dace13af ,504396111473 ,0.26416016 ,0.20477295 ,-0.3986206 ,3 ,Acc ,15
3dd9e578dace13af ,504496746577 ,0.33898926 ,0.09838867 ,-0.43878174 ,3 ,Acc ,15
3dd9e578dace13af ,504596320015 ,0.41784668 ,-0.051757813 ,-0.48406982 ,3 ,Acc ,15
3dd9e578dace13af ,504697026056 ,0.46264648 ,-0.16711426 ,-0.5229492 ,3 ,Acc ,15
3dd9e578dace13af ,504817071421 ,0.5032959 ,-0.20324707 ,-0.5048218 ,3 ,Acc ,15
3dd9e578dace13af ,504937362410 ,0.5597534 ,-0.033447266 ,-0.42626953 ,3 ,Acc ,15
3dd9e578dace13af ,505057313973 ,0.39819336 ,0.11773682 ,-0.39056396 ,3 ,Acc ,15
3dd9e578dace13af ,505178649285 ,0.40942383 ,0.24072266 ,-0.37365723 ,3 ,Acc ,15
3dd9e578dace13af ,505297710431 ,0.42181396 ,0.29516602 ,-0.37408447 ,3 ,Acc ,15
3dd9e578dace13af ,505397204598 ,0.44158936 ,0.24993896 ,-0.4005127 ,3 ,Acc ,15
3dd9e578dace13af ,505497976004 ,0.501709 ,0.13348389 ,-0.4364624 ,3 ,Acc ,15
3dd9e578dace13af ,505597361264 ,0.5583496 ,-0.0020751953 ,-0.45440674 ,3 ,Acc ,15
3dd9e578dace13af ,505697944598 ,0.5758667 ,-0.11218262 ,-0.46588135 ,3 ,Acc ,15
3dd9e578dace13af ,505797537358 ,0.5821533 ,-0.16986084 ,-0.45440674 ,3 ,Acc ,15
3dd9e578dace13af ,505898420066 ,0.6179199 ,-0.092285156 ,-0.43896484 ,3 ,Acc ,15
3dd9e578dace13af ,506018359545 ,0.5564575 ,0.076660156 ,-0.40179443 ,3 ,Acc ,15
3dd9e578dace13af ,506139101785 ,0.5557251 ,0.22418213 ,-0.35614014 ,3 ,Acc ,15
3dd9e578dace13af ,506236864441 ,8.797943 ,3.6148071 ,2.1351013 ,0 ,Acc ,10
3dd9e578dace13af ,506259474597 ,10.58716 ,-6.6175733 ,4.6112323 ,3 ,Acc ,1
3dd9e578dace13af ,506258769337 ,0.5378418 ,0.31640625 ,-0.34490967 ,3 ,Acc ,15
3dd9e578dace13af ,506358254545 ,0.48016357 ,0.30371094 ,-0.3834839 ,3 ,Acc ,15
3dd9e578dace13af ,506459023191 ,0.51239014 ,0.20239258 ,-0.42370605 ,3 ,Acc ,15
3dd9e578dace13af ,506579974910 ,0.5713501 ,0.009399414 ,-0.42340088 ,3 ,Acc ,15
3dd9e578dace13af ,506699222149 ,0.64019775 ,-0.14483643 ,-0.4248047 ,3 ,Acc ,15
3dd9e578dace13af ,506819219128 ,0.6673584 ,-0.20629883 ,-0.40393066 ,3 ,Acc ,15
3dd9e578dace13af ,506939535118 ,0.7005615 ,-0.05230713 ,-0.38061523 ,3 ,Acc ,15
3dd9e578dace13af ,507059565639 ,0.57421875 ,0.123413086 ,-0.38897705 ,3 ,Acc ,15
3dd9e578dace13af ,507159091316 ,0.5328369 ,0.2366333 ,-0.39489746 ,3 ,Acc ,15
3dd9e578dace13af ,507259889441 ,0.5194702 ,0.2878418 ,-0.42114258 ,3 ,Acc ,15
3dd9e578dace13af ,507359308659 ,0.49505615 ,0.2774048 ,-0.45196533 ,3 ,Acc ,15
3dd9e578dace13af ,507459954389 ,0.5372925 ,0.17321777 ,-0.47576904 ,3 ,Acc ,15
3dd9e578dace13af ,507559532722 ,0.5592041 ,-0.009765625 ,-0.5050659 ,3 ,Acc ,15
3dd9e578dace13af ,507660303086 ,0.5565796 ,-0.2055664 ,-0.52948 ,3 ,Acc ,15
3dd9e578dace13af ,507781238763 ,0.5126953 ,-0.43041992 ,-0.5529785 ,3 ,Acc ,15
3dd9e578dace13af ,507900576263 ,0.46472168 ,-0.54119873 ,-0.5807495 ,3 ,Acc ,15
3dd9e578dace13af ,508000113972 ,0.4730835 ,-0.5261841 ,-0.6203003 ,3 ,Acc ,15
3dd9e578dace13af ,508100662461 ,0.4321289 ,-0.56799316 ,-0.6094971 ,3 ,Acc ,15
3dd9e578dace13af ,508200259753 ,0.24414063 ,0.04663086 ,-0.6682739 ,3 ,Acc ,15
3dd9e578dace13af ,508301046732 ,0.25390625 ,0.03314209 ,-0.66882324 ,3 ,Acc ,15
3dd9e578dace13af ,508420806576 ,0.25213623 ,0.008422852 ,-0.68847656 ,3 ,Acc ,15
3dd9e578dace13af ,508520569128 ,0.24328613 ,0.027832031 ,-0.7142334 ,3 ,Acc ,15
3dd9e578dace13af ,508621169492 ,0.230896 ,0.038208008 ,-0.75286865 ,3 ,Acc ,15
3dd9e578dace13af ,508741047201 ,0.22149658 ,0.052978516 ,-0.7739868 ,3 ,Acc ,15
3dd9e578dace13af ,508840941575 ,0.2322998 ,0.072021484 ,-0.7761841 ,3 ,Acc ,15
3dd9e578dace13af ,508941541107 ,0.25183105 ,0.07867432 ,-0.769104 ,3 ,Acc ,15
3dd9e578dace13af ,509041142409 ,0.2645874 ,0.083984375 ,-0.7484131 ,3 ,Acc ,15
3dd9e578dace13af ,509141884857 ,0.24395752 ,0.079956055 ,-0.7416992 ,3 ,Acc ,15
3dd9e578dace13af ,509241374127 ,0.21325684 ,0.06439209 ,-0.73553467 ,3 ,Acc ,15
3dd9e578dace13af ,509240113763 ,0.59552 ,-2.0115356 ,-1.3302155 ,0 ,Acc ,10
3dd9e578dace13af ,509262632357 ,-1.1204864 ,-5.93762 ,7.201759 ,3 ,Acc ,1
3dd9e578dace13af ,509361466002 ,0.21026611 ,0.059753418 ,-0.7267456 ,3 ,Acc ,15
3dd9e578dace13af ,509461995846 ,0.2111206 ,0.06976318 ,-0.72613525 ,3 ,Acc ,15
3dd9e578dace13af ,509561697617 ,0.21002197 ,0.08404541 ,-0.7352295 ,3 ,Acc ,15
3dd9e578dace13af ,509662328763 ,0.2119751 ,0.09844971 ,-0.7536011 ,3 ,Acc ,15
3dd9e578dace13af ,509783140429 ,0.22375488 ,0.1126709 ,-0.77734375 ,3 ,Acc ,15
3dd9e578dace13af ,509902403919 ,0.23529053 ,0.1329956 ,-0.79956055 ,3 ,Acc ,15
3dd9e578dace13af ,510022409544 ,0.24310303 ,0.14343262 ,-0.8067627 ,3 ,Acc ,15
3dd9e578dace13af ,510122226367 ,0.24725342 ,0.14404297 ,-0.81170654 ,3 ,Acc ,15
3dd9e578dace13af ,510222887981 ,0.25836182 ,0.15130615 ,-0.8120117 ,3 ,Acc ,15
3dd9e578dace13af ,510342962617 ,0.26330566 ,0.15966797 ,-0.8128052 ,3 ,Acc ,15
3dd9e578dace13af ,510442706523 ,0.2623291 ,0.15686035 ,-0.8114624 ,3 ,Acc ,15
3dd9e578dace13af ,510543247044 ,0.25585938 ,0.14788818 ,-0.81518555 ,3 ,Acc ,15
3dd9e578dace13af ,510663229752 ,0.25463867 ,0.1459961 ,-0.81695557 ,3 ,Acc ,15
3dd9e578dace13af ,510784377356 ,0.26080322 ,0.1517334 ,-0.8161011 ,3 ,Acc ,15
3dd9e578dace13af ,510903509439 ,0.26263428 ,0.1505127 ,-0.81469727 ,3 ,Acc ,15
3dd9e578dace13af ,511003144491 ,0.26409912 ,0.14868164 ,-0.8152466 ,3 ,Acc ,15
3dd9e578dace13af ,511103857148 ,0.26190186 ,0.1427002 ,-0.81799316 ,3 ,Acc ,15
3dd9e578dace13af ,511203307460 ,0.246521 ,0.12225342 ,-0.8274536 ,3 ,Acc ,15
3dd9e578dace13af ,511303948814 ,0.24255371 ,0.12121582 ,-0.8338623 ,3 ,Acc ,15
3dd9e578dace13af ,511404230845 ,0.24389648 ,0.12371826 ,-0.83673096 ,3 ,Acc ,15
3dd9e578dace13af ,511504291366 ,0.24603271 ,0.122558594 ,-0.83813477 ,3 ,Acc ,15
