3dd9e578dace13af ,1339956233441 ,-0.34918213 ,-0.12756348 ,0.65618896 ,3 ,Acc ,15
3dd9e578dace13af ,1340060437920 ,-0.34155273 ,-0.12548828 ,0.68499756 ,3 ,Acc ,15
3dd9e578dace13af ,1340160918181 ,-0.23809814 ,-0.18518066 ,0.71539307 ,3 ,Acc ,15
3dd9e578dace13af ,1340281154274 ,-0.2265625 ,-0.21020508 ,0.7579956 ,3 ,Acc ,15
3dd9e578dace13af ,1340382980472 ,-0.21679688 ,-0.23327637 ,0.7887573 ,3 ,Acc ,15
3dd9e578dace13af ,1340503359222 ,-0.20196533 ,-0.26489258 ,0.8198242 ,3 ,Acc ,15
3dd9e578dace13af ,1340607258910 ,-0.2076416 ,-0.3237915 ,0.8276367 ,3 ,Acc ,15
3dd9e578dace13af ,1340727322660 ,-0.20898438 ,-0.3986206 ,0.81243896 ,3 ,Acc ,15
3dd9e578dace13af ,1340827109483 ,-0.13653564 ,-0.49139404 ,0.7598877 ,3 ,Acc ,15
3dd9e578dace13af ,1340927963128 ,-0.05126953 ,-0.5900879 ,0.67333984 ,3 ,Acc ,15
3dd9e578dace13af ,1341047829587 ,-0.07373047 ,-0.6599121 ,0.63879395 ,3 ,Acc ,15
3dd9e578dace13af ,1341148685732 ,-0.09698486 ,-0.6802368 ,0.6373291 ,3 ,Acc ,15
3dd9e578dace13af ,1341267349587 ,-0.018188477 ,-0.6502075 ,0.67004395 ,3 ,Acc ,15
3dd9e578dace13af ,1341368240889 ,0.14849854 ,-0.5563965 ,0.6884155 ,3 ,Acc ,15
3dd9e578dace13af ,1341488383857 ,0.32086182 ,-0.5548706 ,0.5368042 ,3 ,Acc ,15
3dd9e578dace13af ,1341608481097 ,0.4210205 ,-0.5533447 ,0.46472168 ,3 ,Acc ,15
3dd9e578dace13af ,1341708009899 ,0.34692383 ,-0.6057129 ,0.40374756 ,3 ,Acc ,15
3dd9e578dace13af ,1341808685732 ,0.31384277 ,-0.6496582 ,0.3682251 ,3 ,Acc ,15
3dd9e578dace13af ,1341908157190 ,0.42913818 ,-0.58758545 ,0.48431396 ,3 ,Acc ,15
3dd9e578dace13af ,1342008886513 ,0.35980225 ,-0.5986328 ,0.51934814 ,3 ,Acc ,15
3dd9e578dace13af ,1342129036982 ,0.23754883 ,-0.56726074 ,0.6135864 ,3 ,Acc ,15
3dd9e578dace13af ,1342249142347 ,0.103881836 ,-0.5635376 ,0.6690674 ,3 ,Acc ,15
3dd9e578dace13af ,1342369289013 ,0.025024414 ,-0.553772 ,0.6954346 ,3 ,Acc ,15
3dd9e578dace13af ,1342489417867 ,0.02166748 ,-0.6248169 ,0.5706177 ,3 ,Acc ,15
3dd9e578dace13af ,1342589017607 ,0.2208252 ,-0.651001 ,0.47509766 ,3 ,Acc ,15
3dd9e578dace13af ,1342689613544 ,0.37213135 ,-0.631958 ,0.4500122 ,3 ,Acc ,15
3dd9e578dace13af ,1342789100107 ,0.3461914 ,-0.68518066 ,0.36706543 ,3 ,Acc ,15
3dd9e578dace13af ,1342909341565 ,0.3703003 ,-0.69262695 ,0.35577393 ,3 ,Acc ,15
3dd9e578dace13af ,1342966597711 ,5.8171844 ,-1.5080566 ,5.151993 ,0 ,Acc ,10
3dd9e578dace13af ,1343023584221 ,0.32348633 ,-0.6593628 ,0.46105957 ,3 ,Acc ,15
3dd9e578dace13af ,1343130152398 ,0.18151855 ,-0.6220093 ,0.5480957 ,3 ,Acc ,15
3dd9e578dace13af ,1343247312971 ,0.024108887 ,-0.60009766 ,0.6204834 ,3 ,Acc ,15
3dd9e578dace13af ,1343351150575 ,-0.02368164 ,-0.5750122 ,0.6743164 ,3 ,Acc ,15
3dd9e578dace13af ,1343470216721 ,-0.061584473 ,-0.6170654 ,0.59259033 ,3 ,Acc ,15
3dd9e578dace13af ,1343570620054 ,0.109558105 ,-0.6619873 ,0.5169678 ,3 ,Acc ,15
3dd9e578dace13af ,1343670130419 ,0.35699463 ,-0.6138916 ,0.51049805 ,3 ,Acc ,15
3dd9e578dace13af ,1343770815836 ,0.41296387 ,-0.6309204 ,0.45739746 ,3 ,Acc ,15
3dd9e578dace13af ,1343870427606 ,0.4331665 ,-0.6400757 ,0.46398926 ,3 ,Acc ,15
3dd9e578dace13af ,1343971040210 ,0.44909668 ,-0.5753174 ,0.55682373 ,3 ,Acc ,15
3dd9e578dace13af ,1344091130627 ,0.30993652 ,-0.5270996 ,0.67523193 ,3 ,Acc ,15
3dd9e578dace13af ,1344211299794 ,0.09118652 ,-0.5680542 ,0.7164917 ,3 ,Acc ,15
3dd9e578dace13af ,1344331407554 ,9.765625E-4 ,-0.57562256 ,0.7368164 ,3 ,Acc ,15
3dd9e578dace13af ,1344430942137 ,0.050354004 ,-0.5784302 ,0.71728516 ,3 ,Acc ,15
3dd9e578dace13af ,1344531699273 ,0.23846436 ,-0.5685425 ,0.677124 ,3 ,Acc ,15
3dd9e578dace13af ,1344651774898 ,0.39697266 ,-0.5477905 ,0.63623047 ,3 ,Acc ,15
3dd9e578dace13af ,1344751604481 ,0.42797852 ,-0.572937 ,0.5911255 ,3 ,Acc ,15
3dd9e578dace13af ,1344852028543 ,0.4753418 ,-0.54455566 ,0.5932617 ,3 ,Acc ,15
3dd9e578dace13af ,1344953092606 ,0.4468994 ,-0.5345459 ,0.6373291 ,3 ,Acc ,15
3dd9e578dace13af ,1345071724898 ,0.3607788 ,-0.48742676 ,0.7390137 ,3 ,Acc ,15
3dd9e578dace13af ,1345172294064 ,0.2616577 ,-0.4761963 ,0.79589844 ,3 ,Acc ,15
3dd9e578dace13af ,1345292392397 ,0.14379883 ,-0.50445557 ,0.817688 ,3 ,Acc ,15
3dd9e578dace13af ,1345392014741 ,0.10058594 ,-0.54852295 ,0.78692627 ,3 ,Acc ,15
3dd9e578dace13af ,1345492696616 ,0.20336914 ,-0.56866455 ,0.73864746 ,3 ,Acc ,15
3dd9e578dace13af ,1345592166199 ,0.37817383 ,-0.47521973 ,0.7470093 ,3 ,Acc ,15
3dd9e578dace13af ,1345712292033 ,0.45446777 ,-0.5098877 ,0.6734619 ,3 ,Acc ,15
3dd9e578dace13af ,1345813055210 ,0.5161133 ,-0.4716797 ,0.6727295 ,3 ,Acc ,15
3dd9e578dace13af ,1345933101199 ,0.46624756 ,-0.46905518 ,0.71417236 ,3 ,Acc ,15
3dd9e578dace13af ,1345968716147 ,4.4019165 ,2.138321 ,-2.5062408 ,0 ,Acc ,10
3dd9e578dace13af ,1346048605158 ,0.31896973 ,-0.48266602 ,0.78479004 ,3 ,Acc ,15
3dd9e578dace13af ,1346150935783 ,0.199646 ,-0.5031738 ,0.81933594 ,3 ,Acc ,15
3dd9e578dace13af ,1346253501824 ,0.12097168 ,-0.50994873 ,0.84088135 ,3 ,Acc ,15
3dd9e578dace13af ,1346373603074 ,0.120666504 ,-0.5324707 ,0.822876 ,3 ,Acc ,15
3dd9e578dace13af ,1346473111512 ,0.2536621 ,-0.5223999 ,0.78692627 ,3 ,Acc ,15
3dd9e578dace13af ,1346573840262 ,0.40625 ,-0.4362793 ,0.7772827 ,3 ,Acc ,15
3dd9e578dace13af ,1346673371668 ,0.44866943 ,-0.4887085 ,0.7140503 ,3 ,Acc ,15
3dd9e578dace13af ,1346774088387 ,0.493042 ,-0.48565674 ,0.68927 ,3 ,Acc ,15
3dd9e578dace13af ,1346894168907 ,0.5114746 ,-0.4257202 ,0.7266846 ,3 ,Acc ,15
3dd9e578dace13af ,1347014314532 ,0.37628174 ,-0.4475708 ,0.79815674 ,3 ,Acc ,15
3dd9e578dace13af ,1347134503178 ,0.2076416 ,-0.5 ,0.83392334 ,3 ,Acc ,15
3dd9e578dace13af ,1347254555418 ,0.099243164 ,-0.5349121 ,0.83551025 ,3 ,Acc ,15
3dd9e578dace13af ,1347355716199 ,0.09631348 ,-0.5894165 ,0.79016113 ,3 ,Acc ,15
3dd9e578dace13af ,1347474297709 ,0.30194092 ,-0.5154419 ,0.7808838 ,3 ,Acc ,15
3dd9e578dace13af ,1347574725678 ,0.4385376 ,-0.41485596 ,0.78234863 ,3 ,Acc ,15
3dd9e578dace13af ,1347674362917 ,0.46844482 ,-0.48712158 ,0.7200928 ,3 ,Acc ,15
3dd9e578dace13af ,1347775207865 ,0.508667 ,-0.45715332 ,0.71990967 ,3 ,Acc ,15
3dd9e578dace13af ,1347895246928 ,0.45672607 ,-0.4395752 ,0.767395 ,3 ,Acc ,15
3dd9e578dace13af ,1348015391459 ,0.28900146 ,-0.46636963 ,0.8312988 ,3 ,Acc ,15
3dd9e578dace13af ,1348134731876 ,0.13879395 ,-0.54974365 ,0.822937 ,3 ,Acc ,15
3dd9e578dace13af ,1348234960730 ,0.52545166 ,-0.5689087 ,0.5546875 ,3 ,Acc ,15
3dd9e578dace13af ,1348335673646 ,0.5482178 ,-0.56243896 ,0.4899292 ,3 ,Acc ,15
3dd9e578dace13af ,1348455879948 ,0.7359619 ,-0.45806885 ,0.39385986 ,3 ,Acc ,15
3dd9e578dace13af ,1348557064740 ,0.8096924 ,-0.413208 ,0.33221436 ,3 ,Acc ,15
3dd9e578dace13af ,1348675548125 ,0.8179321 ,-0.4329834 ,0.24914551 ,3 ,Acc ,15
3dd9e578dace13af ,1348776216511 ,0.8432007 ,-0.40844727 ,0.25360107 ,3 ,Acc ,15
3dd9e578dace13af ,1348896332969 ,0.7542114 ,-0.48815918 ,0.3345337 ,3 ,Acc ,15
3dd9e578dace13af ,1348973141771 ,1.4964447 ,-2.9045105 ,4.6119995 ,0 ,Acc ,10
3dd9e578dace13af ,1349010645052 ,0.6520386 ,-0.532959 ,0.4602661 ,3 ,Acc ,15
3dd9e578dace13af ,1349110175625 ,0.57666016 ,-0.5683594 ,0.5258789 ,3 ,Acc ,15
3dd9e578dace13af ,1349216135729 ,0.50653076 ,-0.5968628 ,0.5559082 ,3 ,Acc ,15
3dd9e578dace13af ,1349316145156 ,0.52783203 ,-0.6054077 ,0.47369385 ,3 ,Acc ,15
3dd9e578dace13af ,1349417103073 ,0.70092773 ,-0.5175781 ,0.4031372 ,3 ,Acc ,15
3dd9e578dace13af ,1349537045833 ,0.80010986 ,-0.45410156 ,0.32922363 ,3 ,Acc ,15
3dd9e578dace13af ,1349657011510 ,0.8220825 ,-0.45562744 ,0.25927734 ,3 ,Acc ,15
3dd9e578dace13af ,1349757855937 ,0.8067627 ,-0.4725952 ,0.26867676 ,3 ,Acc ,15
3dd9e578dace13af ,1349857427552 ,0.76116943 ,-0.48962402 ,0.35076904 ,3 ,Acc ,15
3dd9e578dace13af ,1349977521875 ,0.65631104 ,-0.5214844 ,0.47424316 ,3 ,Acc ,15
3dd9e578dace13af ,1350081132969 ,0.5181885 ,-0.6053467 ,0.53338623 ,3 ,Acc ,15
3dd9e578dace13af ,1350197208958 ,0.43096924 ,-0.6550293 ,0.5531006 ,3 ,Acc ,15
3dd9e578dace13af ,1350297933333 ,0.51464844 ,-0.6419678 ,0.46533203 ,3 ,Acc ,15
3dd9e578dace13af ,1350418144948 ,0.7113037 ,-0.5289917 ,0.38787842 ,3 ,Acc ,15
3dd9e578dace13af ,1350532150468 ,0.7798462 ,-0.49938965 ,0.29071045 ,3 ,Acc ,15
3dd9e578dace13af ,1350637630312 ,0.81555176 ,-0.47833252 ,0.25689697 ,3 ,Acc ,15
3dd9e578dace13af ,1350759293645 ,0.7974243 ,-0.48846436 ,0.3133545 ,3 ,Acc ,15
3dd9e578dace13af ,1350877953593 ,0.72595215 ,-0.4804077 ,0.47283936 ,3 ,Acc ,15
3dd9e578dace13af ,1350978539218 ,0.61047363 ,-0.54022217 ,0.5523071 ,3 ,Acc ,15
3dd9e578dace13af ,1351078090104 ,0.4678955 ,-0.6154175 ,0.5996094 ,3 ,Acc ,15
3dd9e578dace13af ,1351198216041 ,0.40161133 ,-0.67285156 ,0.55773926 ,3 ,Acc ,15
3dd9e578dace13af ,1351298984322 ,0.53845215 ,-0.6452637 ,0.45916748 ,3 ,Acc ,15
3dd9e578dace13af ,1351418698853 ,0.71746826 ,-0.53778076 ,0.3864746 ,3 ,Acc ,15
3dd9e578dace13af ,1351518532291 ,0.76104736 ,-0.5299072 ,0.2894287 ,3 ,Acc ,15
3dd9e578dace13af ,1351619822708 ,0.7988281 ,-0.50946045 ,0.26080322 ,3 ,Acc ,15
3dd9e578dace13af ,1351736854010 ,0.77612305 ,-0.5132446 ,0.33587646 ,3 ,Acc ,15
3dd9e578dace13af ,1351991983385 ,1.8268433 ,4.0438385 ,1.256424 ,0 ,Acc ,10
3dd9e578dace13af ,1352736661301 ,0.71759033 ,-0.55596924 ,0.40216064 ,3 ,Acc ,15
3dd9e578dace13af ,1352840089895 ,0.57580566 ,-0.6210327 ,0.50146484 ,3 ,Acc ,15
3dd9e578dace13af ,1352941152447 ,0.40594482 ,-0.70806885 ,0.5438843 ,3 ,Acc ,15
3dd9e578dace13af ,1353061256197 ,0.3106079 ,-0.75561523 ,0.52685547 ,3 ,Acc ,15
3dd9e578dace13af ,1353162000207 ,0.42877197 ,-0.7223511 ,0.4567871 ,3 ,Acc ,15
3dd9e578dace13af ,1353280502394 ,0.69641113 ,-0.5704956 ,0.4095459 ,3 ,Acc ,15
3dd9e578dace13af ,1353381159686 ,0.7512207 ,-0.56134033 ,0.2935791 ,3 ,Acc ,15
3dd9e578dace13af ,1353501439009 ,0.78045654 ,-0.55285645 ,0.24560547 ,3 ,Acc ,15
3dd9e578dace13af ,1353621470103 ,0.7625122 ,-0.55371094 ,0.31573486 ,3 ,Acc ,15
3dd9e578dace13af ,1353721029009 ,0.6524048 ,-0.6192627 ,0.41479492 ,3 ,Acc ,15
3dd9e578dace13af ,1353821753332 ,0.5005493 ,-0.6819458 ,0.5081177 ,3 ,Acc ,15
3dd9e578dace13af ,1353937449269 ,0.34643555 ,-0.72802734 ,0.57440186 ,3 ,Acc ,15
3dd9e578dace13af ,1354041367967 ,0.3187256 ,-0.71691895 ,0.60040283 ,3 ,Acc ,15
3dd9e578dace13af ,1354141302134 ,0.39575195 ,-0.730896 ,0.5180054 ,3 ,Acc ,15
3dd9e578dace13af ,1354241509113 ,0.58929443 ,-0.65289307 ,0.45166016 ,3 ,Acc ,15
3dd9e578dace13af ,1354341924061 ,0.7279663 ,-0.5610962 ,0.38830566 ,3 ,Acc ,15
3dd9e578dace13af ,1354462350988 ,0.77075195 ,-0.5661011 ,0.27319336 ,3 ,Acc ,15
3dd9e578dace13af ,1354582530050 ,0.78045654 ,-0.55773926 ,0.2672119 ,3 ,Acc ,15
3dd9e578dace13af ,1354682037133 ,0.72509766 ,-0.5739746 ,0.36834717 ,3 ,Acc ,15
3dd9e578dace13af ,1354782707342 ,0.5831299 ,-0.6608887 ,0.44073486 ,3 ,Acc ,15
3dd9e578dace13af ,1354882220415 ,0.42700195 ,-0.7359009 ,0.4890747 ,3 ,Acc ,15
3dd9e578dace13af ,1354982937602 ,0.31591797 ,-0.78186035 ,0.4932251 ,3 ,Acc ,15
3dd9e578dace13af ,1354995443540 ,4.3864746 ,4.1611176 ,2.0534363 ,0 ,Acc ,10
3dd9e578dace13af ,1355097233592 ,0.42474365 ,-0.76672363 ,0.4169922 ,3 ,Acc ,15
3dd9e578dace13af ,1355202549269 ,0.6314087 ,-0.6469116 ,0.41503906 ,3 ,Acc ,15
3dd9e578dace13af ,1355303305154 ,0.727478 ,-0.5932007 ,0.33917236 ,3 ,Acc ,15
3dd9e578dace13af ,1355423607602 ,0.75616455 ,-0.5942993 ,0.26885986 ,3 ,Acc ,15
3dd9e578dace13af ,1355522879060 ,0.74572754 ,-0.60028076 ,0.28900146 ,3 ,Acc ,15
3dd9e578dace13af ,1355623643383 ,0.6744995 ,-0.6382446 ,0.36968994 ,3 ,Acc ,15
3dd9e578dace13af ,1355723198591 ,0.5425415 ,-0.6972656 ,0.45141602 ,3 ,Acc ,15
3dd9e578dace13af ,1355823863175 ,0.37487793 ,-0.77526855 ,0.4725952 ,3 ,Acc ,15
3dd9e578dace13af ,1355943925987 ,0.25836182 ,-0.78460693 ,0.5303955 ,3 ,Acc ,15
3dd9e578dace13af ,1356064144998 ,0.3156128 ,-0.7910156 ,0.46844482 ,3 ,Acc ,15
3dd9e578dace13af ,1356165223695 ,0.51586914 ,-0.7224121 ,0.43023682 ,3 ,Acc ,15
3dd9e578dace13af ,1356283815883 ,0.68811035 ,-0.6104126 ,0.38879395 ,3 ,Acc ,15
3dd9e578dace13af ,1356384456352 ,0.715271 ,-0.63061523 ,0.29797363 ,3 ,Acc ,15
3dd9e578dace13af ,1356483968279 ,0.7225342 ,-0.62872314 ,0.2871704 ,3 ,Acc ,15
3dd9e578dace13af ,1356584665049 ,0.6898804 ,-0.6378784 ,0.3421631 ,3 ,Acc ,15
3dd9e578dace13af ,1356684218799 ,0.60461426 ,-0.6520386 ,0.45684814 ,3 ,Acc ,15
3dd9e578dace13af ,1356784049008 ,0.47479248 ,-0.720459 ,0.49700928 ,3 ,Acc ,15
3dd9e578dace13af ,1356884323226 ,0.34545898 ,-0.7767334 ,0.5123291 ,3 ,Acc ,15
3dd9e578dace13af ,1356985084581 ,0.28674316 ,-0.79278564 ,0.51831055 ,3 ,Acc ,15
3dd9e578dace13af ,1357104727549 ,0.3965454 ,-0.7955322 ,0.42559814 ,3 ,Acc ,15
3dd9e578dace13af ,1357204706508 ,0.58898926 ,-0.6834717 ,0.42797852 ,3 ,Acc ,15
3dd9e578dace13af ,1357305446195 ,0.67718506 ,-0.64208984 ,0.35821533 ,3 ,Acc ,15
3dd9e578dace13af ,1357425731507 ,0.673584 ,-0.6798096 ,0.28826904 ,3 ,Acc ,15
3dd9e578dace13af ,1357544736924 ,0.682251 ,-0.65618896 ,0.32202148 ,3 ,Acc ,15
3dd9e578dace13af ,1357645264737 ,0.6408081 ,-0.6539917 ,0.4015503 ,3 ,Acc ,15
3dd9e578dace13af ,1357745458382 ,0.53393555 ,-0.6898804 ,0.48706055 ,3 ,Acc ,15
3dd9e578dace13af ,1357863641768 ,0.33618164 ,-0.79248047 ,0.49163818 ,3 ,Acc ,15
3dd9e578dace13af ,1357967213799 ,0.19244385 ,-0.8374634 ,0.4890747 ,3 ,Acc ,15
3dd9e578dace13af ,1358001789841 ,3.5561066 ,6.210129 ,3.2536316 ,0 ,Acc ,10
3dd9e578dace13af ,1358081106820 ,0.19372559 ,-0.8557739 ,0.4486084 ,3 ,Acc ,15
3dd9e578dace13af ,1358186668278 ,0.3756714 ,-0.8517456 ,0.32055664 ,3 ,Acc ,15
3dd9e578dace13af ,1358306827288 ,0.6255493 ,-0.6760254 ,0.38513184 ,3 ,Acc ,15
3dd9e578dace13af ,1358425909007 ,0.6246948 ,-0.6168823 ,0.4303589 ,3 ,Acc ,15
3dd9e578dace13af ,1358526127236 ,0.5769043 ,-0.522522 ,0.5482178 ,3 ,Acc ,15
3dd9e578dace13af ,1358628665465 ,0.5737915 ,-0.52545166 ,0.56591797 ,3 ,Acc ,15
3dd9e578dace13af ,1358746019684 ,0.5352783 ,-0.40356445 ,0.6716919 ,3 ,Acc ,15
3dd9e578dace13af ,1358846574267 ,0.44421387 ,-0.28796387 ,0.7518921 ,3 ,Acc ,15
3dd9e578dace13af ,1358949108069 ,0.37164307 ,-0.24365234 ,0.7532959 ,3 ,Acc ,15
3dd9e578dace13af ,1359067484736 ,0.32421875 ,-0.11273193 ,0.72229004 ,3 ,Acc ,15
3dd9e578dace13af ,1359168502288 ,0.28186035 ,0.017211914 ,0.7005615 ,3 ,Acc ,15
3dd9e578dace13af ,1359269313903 ,0.20568848 ,0.20178223 ,0.6916504 ,3 ,Acc ,15
3dd9e578dace13af ,1359387642653 ,0.08477783 ,0.36987305 ,0.6074829 ,3 ,Acc ,15
3dd9e578dace13af ,1359487069267 ,0.07501221 ,0.3343506 ,0.5979004 ,3 ,Acc ,15
3dd9e578dace13af ,1359588874684 ,0.09313965 ,0.30395508 ,0.62109375 ,3 ,Acc ,15
3dd9e578dace13af ,1359708031663 ,0.093322754 ,0.3972168 ,0.638855 ,3 ,Acc ,15
3dd9e578dace13af ,1359828716559 ,0.026855469 ,0.52020264 ,0.6079712 ,3 ,Acc ,15
3dd9e578dace13af ,1359948350881 ,0.005004883 ,0.53338623 ,0.5773926 ,3 ,Acc ,15
3dd9e578dace13af ,1360047962756 ,0.02130127 ,0.47216797 ,0.54919434 ,3 ,Acc ,15
3dd9e578dace13af ,1360148524267 ,-0.0038452148 ,0.40472412 ,0.4649048 ,3 ,Acc ,15
3dd9e578dace13af ,1360248000569 ,0.01361084 ,0.30096436 ,0.39556885 ,3 ,Acc ,15
3dd9e578dace13af ,1360348725985 ,0.049743652 ,0.23901367 ,0.3143921 ,3 ,Acc ,15
3dd9e578dace13af ,1360468906871 ,0.051330566 ,0.22210693 ,0.29418945 ,3 ,Acc ,15
3dd9e578dace13af ,1360570034423 ,0.11029053 ,0.23260498 ,0.4597168 ,3 ,Acc ,15
3dd9e578dace13af ,1360688605152 ,0.032043457 ,0.46051025 ,0.57818604 ,3 ,Acc ,15
3dd9e578dace13af ,1360789231246 ,0.06591797 ,0.47076416 ,0.63964844 ,3 ,Acc ,15
3dd9e578dace13af ,1360909378746 ,0.21588135 ,0.35784912 ,0.704895 ,3 ,Acc ,15
3dd9e578dace13af ,1361008937496 ,0.14129639 ,0.4790039 ,0.6340332 ,3 ,Acc ,15
3dd9e578dace13af ,1361005612704 ,10.181076 ,-8.82756 ,-2.041687 ,0 ,Acc ,10
3dd9e578dace13af ,1361124293225 ,0.09313965 ,0.41351318 ,0.53552246 ,3 ,Acc ,15
3dd9e578dace13af ,1361229679371 ,0.07562256 ,0.2512207 ,0.45202637 ,3 ,Acc ,15
3dd9e578dace13af ,1361329279943 ,0.09552002 ,0.11846924 ,0.3369751 ,3 ,Acc ,15
3dd9e578dace13af ,1361449275620 ,0.09259033 ,0.059448242 ,0.2770996 ,3 ,Acc ,15
3dd9e578dace13af ,1361550082652 ,0.14715576 ,0.092041016 ,0.3782959 ,3 ,Acc ,15
3dd9e578dace13af ,1361670210777 ,0.109069824 ,0.33648682 ,0.52246094 ,3 ,Acc ,15
3dd9e578dace13af ,1361771281975 ,0.091918945 ,0.48718262 ,0.58099365 ,3 ,Acc ,15
3dd9e578dace13af ,1361889913120 ,0.14959717 ,0.53704834 ,0.5892334 ,3 ,Acc ,15
3dd9e578dace13af ,1361990526349 ,0.11999512 ,0.54693604 ,0.5501709 ,3 ,Acc ,15
3dd9e578dace13af ,1362090036089 ,0.097351074 ,0.43048096 ,0.5131836 ,3 ,Acc ,15
3dd9e578dace13af ,1362190766349 ,0.1027832 ,0.25079346 ,0.44091797 ,3 ,Acc ,15
3dd9e578dace13af ,1362290271454 ,0.14031982 ,0.12017822 ,0.31976318 ,3 ,Acc ,15
3dd9e578dace13af ,1362391040985 ,0.13140869 ,0.06756592 ,0.26391602 ,3 ,Acc ,15
3dd9e578dace13af ,1362511128849 ,0.19360352 ,0.13220215 ,0.3873291 ,3 ,Acc ,15
3dd9e578dace13af ,1362631238328 ,0.101501465 ,0.4126587 ,0.49017334 ,3 ,Acc ,15
3dd9e578dace13af ,1362748286870 ,0.1665039 ,0.46795654 ,0.5859375 ,3 ,Acc ,15
3dd9e578dace13af ,1362850939578 ,0.17480469 ,0.517334 ,0.5731201 ,3 ,Acc ,15
3dd9e578dace13af ,1362951584162 ,0.12615967 ,0.5194092 ,0.5142212 ,3 ,Acc ,15
3dd9e578dace13af ,1363051036401 ,0.09246826 ,0.3737793 ,0.4580078 ,3 ,Acc ,15
3dd9e578dace13af ,1363172829839 ,0.1696167 ,0.1394043 ,0.3314209 ,3 ,Acc ,15
3dd9e578dace13af ,1363291260932 ,0.17956543 ,0.02722168 ,0.20996094 ,3 ,Acc ,15
3dd9e578dace13af ,1363392020828 ,0.21942139 ,0.044921875 ,0.28466797 ,3 ,Acc ,15
3dd9e578dace13af ,1363512195255 ,0.19561768 ,0.2902832 ,0.45635986 ,3 ,Acc ,15
3dd9e578dace13af ,1363632306245 ,0.12805176 ,0.4942627 ,0.5369873 ,3 ,Acc ,15
3dd9e578dace13af ,1363731775880 ,0.18682861 ,0.51342773 ,0.5571289 ,3 ,Acc ,15
3dd9e578dace13af ,1363832570567 ,0.17456055 ,0.5286865 ,0.5272827 ,3 ,Acc ,15
3dd9e578dace13af ,1363931984890 ,0.13433838 ,0.43481445 ,0.48944092 ,3 ,Acc ,15
3dd9e578dace13af ,1364008736297 ,3.976181 ,-1.9677582 ,-8.327103 ,0 ,Acc ,10
3dd9e578dace13af ,1364046516765 ,0.18457031 ,0.22113037 ,0.3829956 ,3 ,Acc ,15
3dd9e578dace13af ,1364149281244 ,0.19091797 ,0.12817383 ,0.25128174 ,3 ,Acc ,15
3dd9e578dace13af ,1364252316713 ,0.18914795 ,0.08959961 ,0.22851563 ,3 ,Acc ,15
3dd9e578dace13af ,1364353147286 ,0.24157715 ,0.15820313 ,0.35791016 ,3 ,Acc ,15
3dd9e578dace13af ,1364473242494 ,0.13146973 ,0.41552734 ,0.44250488 ,3 ,Acc ,15
3dd9e578dace13af ,1364588869265 ,0.16308594 ,0.5126953 ,0.46966553 ,3 ,Acc ,15
3dd9e578dace13af ,1364692956453 ,0.203125 ,0.5432739 ,0.4786377 ,3 ,Acc ,15
3dd9e578dace13af ,1364812698380 ,0.15338135 ,0.53619385 ,0.449646 ,3 ,Acc ,15
3dd9e578dace13af ,1364913652390 ,0.15960693 ,0.38134766 ,0.41363525 ,3 ,Acc ,15
3dd9e578dace13af ,1365013330567 ,0.18780518 ,0.23266602 ,0.3378296 ,3 ,Acc ,15
3dd9e578dace13af ,1365113846505 ,0.1784668 ,0.14477539 ,0.23614502 ,3 ,Acc ,15
3dd9e578dace13af ,1365234040307 ,0.2234497 ,0.076171875 ,0.22576904 ,3 ,Acc ,15
3dd9e578dace13af ,1365354186504 ,0.27392578 ,0.20806885 ,0.3690796 ,3 ,Acc ,15
3dd9e578dace13af ,1365470520723 ,0.11578369 ,0.50109863 ,0.40563965 ,3 ,Acc ,15
3dd9e578dace13af ,1365573446556 ,0.15863037 ,0.5604248 ,0.4276123 ,3 ,Acc ,15
3dd9e578dace13af ,1365674541400 ,0.20397949 ,0.5546875 ,0.43164063 ,3 ,Acc ,15
3dd9e578dace13af ,1365775667546 ,0.17352295 ,0.5137329 ,0.3982544 ,3 ,Acc ,15
3dd9e578dace13af ,1365894236556 ,0.05218506 ,0.43518066 ,0.30633545 ,3 ,Acc ,15
3dd9e578dace13af ,1365994831921 ,0.016906738 ,0.35266113 ,0.23999023 ,3 ,Acc ,15
3dd9e578dace13af ,1366114739108 ,0.13128662 ,0.17041016 ,0.19873047 ,3 ,Acc ,15
3dd9e578dace13af ,1366214542702 ,0.16235352 ,0.12200928 ,0.25421143 ,3 ,Acc ,15
3dd9e578dace13af ,1366315225931 ,0.18334961 ,0.3100586 ,0.3121338 ,3 ,Acc ,15
3dd9e578dace13af ,1366435463952 ,0.16186523 ,0.48590088 ,0.3729248 ,3 ,Acc ,15
3dd9e578dace13af ,1366534860931 ,0.19335938 ,0.52648926 ,0.40515137 ,3 ,Acc ,15
3dd9e578dace13af ,1366654955566 ,0.19659424 ,0.54248047 ,0.39483643 ,3 ,Acc ,15
3dd9e578dace13af ,1366755370775 ,0.16766357 ,0.49487305 ,0.3513794 ,3 ,Acc ,15
3dd9e578dace13af ,1366875802493 ,0.15112305 ,0.33685303 ,0.3045044 ,3 ,Acc ,15
3dd9e578dace13af ,1366976903952 ,0.19976807 ,0.20507813 ,0.22528076 ,3 ,Acc ,15
3dd9e578dace13af ,1367011906087 ,5.2321014 ,0.82196045 ,-9.740738 ,0 ,Acc ,10
3dd9e578dace13af ,1367091052754 ,0.18597412 ,0.101379395 ,0.14501953 ,3 ,Acc ,15
3dd9e578dace13af ,1367196095514 ,0.27148438 ,0.10491943 ,0.20678711 ,3 ,Acc ,15
3dd9e578dace13af ,1367316263535 ,0.23144531 ,0.31402588 ,0.3178711 ,3 ,Acc ,15
3dd9e578dace13af ,1367415810618 ,0.19921875 ,0.44873047 ,0.37908936 ,3 ,Acc ,15
3dd9e578dace13af ,1367516457077 ,0.2399292 ,0.49401855 ,0.42266846 ,3 ,Acc ,15
3dd9e578dace13af ,1367632005358 ,0.19500732 ,0.51568604 ,0.38006592 ,3 ,Acc ,15
3dd9e578dace13af ,1367735700618 ,0.2144165 ,0.42504883 ,0.3180542 ,3 ,Acc ,15
3dd9e578dace13af ,1367836124889 ,0.19573975 ,0.29406738 ,0.22698975 ,3 ,Acc ,15
3dd9e578dace13af ,1367936153691 ,0.21911621 ,0.1720581 ,0.12988281 ,3 ,Acc ,15
3dd9e578dace13af ,1368036416191 ,0.24084473 ,0.074157715 ,0.08013916 ,3 ,Acc ,15
3dd9e578dace13af ,1368157237180 ,0.32702637 ,0.101501465 ,0.17382813 ,3 ,Acc ,15
3dd9e578dace13af ,1368277355982 ,0.21643066 ,0.36169434 ,0.28063965 ,3 ,Acc ,15
3dd9e578dace13af ,1368397430410 ,0.21356201 ,0.48565674 ,0.3607788 ,3 ,Acc ,15
3dd9e578dace13af ,1368513990045 ,0.22235107 ,0.5293579 ,0.36499023 ,3 ,Acc ,15
3dd9e578dace13af ,1368616169264 ,0.2088623 ,0.5091553 ,0.319458 ,3 ,Acc ,15
3dd9e578dace13af ,1368717804368 ,0.21643066 ,0.38842773 ,0.25170898 ,3 ,Acc ,15
3dd9e578dace13af ,1368837963170 ,0.26391602 ,0.21502686 ,0.14880371 ,3 ,Acc ,15
3dd9e578dace13af ,1368958020149 ,0.31115723 ,0.10449219 ,0.072753906 ,3 ,Acc ,15
3dd9e578dace13af ,1369078190930 ,0.36462402 ,0.10681152 ,0.15496826 ,3 ,Acc ,15
3dd9e578dace13af ,1369178657024 ,0.24401855 ,0.3060913 ,0.23181152 ,3 ,Acc ,15
3dd9e578dace13af ,1369278436763 ,0.12237549 ,0.4451294 ,0.23175049 ,3 ,Acc ,15
3dd9e578dace13af ,1369379533951 ,0.2854004 ,0.46038818 ,0.29632568 ,3 ,Acc ,15
3dd9e578dace13af ,1369498138638 ,0.2111206 ,0.5211792 ,0.26263428 ,3 ,Acc ,15
3dd9e578dace13af ,1369598935201 ,0.2163086 ,0.4619751 ,0.23834229 ,3 ,Acc ,15
3dd9e578dace13af ,1369718891503 ,0.26080322 ,0.29974365 ,0.1694336 ,3 ,Acc ,15
3dd9e578dace13af ,1369839011190 ,0.2993164 ,0.16546631 ,0.07733154 ,3 ,Acc ,15
3dd9e578dace13af ,1369959115826 ,0.34118652 ,0.08203125 ,0.063964844 ,3 ,Acc ,15
3dd9e578dace13af ,1370015255617 ,6.290222 ,3.6445313 ,-7.79097 ,0 ,Acc ,10
3dd9e578dace13af ,1370074246711 ,0.3892212 ,0.1696167 ,0.16619873 ,3 ,Acc ,15
3dd9e578dace13af ,1370193584107 ,0.25097656 ,0.40454102 ,0.2341919 ,3 ,Acc ,15
3dd9e578dace13af ,1370296842648 ,0.2822876 ,0.46881104 ,0.28881836 ,3 ,Acc ,15
3dd9e578dace13af ,1370399675982 ,0.28979492 ,0.49438477 ,0.28686523 ,3 ,Acc ,15
3dd9e578dace13af ,1370499099002 ,0.270813 ,0.48046875 ,0.2546997 ,3 ,Acc ,15
3dd9e578dace13af ,1370616929002 ,0.2835083 ,0.35009766 ,0.1829834 ,3 ,Acc ,15
3dd9e578dace13af ,1370720012909 ,0.3161621 ,0.2111206 ,0.09686279 ,3 ,Acc ,15
3dd9e578dace13af ,1370840108742 ,0.34301758 ,0.087646484 ,-0.004699707 ,3 ,Acc ,15
3dd9e578dace13af ,1370960217804 ,0.39196777 ,0.047668457 ,0.030883789 ,3 ,Acc ,15
3dd9e578dace13af ,1371059853429 ,0.40893555 ,0.17578125 ,0.1375122 ,3 ,Acc ,15
3dd9e578dace13af ,1371160480565 ,0.24847412 ,0.3842163 ,0.16009521 ,3 ,Acc ,15
3dd9e578dace13af ,1371260051867 ,0.23406982 ,0.4821167 ,0.17071533 ,3 ,Acc ,15
3dd9e578dace13af ,1371360710513 ,0.28198242 ,0.5209961 ,0.16558838 ,3 ,Acc ,15
3dd9e578dace13af ,1371460172335 ,0.24591064 ,0.51446533 ,0.1317749 ,3 ,Acc ,15
3dd9e578dace13af ,1371560883794 ,0.25152588 ,0.40789795 ,0.109069824 ,3 ,Acc ,15
3dd9e578dace13af ,1371681031710 ,0.30688477 ,0.22747803 ,0.07489014 ,3 ,Acc ,15
3dd9e578dace13af ,1371784493794 ,0.35662842 ,0.10491943 ,0.01171875 ,3 ,Acc ,15
3dd9e578dace13af ,1371895158898 ,0.39038086 ,0.014221191 ,-0.015991211 ,3 ,Acc ,15
3dd9e578dace13af ,1371998410304 ,0.44525146 ,0.095336914 ,0.06573486 ,3 ,Acc ,15
3dd9e578dace13af ,1372100845252 ,0.35986328 ,0.29833984 ,0.15234375 ,3 ,Acc ,15
3dd9e578dace13af ,1372201605096 ,0.3701172 ,0.40740967 ,0.23242188 ,3 ,Acc ,15
3dd9e578dace13af ,1372301094471 ,0.39318848 ,0.4520874 ,0.23895264 ,3 ,Acc ,15
3dd9e578dace13af ,1372401824679 ,0.3587036 ,0.4812622 ,0.2098999 ,3 ,Acc ,15
3dd9e578dace13af ,1372521880200 ,0.38446045 ,0.3762207 ,0.152771 ,3 ,Acc ,15
3dd9e578dace13af ,1372642065304 ,0.4229126 ,0.18890381 ,0.06774902 ,3 ,Acc ,15
3dd9e578dace13af ,1372762129522 ,0.42010498 ,0.0635376 ,-0.033691406 ,3 ,Acc ,15
3dd9e578dace13af ,1372882262960 ,0.453125 ,0.015380859 ,-0.035095215 ,3 ,Acc ,15
3dd9e578dace13af ,1372983432283 ,0.5125122 ,0.10821533 ,0.06329346 ,3 ,Acc ,15
3dd9e578dace13af ,1373018422439 ,7.2521667 ,4.389801 ,-3.0809784 ,0 ,Acc ,10
3dd9e578dace13af ,1373096274262 ,0.41033936 ,0.30645752 ,0.14056396 ,3 ,Acc ,15
3dd9e578dace13af ,1373202619991 ,0.45892334 ,0.36553955 ,0.1885376 ,3 ,Acc ,15
3dd9e578dace13af ,1373302138064 ,0.5037842 ,0.3817749 ,0.20288086 ,3 ,Acc ,15
3dd9e578dace13af ,1373402872908 ,0.48712158 ,0.3902588 ,0.1821289 ,3 ,Acc ,15
3dd9e578dace13af ,1373523014626 ,0.50427246 ,0.27770996 ,0.1260376 ,3 ,Acc ,15
3dd9e578dace13af ,1373643321085 ,0.524292 ,0.10333252 ,0.054626465 ,3 ,Acc ,15
3dd9e578dace13af ,1373763203012 ,0.50286865 ,-0.0034179688 ,0.0037231445 ,3 ,Acc ,15
3dd9e578dace13af ,1373883402907 ,0.56347656 ,-0.055358887 ,0.036743164 ,3 ,Acc ,15
3dd9e578dace13af ,1373984463949 ,0.6130371 ,0.04309082 ,0.11022949 ,3 ,Acc ,15
3dd9e578dace13af ,1374103007959 ,0.5545044 ,0.21331787 ,0.18151855 ,3 ,Acc ,15
3dd9e578dace13af ,1374203699574 ,0.68963623 ,0.21221924 ,0.22064209 ,3 ,Acc ,15
3dd9e578dace13af ,1374307482178 ,0.60388184 ,0.31201172 ,0.19195557 ,3 ,Acc ,15
3dd9e578dace13af ,1374423362022 ,0.56622314 ,0.34899902 ,0.1585083 ,3 ,Acc ,15
3dd9e578dace13af ,1374524056397 ,0.572876 ,0.24963379 ,0.1217041 ,3 ,Acc ,15
3dd9e578dace13af ,1374644236553 ,0.5566406 ,0.07751465 ,0.117004395 ,3 ,Acc ,15
3dd9e578dace13af ,1374744005615 ,0.5683594 ,-0.036621094 ,0.09814453 ,3 ,Acc ,15
3dd9e578dace13af ,1374844413324 ,0.5498657 ,-0.089538574 ,0.08337402 ,3 ,Acc ,15
3dd9e578dace13af ,1374964562022 ,0.6043701 ,-0.046569824 ,0.112854004 ,3 ,Acc ,15
3dd9e578dace13af ,1375064086553 ,0.59625244 ,0.11431885 ,0.13745117 ,3 ,Acc ,15
3dd9e578dace13af ,1375164785667 ,0.60180664 ,0.22717285 ,0.16479492 ,3 ,Acc ,15
3dd9e578dace13af ,1375264301709 ,0.67059326 ,0.26483154 ,0.18597412 ,3 ,Acc ,15
3dd9e578dace13af ,1375402015771 ,0.6333618 ,0.3192749 ,0.15698242 ,3 ,Acc ,15
3dd9e578dace13af ,1375504632594 ,0.63287354 ,0.26660156 ,0.12371826 ,3 ,Acc ,15
3dd9e578dace13af ,1375605268011 ,0.626709 ,0.14831543 ,0.08428955 ,3 ,Acc ,15
3dd9e578dace13af ,1375724731396 ,0.6204834 ,-0.00579834 ,0.08215332 ,3 ,Acc ,15
3dd9e578dace13af ,1375828326032 ,0.6289673 ,-0.10101318 ,0.05517578 ,3 ,Acc ,15
3dd9e578dace13af ,1375944966605 ,0.6187134 ,-0.13122559 ,0.06048584 ,3 ,Acc ,15
3dd9e578dace13af ,1376020779677 ,10.212372 ,6.1463776 ,-1.415802 ,0 ,Acc ,10
3dd9e578dace13af ,1376059486604 ,0.67022705 ,0.0025634766 ,0.12908936 ,3 ,Acc ,15
3dd9e578dace13af ,1376164720094 ,0.57159424 ,0.19055176 ,0.12322998 ,3 ,Acc ,15
3dd9e578dace13af ,1376265765302 ,0.6240845 ,0.2208252 ,0.10882568 ,3 ,Acc ,15
3dd9e578dace13af ,1376366136865 ,0.69903564 ,0.14984131 ,0.10748291 ,3 ,Acc ,15
3dd9e578dace13af ,1376481443584 ,0.6845093 ,-0.032287598 ,0.037475586 ,3 ,Acc ,15
3dd9e578dace13af ,1376583940771 ,0.5967407 ,-0.20599365 ,-0.07141113 ,3 ,Acc ,15
3dd9e578dace13af ,1376686435927 ,0.49560547 ,-0.3616333 ,-0.22229004 ,3 ,Acc ,15
3dd9e578dace13af ,1376787567229 ,0.39398193 ,-0.4487915 ,-0.31274414 ,3 ,Acc ,15
3dd9e578dace13af ,1376906146656 ,0.3463745 ,-0.45690918 ,-0.36535645 ,3 ,Acc ,15
3dd9e578dace13af ,1377006862177 ,0.2982788 ,-0.4691162 ,-0.3493042 ,3 ,Acc ,15
3dd9e578dace13af ,1377109375771 ,0.24298096 ,-0.51135254 ,-0.29882813 ,3 ,Acc ,15
3dd9e578dace13af ,1377226136031 ,0.24133301 ,-0.5163574 ,-0.25982666 ,3 ,Acc ,15
3dd9e578dace13af ,1377326133739 ,0.22509766 ,-0.5206299 ,-0.22564697 ,3 ,Acc ,15
3dd9e578dace13af ,1377429623739 ,0.25073242 ,-0.5263672 ,-0.21862793 ,3 ,Acc ,15
3dd9e578dace13af ,1377546407385 ,0.27947998 ,-0.524353 ,-0.234375 ,3 ,Acc ,15
3dd9e578dace13af ,1377647177073 ,0.28741455 ,-0.5170288 ,-0.2609253 ,3 ,Acc ,15
3dd9e578dace13af ,1377748308687 ,0.27764893 ,-0.50512695 ,-0.28674316 ,3 ,Acc ,15
3dd9e578dace13af ,1377867031031 ,0.258667 ,-0.5031738 ,-0.3100586 ,3 ,Acc ,15
3dd9e578dace13af ,1377983984625 ,0.3363037 ,-0.01361084 ,-0.17510986 ,3 ,Acc ,15
3dd9e578dace13af ,1378087787125 ,0.3310547 ,-0.011169434 ,-0.18377686 ,3 ,Acc ,15
3dd9e578dace13af ,1378188666604 ,0.33050537 ,-0.0068969727 ,-0.18688965 ,3 ,Acc ,15
3dd9e578dace13af ,1378302925874 ,0.33581543 ,-0.013549805 ,-0.19329834 ,3 ,Acc ,15
