3dd9e578dace13af ,1706657237723 ,-0.03527832 ,0.36016846 ,-0.83569336 ,3 ,Acc ,15
3dd9e578dace13af ,1706757781369 ,-0.034362793 ,0.3591919 ,-0.83447266 ,3 ,Acc ,15
3dd9e578dace13af ,1706857551838 ,-0.03363037 ,0.35791016 ,-0.8338623 ,3 ,Acc ,15
3dd9e578dace13af ,1706959538765 ,-0.03302002 ,0.35791016 ,-0.83270264 ,3 ,Acc ,15
3dd9e578dace13af ,1707059311421 ,-0.032287598 ,0.35931396 ,-0.8305664 ,3 ,Acc ,15
3dd9e578dace13af ,1707163996838 ,-0.043273926 ,0.37670898 ,-0.8232422 ,3 ,Acc ,15
3dd9e578dace13af ,1707284121473 ,-0.08111572 ,0.41638184 ,-0.805542 ,3 ,Acc ,15
3dd9e578dace13af ,1707404142098 ,-0.19647217 ,0.4039917 ,-0.81689453 ,3 ,Acc ,15
3dd9e578dace13af ,1707503940796 ,-0.38311768 ,0.3657837 ,-0.7907715 ,3 ,Acc ,15
3dd9e578dace13af ,1707604569702 ,-0.56427 ,0.26538086 ,-0.73114014 ,3 ,Acc ,15
3dd9e578dace13af ,1707703936317 ,-0.64471436 ,0.082214355 ,-0.6993408 ,3 ,Acc ,15
3dd9e578dace13af ,1707804731525 ,-0.63952637 ,-0.109313965 ,-0.66363525 ,3 ,Acc ,15
3dd9e578dace13af ,1707904350379 ,-0.60583496 ,-0.22711182 ,-0.6352539 ,3 ,Acc ,15
3dd9e578dace13af ,1708004990119 ,-0.49938965 ,-0.36767578 ,-0.58703613 ,3 ,Acc ,15
3dd9e578dace13af ,1708126168973 ,-0.42486572 ,-0.4508667 ,-0.49523926 ,3 ,Acc ,15
3dd9e578dace13af ,1708245250223 ,-0.40942383 ,-0.43347168 ,-0.4449463 ,3 ,Acc ,15
3dd9e578dace13af ,1708365369077 ,-0.43518066 ,-0.38659668 ,-0.27526855 ,3 ,Acc ,15
3dd9e578dace13af ,1708485611317 ,-0.3947754 ,-0.328125 ,-0.10095215 ,3 ,Acc ,15
3dd9e578dace13af ,1708605564702 ,-0.4017334 ,-0.42669678 ,-0.11480713 ,3 ,Acc ,15
3dd9e578dace13af ,1708726855431 ,-0.2857666 ,-0.61602783 ,-0.1484375 ,3 ,Acc ,15
3dd9e578dace13af ,1708825529754 ,-0.1541748 ,-0.7749634 ,-0.13110352 ,3 ,Acc ,15
3dd9e578dace13af ,1708927046733 ,-0.10241699 ,-0.81915283 ,-0.08502197 ,3 ,Acc ,15
3dd9e578dace13af ,1709046135483 ,-0.11956787 ,-0.7507324 ,-0.07397461 ,3 ,Acc ,15
3dd9e578dace13af ,1709166144337 ,-0.17694092 ,-0.64019775 ,-0.06518555 ,3 ,Acc ,15
3dd9e578dace13af ,1709286333816 ,-0.26409912 ,-0.48162842 ,-0.0524292 ,3 ,Acc ,15
3dd9e578dace13af ,1709406636733 ,-0.3585205 ,-0.3899536 ,-0.038391113 ,3 ,Acc ,15
3dd9e578dace13af ,1709527682097 ,-0.37365723 ,-0.45874023 ,-0.058410645 ,3 ,Acc ,15
3dd9e578dace13af ,1709539529806 ,-1.7354889 ,5.5509186 ,-3.7608032 ,0 ,Acc ,10
3dd9e578dace13af ,1709646849285 ,-0.41912842 ,-0.5442505 ,-0.1821289 ,3 ,Acc ,15
3dd9e578dace13af ,1709760988035 ,-0.36779785 ,-0.65997314 ,-0.25390625 ,3 ,Acc ,15
3dd9e578dace13af ,1709862494129 ,-0.35736084 ,-0.68481445 ,-0.22076416 ,3 ,Acc ,15
3dd9e578dace13af ,1709968862774 ,-0.347229 ,-0.64349365 ,-0.17095947 ,3 ,Acc ,15
3dd9e578dace13af ,1710087233087 ,-0.40582275 ,-0.48529053 ,-0.14208984 ,3 ,Acc ,15
3dd9e578dace13af ,1710207364545 ,-0.4790039 ,-0.32073975 ,-0.052490234 ,3 ,Acc ,15
3dd9e578dace13af ,1710328534337 ,-0.49475098 ,-0.26678467 ,-0.027770996 ,3 ,Acc ,15
3dd9e578dace13af ,1710447661941 ,-0.4810791 ,-0.4104004 ,-0.15405273 ,3 ,Acc ,15
3dd9e578dace13af ,1710547008399 ,-0.36254883 ,-0.5947876 ,-0.21887207 ,3 ,Acc ,15
3dd9e578dace13af ,1710647806576 ,-0.3222046 ,-0.6864624 ,-0.2822876 ,3 ,Acc ,15
3dd9e578dace13af ,1710747015014 ,-0.3758545 ,-0.6954956 ,-0.27844238 ,3 ,Acc ,15
3dd9e578dace13af ,1710848057878 ,-0.33233643 ,-0.6993408 ,-0.19616699 ,3 ,Acc ,15
3dd9e578dace13af ,1710968152722 ,-0.15020752 ,-0.62176514 ,-0.024780273 ,3 ,Acc ,15
3dd9e578dace13af ,1711088311263 ,-0.16644287 ,-0.46191406 ,0.03253174 ,3 ,Acc ,15
3dd9e578dace13af ,1711187962930 ,-0.27246094 ,-0.32824707 ,0.037231445 ,3 ,Acc ,15
3dd9e578dace13af ,1711307929284 ,-0.3984375 ,-0.20983887 ,0.022888184 ,3 ,Acc ,15
3dd9e578dace13af ,1711428184545 ,-0.44104004 ,-0.3277588 ,0.017700195 ,3 ,Acc ,15
3dd9e578dace13af ,1711528660013 ,-0.2769165 ,-0.53289795 ,0.04437256 ,3 ,Acc ,15
3dd9e578dace13af ,1711628314909 ,-0.2232666 ,-0.6705322 ,-0.0071411133 ,3 ,Acc ,15
3dd9e578dace13af ,1711748501003 ,-0.10876465 ,-0.75634766 ,0.03491211 ,3 ,Acc ,15
3dd9e578dace13af ,1711868533919 ,-0.08325195 ,-0.7296753 ,0.11401367 ,3 ,Acc ,15
3dd9e578dace13af ,1711969275221 ,-0.02545166 ,-0.6428833 ,0.16723633 ,3 ,Acc ,15
3dd9e578dace13af ,1712068800586 ,-0.13317871 ,-0.53656006 ,0.19421387 ,3 ,Acc ,15
3dd9e578dace13af ,1712169495951 ,-0.28790283 ,-0.43603516 ,0.24291992 ,3 ,Acc ,15
3dd9e578dace13af ,1712268954076 ,-0.3640747 ,-0.3916626 ,0.26782227 ,3 ,Acc ,15
3dd9e578dace13af ,1712369676575 ,-0.32470703 ,-0.4807129 ,0.24584961 ,3 ,Acc ,15
3dd9e578dace13af ,1712469100534 ,-0.16015625 ,-0.5921631 ,0.24005127 ,3 ,Acc ,15
3dd9e578dace13af ,1712546040377 ,-0.53959656 ,2.798294 ,0.8312378 ,0 ,Acc ,10
3dd9e578dace13af ,1712804382357 ,0.0063476563 ,-0.7219238 ,0.21905518 ,3 ,Acc ,15
3dd9e578dace13af ,1713106315638 ,-0.26983643 ,-0.458313 ,0.35162354 ,3 ,Acc ,15
3dd9e578dace13af ,1713210590377 ,-0.31243896 ,-0.39379883 ,0.37695313 ,3 ,Acc ,15
3dd9e578dace13af ,1713310161627 ,-0.33319092 ,-0.44995117 ,0.32244873 ,3 ,Acc ,15
3dd9e578dace13af ,1713410851210 ,-0.22265625 ,-0.5609741 ,0.2841797 ,3 ,Acc ,15
3dd9e578dace13af ,1713532044023 ,-0.082092285 ,-0.6814575 ,0.2211914 ,3 ,Acc ,15
3dd9e578dace13af ,1713651029127 ,0.018371582 ,-0.7420044 ,0.2006836 ,3 ,Acc ,15
3dd9e578dace13af ,1713771213710 ,-0.0048217773 ,-0.73309326 ,0.24047852 ,3 ,Acc ,15
3dd9e578dace13af ,1713891330689 ,-0.03265381 ,-0.62371826 ,0.33276367 ,3 ,Acc ,15
3dd9e578dace13af ,1714011504335 ,-0.20300293 ,-0.5163574 ,0.38116455 ,3 ,Acc ,15
3dd9e578dace13af ,1714110923919 ,-0.32781982 ,-0.4241333 ,0.4248047 ,3 ,Acc ,15
3dd9e578dace13af ,1714211705898 ,-0.39233398 ,-0.4060669 ,0.40008545 ,3 ,Acc ,15
3dd9e578dace13af ,1714311297929 ,-0.3255005 ,-0.53356934 ,0.3289795 ,3 ,Acc ,15
3dd9e578dace13af ,1714431320429 ,-0.066345215 ,-0.65045166 ,0.3092041 ,3 ,Acc ,15
3dd9e578dace13af ,1714533085741 ,-0.024108887 ,-0.72265625 ,0.22766113 ,3 ,Acc ,15
3dd9e578dace13af ,1714652216835 ,0.02923584 ,-0.74542236 ,0.24658203 ,3 ,Acc ,15
3dd9e578dace13af ,1714772339179 ,-0.029724121 ,-0.6923218 ,0.30932617 ,3 ,Acc ,15
3dd9e578dace13af ,1714871857720 ,-0.09680176 ,-0.58551025 ,0.39007568 ,3 ,Acc ,15
3dd9e578dace13af ,1714972458866 ,-0.22454834 ,-0.4925537 ,0.44976807 ,3 ,Acc ,15
3dd9e578dace13af ,1715072066470 ,-0.32043457 ,-0.40368652 ,0.49066162 ,3 ,Acc ,15
3dd9e578dace13af ,1715172716835 ,-0.39190674 ,-0.4142456 ,0.44281006 ,3 ,Acc ,15
3dd9e578dace13af ,1715272300116 ,-0.31622314 ,-0.545166 ,0.3694458 ,3 ,Acc ,15
3dd9e578dace13af ,1715372976470 ,-0.077819824 ,-0.63623047 ,0.3692627 ,3 ,Acc ,15
3dd9e578dace13af ,1715493134543 ,-0.022644043 ,-0.7260742 ,0.27508545 ,3 ,Acc ,15
3dd9e578dace13af ,1715549182460 ,4.5576477 ,-1.9828033 ,4.661484 ,0 ,Acc ,10
3dd9e578dace13af ,1715608174543 ,0.034301758 ,-0.74090576 ,0.3012085 ,3 ,Acc ,15
3dd9e578dace13af ,1715734090637 ,-0.017150879 ,-0.68133545 ,0.3737793 ,3 ,Acc ,15
3dd9e578dace13af ,1715853497355 ,-0.13226318 ,-0.55358887 ,0.45159912 ,3 ,Acc ,15
3dd9e578dace13af ,1715973560272 ,-0.29614258 ,-0.45355225 ,0.5015869 ,3 ,Acc ,15
3dd9e578dace13af ,1716073145845 ,-0.36132813 ,-0.3892212 ,0.5157471 ,3 ,Acc ,15
3dd9e578dace13af ,1716172874282 ,-0.39648438 ,-0.4678955 ,0.44030762 ,3 ,Acc ,15
3dd9e578dace13af ,1716273334439 ,-0.23242188 ,-0.6000366 ,0.38970947 ,3 ,Acc ,15
3dd9e578dace13af ,1716374052824 ,-0.008972168 ,-0.6800537 ,0.3718872 ,3 ,Acc ,15
3dd9e578dace13af ,1716490735324 ,0.03942871 ,-0.74401855 ,0.31079102 ,3 ,Acc ,15
3dd9e578dace13af ,1716593688657 ,0.032409668 ,-0.7476196 ,0.32281494 ,3 ,Acc ,15
3dd9e578dace13af ,1716694396626 ,-0.0076904297 ,-0.6901245 ,0.3895874 ,3 ,Acc ,15
3dd9e578dace13af ,1716814488553 ,-0.12652588 ,-0.5610962 ,0.47418213 ,3 ,Acc ,15
3dd9e578dace13af ,1716913981678 ,-0.29138184 ,-0.48205566 ,0.5184326 ,3 ,Acc ,15
3dd9e578dace13af ,1717014698032 ,-0.38208008 ,-0.38885498 ,0.5584717 ,3 ,Acc ,15
3dd9e578dace13af ,1717114254386 ,-0.44195557 ,-0.42181396 ,0.5026245 ,3 ,Acc ,15
3dd9e578dace13af ,1717214956105 ,-0.3390503 ,-0.56799316 ,0.4296875 ,3 ,Acc ,15
3dd9e578dace13af ,1717336102771 ,-0.03704834 ,-0.6748047 ,0.41210938 ,3 ,Acc ,15
3dd9e578dace13af ,1717455129699 ,-0.007446289 ,-0.75219727 ,0.33850098 ,3 ,Acc ,15
3dd9e578dace13af ,1717573948292 ,0.047973633 ,-0.7321167 ,0.40075684 ,3 ,Acc ,15
3dd9e578dace13af ,1717694734282 ,-0.022583008 ,-0.62701416 ,0.49212646 ,3 ,Acc ,15
3dd9e578dace13af ,1717794950896 ,-0.16461182 ,-0.53100586 ,0.54260254 ,3 ,Acc ,15
3dd9e578dace13af ,1717895697146 ,-0.31951904 ,-0.4411621 ,0.5750122 ,3 ,Acc ,15
3dd9e578dace13af ,1717995286782 ,-0.41149902 ,-0.37878418 ,0.58135986 ,3 ,Acc ,15
3dd9e578dace13af ,1718115290011 ,-0.41833496 ,-0.5001221 ,0.50512695 ,3 ,Acc ,15
3dd9e578dace13af ,1718216038396 ,-0.19946289 ,-0.5968628 ,0.5095215 ,3 ,Acc ,15
3dd9e578dace13af ,1718337247511 ,-0.039611816 ,-0.6903076 ,0.44805908 ,3 ,Acc ,15
3dd9e578dace13af ,1718456258448 ,0.031066895 ,-0.74713135 ,0.40063477 ,3 ,Acc ,15
3dd9e578dace13af ,1718554330323 ,-8.210342 ,5.8984528 ,0.7824707 ,0 ,Acc ,10
3dd9e578dace13af ,1718557651834 ,0.061279297 ,-0.73150635 ,0.4439087 ,3 ,Acc ,15
3dd9e578dace13af ,1718675925792 ,-0.024597168 ,-0.6217041 ,0.5352173 ,3 ,Acc ,15
3dd9e578dace13af ,1718776640167 ,-0.123413086 ,-0.42651367 ,0.6566162 ,3 ,Acc ,15
3dd9e578dace13af ,1718878032042 ,-0.14685059 ,-0.039123535 ,0.78826904 ,3 ,Acc ,15
3dd9e578dace13af ,1718990287667 ,-0.21307373 ,0.1973877 ,0.8294678 ,3 ,Acc ,15
3dd9e578dace13af ,1719097029542 ,-0.23297119 ,0.24261475 ,0.84313965 ,3 ,Acc ,15
3dd9e578dace13af ,1719198439125 ,-0.24108887 ,0.23248291 ,0.8552246 ,3 ,Acc ,15
3dd9e578dace13af ,1719316608917 ,-0.23632813 ,0.2144165 ,0.86364746 ,3 ,Acc ,15
3dd9e578dace13af ,1719433046417 ,-0.2630005 ,0.07989502 ,0.8775635 ,3 ,Acc ,15
3dd9e578dace13af ,1719551049385 ,-0.33862305 ,-0.32250977 ,0.76104736 ,3 ,Acc ,15
3dd9e578dace13af ,1719751694021 ,-0.11413574 ,-0.64141846 ,0.5289917 ,3 ,Acc ,15
3dd9e578dace13af ,1719852013239 ,-0.018981934 ,-0.642395 ,0.5504761 ,3 ,Acc ,15
3dd9e578dace13af ,1719951434073 ,0.016906738 ,-0.6107788 ,0.5605469 ,3 ,Acc ,15
3dd9e578dace13af ,1720052047406 ,-0.04949951 ,-0.76220703 ,0.3842163 ,3 ,Acc ,15
3dd9e578dace13af ,1720152034125 ,-0.042541504 ,-0.7481079 ,0.44628906 ,3 ,Acc ,15
3dd9e578dace13af ,1720273098395 ,-0.14971924 ,-0.7286377 ,0.43249512 ,3 ,Acc ,15
3dd9e578dace13af ,1720392089541 ,-0.34124756 ,-0.694397 ,0.39630127 ,3 ,Acc ,15
3dd9e578dace13af ,1720498588187 ,-0.43518066 ,-0.651001 ,0.42510986 ,3 ,Acc ,15
3dd9e578dace13af ,1720618636051 ,-0.45111084 ,-0.57092285 ,0.51361084 ,3 ,Acc ,15
3dd9e578dace13af ,1720718230895 ,-0.43011475 ,-0.48931885 ,0.5940552 ,3 ,Acc ,15
3dd9e578dace13af ,1720818814385 ,-0.44622803 ,-0.440979 ,0.6300049 ,3 ,Acc ,15
3dd9e578dace13af ,1720940089281 ,-0.44476318 ,-0.5050049 ,0.5751343 ,3 ,Acc ,15
3dd9e578dace13af ,1721059113551 ,-0.24090576 ,-0.6370239 ,0.48010254 ,3 ,Acc ,15
3dd9e578dace13af ,1721175443447 ,0.04888916 ,-0.6442871 ,0.53808594 ,3 ,Acc ,15
3dd9e578dace13af ,1721278735791 ,-0.04876709 ,-0.72076416 ,0.49090576 ,3 ,Acc ,15
3dd9e578dace13af ,1721379502041 ,-0.09033203 ,-0.7538452 ,0.46099854 ,3 ,Acc ,15
3dd9e578dace13af ,1721478929385 ,-0.01928711 ,-0.71343994 ,0.51501465 ,3 ,Acc ,15
3dd9e578dace13af ,1721555819020 ,6.7964325 ,6.83342 ,-1.4476013 ,0 ,Acc ,10
3dd9e578dace13af ,1721593369541 ,-0.16912842 ,-0.65057373 ,0.54833984 ,3 ,Acc ,15
3dd9e578dace13af ,1721699885739 ,-0.26745605 ,-0.55914307 ,0.5875244 ,3 ,Acc ,15
3dd9e578dace13af ,1721820029228 ,-0.3569336 ,-0.46588135 ,0.61535645 ,3 ,Acc ,15
3dd9e578dace13af ,1721937522874 ,-0.43823242 ,-0.42681885 ,0.6036377 ,3 ,Acc ,15
3dd9e578dace13af ,1722057237041 ,-0.4257202 ,-0.53308105 ,0.541687 ,3 ,Acc ,15
3dd9e578dace13af ,1722176261520 ,-0.17382813 ,-0.59710693 ,0.6020508 ,3 ,Acc ,15
3dd9e578dace13af ,1722279749697 ,-0.060180664 ,-0.6563721 ,0.5845947 ,3 ,Acc ,15
3dd9e578dace13af ,1722400067665 ,-0.015075684 ,-0.71380615 ,0.5598755 ,3 ,Acc ,15
3dd9e578dace13af ,1722520089228 ,-0.011962891 ,-0.6859131 ,0.5897827 ,3 ,Acc ,15
3dd9e578dace13af ,1722620852405 ,-0.0848999 ,-0.585022 ,0.63616943 ,3 ,Acc ,15
3dd9e578dace13af ,1722720397769 ,-0.25073242 ,-0.5140991 ,0.63549805 ,3 ,Acc ,15
3dd9e578dace13af ,1722840419801 ,-0.4348755 ,-0.4491577 ,0.62908936 ,3 ,Acc ,15
3dd9e578dace13af ,1722941429905 ,-0.47601318 ,-0.40405273 ,0.6279907 ,3 ,Acc ,15
3dd9e578dace13af ,1723040824019 ,-0.4512329 ,-0.4921875 ,0.59210205 ,3 ,Acc ,15
3dd9e578dace13af ,1723155879488 ,-0.2642212 ,-0.58166504 ,0.60302734 ,3 ,Acc ,15
3dd9e578dace13af ,1723258373290 ,-0.1696167 ,-0.6721802 ,0.5612793 ,3 ,Acc ,15
3dd9e578dace13af ,1723361098550 ,-0.10882568 ,-0.7277832 ,0.51885986 ,3 ,Acc ,15
3dd9e578dace13af ,1723461843811 ,-0.031799316 ,-0.7084961 ,0.5515137 ,3 ,Acc ,15
3dd9e578dace13af ,1723578287613 ,-0.0692749 ,-0.64630127 ,0.614624 ,3 ,Acc ,15
3dd9e578dace13af ,1723681463654 ,-0.18359375 ,-0.5540161 ,0.65667725 ,3 ,Acc ,15
3dd9e578dace13af ,1723801520061 ,-0.37786865 ,-0.487854 ,0.6548462 ,3 ,Acc ,15
3dd9e578dace13af ,1723919405165 ,-0.4824829 ,-0.4052124 ,0.65582275 ,3 ,Acc ,15
3dd9e578dace13af ,1724041800373 ,-0.4885254 ,-0.48516846 ,0.6034546 ,3 ,Acc ,15
3dd9e578dace13af ,1724157490113 ,-0.3260498 ,-0.5791626 ,0.61206055 ,3 ,Acc ,15
3dd9e578dace13af ,1724278435842 ,-0.20471191 ,-0.67388916 ,0.576355 ,3 ,Acc ,15
3dd9e578dace13af ,1724396991623 ,-0.07836914 ,-0.70617676 ,0.58410645 ,3 ,Acc ,15
3dd9e578dace13af ,1724497300633 ,-0.06109619 ,-0.7020874 ,0.61047363 ,3 ,Acc ,15
3dd9e578dace13af ,1724575823706 ,8.810928 ,5.9898834 ,0.7227478 ,0 ,Acc ,10
3dd9e578dace13af ,1724617110633 ,-0.1227417 ,-0.6109009 ,0.67297363 ,3 ,Acc ,15
3dd9e578dace13af ,1724738168706 ,-0.3032837 ,-0.5449829 ,0.63983154 ,3 ,Acc ,15
3dd9e578dace13af ,1724857308550 ,-0.545166 ,-0.49621582 ,0.5625 ,3 ,Acc ,15
3dd9e578dace13af ,1724977540946 ,-0.6206665 ,-0.44580078 ,0.54125977 ,3 ,Acc ,15
3dd9e578dace13af ,1725079755060 ,-0.54382324 ,-0.55718994 ,0.5203247 ,3 ,Acc ,15
3dd9e578dace13af ,1725200747716 ,-0.2498169 ,-0.60632324 ,0.62872314 ,3 ,Acc ,15
3dd9e578dace13af ,1725303701779 ,-0.10949707 ,-0.6206665 ,0.6711426 ,3 ,Acc ,15
3dd9e578dace13af ,1725403159487 ,-0.018310547 ,-0.5549927 ,0.75683594 ,3 ,Acc ,15
3dd9e578dace13af ,1725504043029 ,0.061035156 ,-0.44354248 ,0.8344116 ,3 ,Acc ,15
3dd9e578dace13af ,1725604176779 ,0.14111328 ,-0.28796387 ,0.8701172 ,3 ,Acc ,15
3dd9e578dace13af ,1725704148862 ,0.12561035 ,-0.18353271 ,0.86505127 ,3 ,Acc ,15
3dd9e578dace13af ,1725821760112 ,0.15881348 ,-0.012512207 ,0.86016846 ,3 ,Acc ,15
3dd9e578dace13af ,1725923850372 ,0.22650146 ,0.111816406 ,0.85046387 ,3 ,Acc ,15
3dd9e578dace13af ,1726024515841 ,0.28503418 ,0.22528076 ,0.83587646 ,3 ,Acc ,15
3dd9e578dace13af ,1726123939799 ,0.3577881 ,0.34545898 ,0.7919922 ,3 ,Acc ,15
3dd9e578dace13af ,1726224623862 ,0.43927002 ,0.46661377 ,0.7317505 ,3 ,Acc ,15
3dd9e578dace13af ,1726324278758 ,0.43188477 ,0.48181152 ,0.7528076 ,3 ,Acc ,15
3dd9e578dace13af ,1726423756049 ,0.40856934 ,0.5151367 ,0.7531738 ,3 ,Acc ,15
3dd9e578dace13af ,1726546077143 ,0.45385742 ,0.5175781 ,0.7192993 ,3 ,Acc ,15
3dd9e578dace13af ,1726665219591 ,0.46118164 ,0.52459717 ,0.69885254 ,3 ,Acc ,15
3dd9e578dace13af ,1726783595789 ,0.46374512 ,0.513855 ,0.704895 ,3 ,Acc ,15
3dd9e578dace13af ,1726884867924 ,0.4852295 ,0.5053711 ,0.70654297 ,3 ,Acc ,15
3dd9e578dace13af ,1726985531414 ,0.50775146 ,0.49194336 ,0.70721436 ,3 ,Acc ,15
3dd9e578dace13af ,1727085023132 ,0.505188 ,0.46820068 ,0.7164917 ,3 ,Acc ,15
3dd9e578dace13af ,1727185700059 ,0.5117798 ,0.43652344 ,0.7130127 ,3 ,Acc ,15
3dd9e578dace13af ,1727305885007 ,0.52227783 ,0.41870117 ,0.7023926 ,3 ,Acc ,15
3dd9e578dace13af ,1727426030684 ,0.506897 ,0.43927002 ,0.727478 ,3 ,Acc ,15
3dd9e578dace13af ,1727547202663 ,0.4970703 ,0.571228 ,0.6485596 ,3 ,Acc ,15
3dd9e578dace13af ,1727581861518 ,8.224594 ,-11.486877 ,2.9680634 ,0 ,Acc ,10
3dd9e578dace13af ,1727660366518 ,0.50665283 ,0.64123535 ,0.5598755 ,3 ,Acc ,15
3dd9e578dace13af ,1727765804018 ,0.51226807 ,0.48309326 ,0.68408203 ,3 ,Acc ,15
3dd9e578dace13af ,1727866138236 ,0.5222168 ,0.4776001 ,0.6790161 ,3 ,Acc ,15
3dd9e578dace13af ,1727965893288 ,0.5554199 ,0.5488281 ,0.6071167 ,3 ,Acc ,15
3dd9e578dace13af ,1728066129330 ,0.54608154 ,0.5326538 ,0.6463623 ,3 ,Acc ,15
3dd9e578dace13af ,1728186836153 ,0.49969482 ,0.46765137 ,0.71258545 ,3 ,Acc ,15
3dd9e578dace13af ,1728286141465 ,0.48059082 ,0.4156494 ,0.73065186 ,3 ,Acc ,15
3dd9e578dace13af ,1728386130892 ,0.442688 ,0.39190674 ,0.7546997 ,3 ,Acc ,15
3dd9e578dace13af ,1728486148080 ,0.44848633 ,0.32836914 ,0.8123779 ,3 ,Acc ,15
3dd9e578dace13af ,1728587280476 ,0.50457764 ,0.43719482 ,0.7434082 ,3 ,Acc ,15
3dd9e578dace13af ,1728686785944 ,0.5477905 ,0.55126953 ,0.6258545 ,3 ,Acc ,15
3dd9e578dace13af ,1728787335475 ,0.576355 ,0.5239258 ,0.6057739 ,3 ,Acc ,15
3dd9e578dace13af ,1728907701100 ,0.6194458 ,0.5932617 ,0.5 ,3 ,Acc ,15
3dd9e578dace13af ,1729027692455 ,0.5916748 ,0.60162354 ,0.53564453 ,3 ,Acc ,15
3dd9e578dace13af ,1729127278444 ,0.54504395 ,0.4821167 ,0.6708374 ,3 ,Acc ,15
3dd9e578dace13af ,1729227950736 ,0.53479004 ,0.29736328 ,0.7473755 ,3 ,Acc ,15
3dd9e578dace13af ,1729349121413 ,0.503479 ,0.23553467 ,0.7539673 ,3 ,Acc ,15
3dd9e578dace13af ,1729468234381 ,0.52783203 ,0.27148438 ,0.77770996 ,3 ,Acc ,15
3dd9e578dace13af ,1729582517975 ,0.56451416 ,0.48529053 ,0.66607666 ,3 ,Acc ,15
3dd9e578dace13af ,1729687973496 ,0.5866699 ,0.5274658 ,0.6098633 ,3 ,Acc ,15
3dd9e578dace13af ,1729788555788 ,0.60839844 ,0.505188 ,0.5963745 ,3 ,Acc ,15
3dd9e578dace13af ,1729888529069 ,0.6143799 ,0.524292 ,0.5777588 ,3 ,Acc ,15
3dd9e578dace13af ,1729988805215 ,0.59259033 ,0.58239746 ,0.55511475 ,3 ,Acc ,15
3dd9e578dace13af ,1730088361985 ,0.55895996 ,0.5793457 ,0.5625 ,3 ,Acc ,15
3dd9e578dace13af ,1730205447923 ,0.58154297 ,0.44500732 ,0.6320801 ,3 ,Acc ,15
3dd9e578dace13af ,1730309041725 ,0.5610962 ,0.34796143 ,0.7010498 ,3 ,Acc ,15
3dd9e578dace13af ,1730429248912 ,0.5916748 ,0.3147583 ,0.7262573 ,3 ,Acc ,15
3dd9e578dace13af ,1730550427350 ,0.6170654 ,0.4727173 ,0.6217041 ,3 ,Acc ,15
3dd9e578dace13af ,1730585762558 ,-1.6411285 ,-4.98053 ,3.2448425 ,0 ,Acc ,10
3dd9e578dace13af ,1730663584954 ,0.6254883 ,0.446167 ,0.63861084 ,3 ,Acc ,15
3dd9e578dace13af ,1730769505266 ,0.6290283 ,0.48034668 ,0.60198975 ,3 ,Acc ,15
3dd9e578dace13af ,1730889610839 ,0.6359863 ,0.5064087 ,0.58166504 ,3 ,Acc ,15
3dd9e578dace13af ,1730989872506 ,0.61499023 ,0.48260498 ,0.6135254 ,3 ,Acc ,15
3dd9e578dace13af ,1731091135214 ,0.58740234 ,0.4202881 ,0.6459961 ,3 ,Acc ,15
3dd9e578dace13af ,1731208339641 ,0.5617676 ,0.30004883 ,0.697937 ,3 ,Acc ,15
3dd9e578dace13af ,1731310200475 ,0.56921387 ,0.24023438 ,0.74920654 ,3 ,Acc ,15
3dd9e578dace13af ,1731430337193 ,0.6268921 ,0.42163086 ,0.64331055 ,3 ,Acc ,15
3dd9e578dace13af ,1731529892662 ,0.6578369 ,0.5340576 ,0.52667236 ,3 ,Acc ,15
3dd9e578dace13af ,1731630683599 ,0.6887207 ,0.536499 ,0.48773193 ,3 ,Acc ,15
3dd9e578dace13af ,1731731426568 ,0.69750977 ,0.5279541 ,0.4840088 ,3 ,Acc ,15
3dd9e578dace13af ,1731850286516 ,0.6766968 ,0.5130005 ,0.5196533 ,3 ,Acc ,15
3dd9e578dace13af ,1731951973860 ,0.61346436 ,0.5462036 ,0.51953125 ,3 ,Acc ,15
3dd9e578dace13af ,1732071014693 ,0.6016846 ,0.3824463 ,0.64746094 ,3 ,Acc ,15
3dd9e578dace13af ,1732191161047 ,0.5831909 ,0.19152832 ,0.7429199 ,3 ,Acc ,15
3dd9e578dace13af ,1732290920005 ,0.61761475 ,0.2244873 ,0.7362671 ,3 ,Acc ,15
3dd9e578dace13af ,1732391399693 ,0.6625366 ,0.46704102 ,0.5644531 ,3 ,Acc ,15
3dd9e578dace13af ,1732490947557 ,0.696167 ,0.4777832 ,0.5327759 ,3 ,Acc ,15
3dd9e578dace13af ,1732591615109 ,0.7108154 ,0.444458 ,0.5449219 ,3 ,Acc ,15
3dd9e578dace13af ,1732691061620 ,0.7168579 ,0.47772217 ,0.50775146 ,3 ,Acc ,15
3dd9e578dace13af ,1732791798755 ,0.69506836 ,0.4736328 ,0.5340576 ,3 ,Acc ,15
3dd9e578dace13af ,1732891332557 ,0.6437988 ,0.40411377 ,0.6187744 ,3 ,Acc ,15
3dd9e578dace13af ,1732992032974 ,0.62231445 ,0.27844238 ,0.673645 ,3 ,Acc ,15
3dd9e578dace13af ,1733112128859 ,0.5830078 ,0.1965332 ,0.70477295 ,3 ,Acc ,15
3dd9e578dace13af ,1733232313807 ,0.6077881 ,0.16711426 ,0.739563 ,3 ,Acc ,15
3dd9e578dace13af ,1733353450838 ,0.66607666 ,0.37445068 ,0.61828613 ,3 ,Acc ,15
3dd9e578dace13af ,1733472477401 ,0.71447754 ,0.4335327 ,0.5444946 ,3 ,Acc ,15
3dd9e578dace13af ,1733592671672 ,0.7304077 ,0.47631836 ,0.48846436 ,3 ,Acc ,15
3dd9e578dace13af ,1733589349172 ,6.5397186 ,-7.696167 ,8.558929 ,0 ,Acc ,10
3dd9e578dace13af ,1733706890474 ,0.72979736 ,0.45898438 ,0.5003052 ,3 ,Acc ,15
3dd9e578dace13af ,1733812234380 ,0.67755127 ,0.43243408 ,0.5630493 ,3 ,Acc ,15
3dd9e578dace13af ,1733912956359 ,0.6449585 ,0.31481934 ,0.6405029 ,3 ,Acc ,15
3dd9e578dace13af ,1734033107921 ,0.5958252 ,0.1876831 ,0.68792725 ,3 ,Acc ,15
3dd9e578dace13af ,1734150709380 ,0.60546875 ,0.109191895 ,0.7272339 ,3 ,Acc ,15
3dd9e578dace13af ,1734269057244 ,0.6759033 ,0.25787354 ,0.66186523 ,3 ,Acc ,15
3dd9e578dace13af ,1734372859796 ,0.7113037 ,0.41070557 ,0.55358887 ,3 ,Acc ,15
3dd9e578dace13af ,1734473584744 ,0.7359009 ,0.44207764 ,0.51135254 ,3 ,Acc ,15
3dd9e578dace13af ,1734593756567 ,0.7445679 ,0.47357178 ,0.46697998 ,3 ,Acc ,15
3dd9e578dace13af ,1734693249588 ,0.7376709 ,0.39489746 ,0.53289795 ,3 ,Acc ,15
3dd9e578dace13af ,1734793948025 ,0.6946411 ,0.2979126 ,0.6102905 ,3 ,Acc ,15
3dd9e578dace13af ,1734914059379 ,0.6531372 ,0.1798706 ,0.6561279 ,3 ,Acc ,15
3dd9e578dace13af ,1735034361202 ,0.6134033 ,0.12695313 ,0.6958618 ,3 ,Acc ,15
3dd9e578dace13af ,1735155174119 ,0.6619873 ,0.17633057 ,0.69055176 ,3 ,Acc ,15
3dd9e578dace13af ,1735274490942 ,0.708374 ,0.38031006 ,0.56188965 ,3 ,Acc ,15
3dd9e578dace13af ,1735374649744 ,0.7496338 ,0.38031006 ,0.5321045 ,3 ,Acc ,15
3dd9e578dace13af ,1735474776827 ,0.76519775 ,0.4060669 ,0.49316406 ,3 ,Acc ,15
3dd9e578dace13af ,1735594807400 ,0.7595825 ,0.40246582 ,0.49389648 ,3 ,Acc ,15
3dd9e578dace13af ,1735714741983 ,0.7145996 ,0.2989502 ,0.58673096 ,3 ,Acc ,15
3dd9e578dace13af ,1735814452817 ,0.6795044 ,0.1763916 ,0.6395874 ,3 ,Acc ,15
3dd9e578dace13af ,1735933248181 ,0.62945557 ,0.093933105 ,0.6621704 ,3 ,Acc ,15
3dd9e578dace13af ,1736034720212 ,0.6390991 ,0.07537842 ,0.6893921 ,3 ,Acc ,15
3dd9e578dace13af ,1736134756306 ,0.69989014 ,0.17822266 ,0.6508179 ,3 ,Acc ,15
3dd9e578dace13af ,1736235485837 ,0.7295532 ,0.32635498 ,0.5734863 ,3 ,Acc ,15
3dd9e578dace13af ,1736335009952 ,0.7680054 ,0.33233643 ,0.53723145 ,3 ,Acc ,15
3dd9e578dace13af ,1736435715056 ,0.78302 ,0.36547852 ,0.4935913 ,3 ,Acc ,15
3dd9e578dace13af ,1736557108910 ,0.7668457 ,0.3899536 ,0.48028564 ,3 ,Acc ,15
3dd9e578dace13af ,1736592157087 ,4.3464813 ,-1.881134 ,4.239044 ,0 ,Acc ,10
3dd9e578dace13af ,1736670134847 ,0.727417 ,0.2808838 ,0.55926514 ,3 ,Acc ,15
3dd9e578dace13af ,1736774718389 ,0.69140625 ,0.14837646 ,0.61328125 ,3 ,Acc ,15
3dd9e578dace13af ,1736876126774 ,0.65338135 ,0.05432129 ,0.63171387 ,3 ,Acc ,15
3dd9e578dace13af ,1736996291670 ,0.65093994 ,0.012817383 ,0.6567993 ,3 ,Acc ,15
3dd9e578dace13af ,1737095810733 ,0.7106323 ,0.12145996 ,0.6263428 ,3 ,Acc ,15
3dd9e578dace13af ,1737216011462 ,0.7449951 ,0.32928467 ,0.51342773 ,3 ,Acc ,15
3dd9e578dace13af ,1737336023701 ,0.7932739 ,0.3531494 ,0.4668579 ,3 ,Acc ,15
3dd9e578dace13af ,1737436939170 ,0.7919922 ,0.4161377 ,0.40966797 ,3 ,Acc ,15
3dd9e578dace13af ,1737558014378 ,0.7763672 ,0.34381104 ,0.4758911 ,3 ,Acc ,15
3dd9e578dace13af ,1737676154170 ,0.7282715 ,0.1281128 ,0.59924316 ,3 ,Acc ,15
3dd9e578dace13af ,1737776137243 ,0.6862793 ,-0.025817871 ,0.623291 ,3 ,Acc ,15
3dd9e578dace13af ,1737877233389 ,0.6309204 ,-0.07550049 ,0.65631104 ,3 ,Acc ,15
3dd9e578dace13af ,1737997400316 ,0.63165283 ,-0.08227539 ,0.70983887 ,3 ,Acc ,15
3dd9e578dace13af ,1738097032764 ,0.70526123 ,0.0013427734 ,0.69226074 ,3 ,Acc ,15
3dd9e578dace13af ,1738197670211 ,0.7647705 ,0.1486206 ,0.625 ,3 ,Acc ,15
3dd9e578dace13af ,1738317738180 ,0.772522 ,0.15130615 ,0.6055298 ,3 ,Acc ,15
3dd9e578dace13af ,1738417432086 ,0.7607422 ,0.09289551 ,0.61505127 ,3 ,Acc ,15
3dd9e578dace13af ,1738518156305 ,0.7487793 ,0.039489746 ,0.6398926 ,3 ,Acc ,15
3dd9e578dace13af ,1738638136253 ,0.7121582 ,-0.04473877 ,0.697876 ,3 ,Acc ,15
3dd9e578dace13af ,1738759311149 ,0.664978 ,-0.112854004 ,0.72772217 ,3 ,Acc ,15
3dd9e578dace13af ,1738878407815 ,0.59503174 ,-0.096069336 ,0.74835205 ,3 ,Acc ,15
3dd9e578dace13af ,1738977899065 ,0.57769775 ,-0.08898926 ,0.76501465 ,3 ,Acc ,15
3dd9e578dace13af ,1739078626669 ,0.6331177 ,-0.034118652 ,0.7462158 ,3 ,Acc ,15
3dd9e578dace13af ,1739178035524 ,0.7038574 ,0.053955078 ,0.68237305 ,3 ,Acc ,15
3dd9e578dace13af ,1739278833024 ,0.7648926 ,0.09008789 ,0.61724854 ,3 ,Acc ,15
3dd9e578dace13af ,1739398950628 ,0.819458 ,0.1560669 ,0.5326538 ,3 ,Acc ,15
3dd9e578dace13af ,1739514424951 ,0.8411865 ,0.23950195 ,0.45611572 ,3 ,Acc ,15
3dd9e578dace13af ,1739592039482 ,4.430893 ,-0.78944397 ,5.6743317 ,0 ,Acc ,10
3dd9e578dace13af ,1739633339794 ,0.798584 ,0.24829102 ,0.4736328 ,3 ,Acc ,15
3dd9e578dace13af ,1739738706148 ,0.7380371 ,0.17333984 ,0.55841064 ,3 ,Acc ,15
3dd9e578dace13af ,1739839394117 ,0.692688 ,0.005859375 ,0.6220703 ,3 ,Acc ,15
3dd9e578dace13af ,1739938965159 ,0.633728 ,-0.12988281 ,0.6625366 ,3 ,Acc ,15
3dd9e578dace13af ,1740039571513 ,0.65197754 ,-0.1828003 ,0.6676636 ,3 ,Acc ,15
3dd9e578dace13af ,1740139082138 ,0.7224121 ,-0.07977295 ,0.62542725 ,3 ,Acc ,15
3dd9e578dace13af ,1740239854846 ,0.7841797 ,0.045837402 ,0.569397 ,3 ,Acc ,15
3dd9e578dace13af ,1740356481565 ,0.8452759 ,0.12426758 ,0.50061035 ,3 ,Acc ,15
3dd9e578dace13af ,1740457483179 ,0.8709717 ,0.14978027 ,0.45770264 ,3 ,Acc ,15
3dd9e578dace13af ,1740560528752 ,0.86151123 ,0.105895996 ,0.4874878 ,3 ,Acc ,15
3dd9e578dace13af ,1740659750471 ,0.79797363 ,-0.0059814453 ,0.5909424 ,3 ,Acc ,15
3dd9e578dace13af ,1740761578908 ,0.723999 ,-0.15362549 ,0.65545654 ,3 ,Acc ,15
3dd9e578dace13af ,1740880972085 ,0.6430664 ,-0.1954956 ,0.70825195 ,3 ,Acc ,15
3dd9e578dace13af ,1741001128127 ,0.64727783 ,-0.21258545 ,0.71569824 ,3 ,Acc ,15
3dd9e578dace13af ,1741121311096 ,0.73272705 ,-0.17871094 ,0.65478516 ,3 ,Acc ,15
3dd9e578dace13af ,1741241349846 ,0.7838745 ,-0.15692139 ,0.59973145 ,3 ,Acc ,15
3dd9e578dace13af ,1741360617033 ,0.7385864 ,-0.28588867 ,0.53686523 ,3 ,Acc ,15
3dd9e578dace13af ,1741481689533 ,0.7022095 ,-0.36260986 ,0.4434204 ,3 ,Acc ,15
3dd9e578dace13af ,1741601798023 ,0.72509766 ,-0.34466553 ,0.4885254 ,3 ,Acc ,15
3dd9e578dace13af ,1741700985314 ,0.73413086 ,-0.28771973 ,0.5789795 ,3 ,Acc ,15
3dd9e578dace13af ,1741802007241 ,0.70129395 ,-0.31726074 ,0.62957764 ,3 ,Acc ,15
3dd9e578dace13af ,1741922112085 ,0.6394043 ,-0.36212158 ,0.67803955 ,3 ,Acc ,15
3dd9e578dace13af ,1742042221095 ,0.63342285 ,-0.32781982 ,0.70092773 ,3 ,Acc ,15
3dd9e578dace13af ,1742163422814 ,0.77008057 ,-0.14501953 ,0.6187134 ,3 ,Acc ,15
3dd9e578dace13af ,1742282470574 ,0.8223877 ,-0.06335449 ,0.56378174 ,3 ,Acc ,15
3dd9e578dace13af ,1742402716095 ,0.8532715 ,-0.06707764 ,0.5170288 ,3 ,Acc ,15
3dd9e578dace13af ,1742501795991 ,0.86169434 ,-0.04864502 ,0.5042114 ,3 ,Acc ,15
3dd9e578dace13af ,1742602684272 ,0.833313 ,-0.045898438 ,0.54296875 ,3 ,Acc ,15
3dd9e578dace13af ,1742599364012 ,2.9378357 ,-0.5010071 ,4.5643616 ,0 ,Acc ,10
3dd9e578dace13af ,1742720604689 ,0.7441406 ,-0.08068848 ,0.6422119 ,3 ,Acc ,15
3dd9e578dace13af ,1742822756981 ,0.6657715 ,-0.18841553 ,0.7005005 ,3 ,Acc ,15
3dd9e578dace13af ,1742942076720 ,0.5800781 ,-0.2635498 ,0.74432373 ,3 ,Acc ,15
3dd9e578dace13af ,1743042821824 ,0.59906006 ,-0.3187256 ,0.7229004 ,3 ,Acc ,15
3dd9e578dace13af ,1743164060262 ,0.71087646 ,-0.20916748 ,0.6590576 ,3 ,Acc ,15
3dd9e578dace13af ,1743280731355 ,0.7779541 ,-0.18804932 ,0.59783936 ,3 ,Acc ,15
3dd9e578dace13af ,1743403272241 ,0.82476807 ,-0.1508789 ,0.54486084 ,3 ,Acc ,15
3dd9e578dace13af ,1743523416876 ,0.85162354 ,-0.06524658 ,0.5114746 ,3 ,Acc ,15
3dd9e578dace13af ,1743859338282 ,0.6741333 ,-0.16235352 ,0.6694946 ,3 ,Acc ,15
3dd9e578dace13af ,1744400535938 ,0.42321777 ,-0.49279785 ,0.5281372 ,3 ,Acc ,15
3dd9e578dace13af ,1744503919688 ,0.3595581 ,-0.50494385 ,0.50946045 ,3 ,Acc ,15
3dd9e578dace13af ,1744621967917 ,0.29815674 ,-0.5097046 ,0.5004883 ,3 ,Acc ,15
3dd9e578dace13af ,1744724722813 ,0.26312256 ,-0.5241699 ,0.48535156 ,3 ,Acc ,15
3dd9e578dace13af ,1744824260001 ,0.26306152 ,-0.52441406 ,0.48254395 ,3 ,Acc ,15
3dd9e578dace13af ,1744924939011 ,0.24743652 ,-0.5083008 ,0.49212646 ,3 ,Acc ,15
3dd9e578dace13af ,1745044732657 ,0.25268555 ,-0.31781006 ,0.5871582 ,3 ,Acc ,15
3dd9e578dace13af ,1745144575521 ,0.25024414 ,-0.3143921 ,0.5819092 ,3 ,Acc ,15
3dd9e578dace13af ,1745245254896 ,0.2578125 ,-0.3248291 ,0.5684204 ,3 ,Acc ,15
3dd9e578dace13af ,1745366063438 ,0.25378418 ,-0.3110962 ,0.5638428 ,3 ,Acc ,15
3dd9e578dace13af ,1745484719636 ,0.25024414 ,-0.2954712 ,0.56347656 ,3 ,Acc ,15
3dd9e578dace13af ,1745583878334 ,0.25128174 ,-0.29406738 ,0.5579834 ,3 ,Acc ,15
3dd9e578dace13af ,1745620544896 ,0.29083252 ,0.6474457 ,0.26734924 ,0 ,Acc ,10
3dd9e578dace13af ,1745699483125 ,0.25378418 ,-0.3012085 ,0.5543213 ,3 ,Acc ,15
3dd9e578dace13af ,1745806037188 ,0.25091553 ,-0.30041504 ,0.5526123 ,3 ,Acc ,15
3dd9e578dace13af ,1745926049063 ,0.24908447 ,-0.2956543 ,0.5504761 ,3 ,Acc ,15
3dd9e578dace13af ,1746046087083 ,0.2354126 ,-0.29034424 ,0.55029297 ,3 ,Acc ,15
