3dd9e578dace13af ,829848814838 ,0.20117188 ,0.29351807 ,-0.56048584 ,3 ,Acc ,15
3dd9e578dace13af ,829948500307 ,0.12158203 ,0.33709717 ,-0.48156738 ,3 ,Acc ,15
3dd9e578dace13af ,830049239213 ,0.18450928 ,0.40856934 ,-0.4255371 ,3 ,Acc ,15
3dd9e578dace13af ,830169225671 ,0.24511719 ,0.39648438 ,-0.399292 ,3 ,Acc ,15
3dd9e578dace13af ,830271182129 ,0.37072754 ,0.39318848 ,-0.39074707 ,3 ,Acc ,15
3dd9e578dace13af ,830375350306 ,0.40893555 ,0.36108398 ,-0.440979 ,3 ,Acc ,15
3dd9e578dace13af ,830495384213 ,0.44244385 ,0.33428955 ,-0.49517822 ,3 ,Acc ,15
3dd9e578dace13af ,830615549994 ,0.42089844 ,0.24542236 ,-0.5644531 ,3 ,Acc ,15
3dd9e578dace13af ,830715001921 ,0.39892578 ,0.1671753 ,-0.60302734 ,3 ,Acc ,15
3dd9e578dace13af ,830815717025 ,0.39196777 ,0.122680664 ,-0.6254883 ,3 ,Acc ,15
3dd9e578dace13af ,830915153744 ,0.38183594 ,0.1373291 ,-0.6043701 ,3 ,Acc ,15
3dd9e578dace13af ,831016060150 ,0.38336182 ,0.23913574 ,-0.524353 ,3 ,Acc ,15
3dd9e578dace13af ,831136196296 ,0.2296753 ,0.347229 ,-0.4767456 ,3 ,Acc ,15
3dd9e578dace13af ,831237203692 ,0.22589111 ,0.38446045 ,-0.4621582 ,3 ,Acc ,15
3dd9e578dace13af ,831355663379 ,0.4298706 ,0.47320557 ,-0.36968994 ,3 ,Acc ,15
3dd9e578dace13af ,831456078119 ,0.47210693 ,0.50079346 ,-0.36114502 ,3 ,Acc ,15
3dd9e578dace13af ,831555887285 ,0.5084839 ,0.46673584 ,-0.37194824 ,3 ,Acc ,15
3dd9e578dace13af ,831656382598 ,0.50775146 ,0.38232422 ,-0.4024048 ,3 ,Acc ,15
3dd9e578dace13af ,831756108379 ,0.5142212 ,0.2672119 ,-0.4477539 ,3 ,Acc ,15
3dd9e578dace13af ,831856824264 ,0.52142334 ,0.1661377 ,-0.47039795 ,3 ,Acc ,15
3dd9e578dace13af ,831956320566 ,0.5673828 ,0.13031006 ,-0.45306396 ,3 ,Acc ,15
3dd9e578dace13af ,832053985514 ,0.5565796 ,0.21838379 ,-0.42016602 ,3 ,Acc ,15
3dd9e578dace13af ,832176357077 ,0.27722168 ,0.30993652 ,-0.49273682 ,3 ,Acc ,15
3dd9e578dace13af ,832276670202 ,0.19799805 ,0.38098145 ,-0.5116577 ,3 ,Acc ,15
3dd9e578dace13af ,832377539785 ,0.16912842 ,0.41705322 ,-0.5280762 ,3 ,Acc ,15
3dd9e578dace13af ,832497529577 ,0.1418457 ,0.3949585 ,-0.5449829 ,3 ,Acc ,15
3dd9e578dace13af ,832617709785 ,0.17712402 ,0.29766846 ,-0.5739746 ,3 ,Acc ,15
3dd9e578dace13af ,832737799576 ,0.24047852 ,0.16845703 ,-0.61083984 ,3 ,Acc ,15
3dd9e578dace13af ,832734483587 ,7.411667 ,3.4066315 ,-7.8904266 ,0 ,Acc ,10
3dd9e578dace13af ,832854196399 ,0.31707764 ,0.07287598 ,-0.6400757 ,3 ,Acc ,15
3dd9e578dace13af ,832956351243 ,0.40026855 ,0.05718994 ,-0.62646484 ,3 ,Acc ,15
3dd9e578dace13af ,833058157805 ,0.43426514 ,0.15100098 ,-0.6130371 ,3 ,Acc ,15
3dd9e578dace13af ,833178439524 ,0.21655273 ,0.1899414 ,-0.62872314 ,3 ,Acc ,15
3dd9e578dace13af ,833277766816 ,0.16906738 ,0.28100586 ,-0.6098633 ,3 ,Acc ,15
3dd9e578dace13af ,833378516243 ,0.10046387 ,0.3161621 ,-0.6161499 ,3 ,Acc ,15
3dd9e578dace13af ,833477956607 ,0.053222656 ,0.3050537 ,-0.633728 ,3 ,Acc ,15
3dd9e578dace13af ,833578653587 ,0.046813965 ,0.23400879 ,-0.663147 ,3 ,Acc ,15
3dd9e578dace13af ,833677761191 ,0.04559326 ,0.121154785 ,-0.6951294 ,3 ,Acc ,15
3dd9e578dace13af ,833778710253 ,0.13494873 ,0.09124756 ,-0.7317505 ,3 ,Acc ,15
3dd9e578dace13af ,833877747545 ,0.2010498 ,0.0546875 ,-0.74902344 ,3 ,Acc ,15
3dd9e578dace13af ,833997556295 ,0.26489258 ,0.13232422 ,-0.7059326 ,3 ,Acc ,15
3dd9e578dace13af ,834099265097 ,0.12799072 ,0.17529297 ,-0.6904297 ,3 ,Acc ,15
3dd9e578dace13af ,834217832701 ,0.052368164 ,0.21618652 ,-0.67230225 ,3 ,Acc ,15
3dd9e578dace13af ,834318894992 ,0.052734375 ,0.26367188 ,-0.66381836 ,3 ,Acc ,15
3dd9e578dace13af ,834419744836 ,-0.017150879 ,0.26220703 ,-0.67004395 ,3 ,Acc ,15
3dd9e578dace13af ,834519031294 ,-0.028320313 ,0.1921997 ,-0.7105713 ,3 ,Acc ,15
3dd9e578dace13af ,834619894524 ,0.047302246 ,0.10797119 ,-0.7584839 ,3 ,Acc ,15
3dd9e578dace13af ,834740049576 ,0.17547607 ,0.042907715 ,-0.802063 ,3 ,Acc ,15
3dd9e578dace13af ,834840291971 ,0.26605225 ,0.0060424805 ,-0.8067627 ,3 ,Acc ,15
3dd9e578dace13af ,834959599107 ,0.32006836 ,0.078125 ,-0.7738037 ,3 ,Acc ,15
3dd9e578dace13af ,835059754836 ,0.17926025 ,0.1461792 ,-0.74438477 ,3 ,Acc ,15
3dd9e578dace13af ,835159812961 ,0.011962891 ,0.15856934 ,-0.720459 ,3 ,Acc ,15
3dd9e578dace13af ,835260643794 ,-0.008422852 ,0.23162842 ,-0.70806885 ,3 ,Acc ,15
3dd9e578dace13af ,835380745982 ,-0.072021484 ,0.23223877 ,-0.7156372 ,3 ,Acc ,15
3dd9e578dace13af ,835480148846 ,-0.0670166 ,0.16229248 ,-0.7463989 ,3 ,Acc ,15
3dd9e578dace13af ,835580913950 ,0.034057617 ,0.086120605 ,-0.78759766 ,3 ,Acc ,15
3dd9e578dace13af ,835699963377 ,0.17333984 ,0.032348633 ,-0.83148193 ,3 ,Acc ,15
3dd9e578dace13af ,835756785044 ,11.780304 ,-0.6419983 ,-9.854584 ,0 ,Acc ,10
3dd9e578dace13af ,835817086971 ,0.2423706 ,-0.016723633 ,-0.8475342 ,3 ,Acc ,15
3dd9e578dace13af ,835920630669 ,0.26550293 ,0.05883789 ,-0.82110596 ,3 ,Acc ,15
3dd9e578dace13af ,836021390929 ,0.1105957 ,0.103393555 ,-0.782959 ,3 ,Acc ,15
3dd9e578dace13af ,836141582388 ,0.0413208 ,0.16552734 ,-0.7420044 ,3 ,Acc ,15
3dd9e578dace13af ,836242589315 ,0.07171631 ,0.2590332 ,-0.72094727 ,3 ,Acc ,15
3dd9e578dace13af ,836361032648 ,-0.03967285 ,0.23162842 ,-0.7192993 ,3 ,Acc ,15
3dd9e578dace13af ,836478443533 ,-0.03540039 ,0.15740967 ,-0.77319336 ,3 ,Acc ,15
3dd9e578dace13af ,836581950669 ,0.060058594 ,0.08532715 ,-0.8257446 ,3 ,Acc ,15
3dd9e578dace13af ,836702224158 ,0.16571045 ,0.03375244 ,-0.87323 ,3 ,Acc ,15
3dd9e578dace13af ,836801566085 ,0.21795654 ,0.0051879883 ,-0.8796387 ,3 ,Acc ,15
3dd9e578dace13af ,836921742231 ,0.22277832 ,0.117614746 ,-0.84191895 ,3 ,Acc ,15
3dd9e578dace13af ,837022520564 ,0.05316162 ,0.1083374 ,-0.8170166 ,3 ,Acc ,15
3dd9e578dace13af ,837121929731 ,-0.031921387 ,0.15167236 ,-0.7861328 ,3 ,Acc ,15
3dd9e578dace13af ,837243704575 ,-0.066833496 ,0.21844482 ,-0.75842285 ,3 ,Acc ,15
3dd9e578dace13af ,837362673273 ,-0.11883545 ,0.17407227 ,-0.7752075 ,3 ,Acc ,15
3dd9e578dace13af ,837462923898 ,-0.0390625 ,0.11602783 ,-0.8178711 ,3 ,Acc ,15
3dd9e578dace13af ,837563028637 ,0.087646484 ,0.044921875 ,-0.85827637 ,3 ,Acc ,15
3dd9e578dace13af ,837683101918 ,0.18310547 ,-0.017578125 ,-0.89312744 ,3 ,Acc ,15
3dd9e578dace13af ,837803072699 ,0.23999023 ,-0.016784668 ,-0.8869629 ,3 ,Acc ,15
3dd9e578dace13af ,837903478324 ,0.21264648 ,0.0881958 ,-0.8619385 ,3 ,Acc ,15
3dd9e578dace13af ,838003339939 ,0.044067383 ,0.08996582 ,-0.83496094 ,3 ,Acc ,15
3dd9e578dace13af ,838103607960 ,-0.035827637 ,0.14526367 ,-0.80670166 ,3 ,Acc ,15
3dd9e578dace13af ,838203481085 ,-0.080566406 ,0.19750977 ,-0.7928467 ,3 ,Acc ,15
3dd9e578dace13af ,838303914783 ,-0.13317871 ,0.1708374 ,-0.7992554 ,3 ,Acc ,15
3dd9e578dace13af ,838418206293 ,-0.08251953 ,0.11071777 ,-0.8392334 ,3 ,Acc ,15
3dd9e578dace13af ,838524025824 ,0.03125 ,0.047790527 ,-0.8751831 ,3 ,Acc ,15
3dd9e578dace13af ,838645695355 ,0.16290283 ,0.018554688 ,-0.9122925 ,3 ,Acc ,15
3dd9e578dace13af ,838760797491 ,13.290802 ,-0.34936523 ,-9.582687 ,0 ,Acc ,10
3dd9e578dace13af ,838764170303 ,0.24932861 ,0.044433594 ,-0.9116821 ,3 ,Acc ,15
3dd9e578dace13af ,838882523845 ,0.16992188 ,0.11395264 ,-0.88256836 ,3 ,Acc ,15
3dd9e578dace13af ,838984544262 ,0.018249512 ,0.09442139 ,-0.8612671 ,3 ,Acc ,15
3dd9e578dace13af ,839104742126 ,0.0037841797 ,0.20257568 ,-0.8319092 ,3 ,Acc ,15
3dd9e578dace13af ,839204126970 ,-0.044555664 ,0.21514893 ,-0.8140869 ,3 ,Acc ,15
3dd9e578dace13af ,839305016918 ,-0.09063721 ,0.16125488 ,-0.82299805 ,3 ,Acc ,15
3dd9e578dace13af ,839425230563 ,1.8310547E-4 ,0.106933594 ,-0.8718872 ,3 ,Acc ,15
3dd9e578dace13af ,839541596032 ,0.12805176 ,0.06500244 ,-0.92108154 ,3 ,Acc ,15
3dd9e578dace13af ,839645300459 ,0.18426514 ,0.020263672 ,-0.93859863 ,3 ,Acc ,15
3dd9e578dace13af ,839745433480 ,0.21777344 ,0.055114746 ,-0.92626953 ,3 ,Acc ,15
3dd9e578dace13af ,839846403167 ,0.14672852 ,0.118896484 ,-0.90704346 ,3 ,Acc ,15
3dd9e578dace13af ,839965007751 ,-0.011108398 ,0.09881592 ,-0.88726807 ,3 ,Acc ,15
3dd9e578dace13af ,840065734678 ,-0.05218506 ,0.17492676 ,-0.8619385 ,3 ,Acc ,15
3dd9e578dace13af ,840165254209 ,-0.1149292 ,0.19647217 ,-0.84191895 ,3 ,Acc ,15
3dd9e578dace13af ,840265905928 ,-0.16070557 ,0.1538086 ,-0.845459 ,3 ,Acc ,15
3dd9e578dace13af ,840386192074 ,-0.080566406 ,0.08807373 ,-0.88812256 ,3 ,Acc ,15
3dd9e578dace13af ,840506268792 ,0.09967041 ,0.06237793 ,-0.92529297 ,3 ,Acc ,15
3dd9e578dace13af ,840626421188 ,0.21520996 ,0.024353027 ,-0.94085693 ,3 ,Acc ,15
3dd9e578dace13af ,840725766500 ,0.2506714 ,0.034301758 ,-0.9324951 ,3 ,Acc ,15
3dd9e578dace13af ,840826551136 ,0.18121338 ,0.12347412 ,-0.9163208 ,3 ,Acc ,15
3dd9e578dace13af ,840926026344 ,0.0056762695 ,0.093811035 ,-0.90057373 ,3 ,Acc ,15
3dd9e578dace13af ,841026353844 ,-0.07019043 ,0.1586914 ,-0.87109375 ,3 ,Acc ,15
3dd9e578dace13af ,841126237907 ,-0.12817383 ,0.19458008 ,-0.84991455 ,3 ,Acc ,15
3dd9e578dace13af ,841227097959 ,-0.17480469 ,0.14013672 ,-0.8607178 ,3 ,Acc ,15
3dd9e578dace13af ,841347030459 ,-0.083496094 ,0.093811035 ,-0.9048462 ,3 ,Acc ,15
3dd9e578dace13af ,841466373115 ,0.070007324 ,0.05822754 ,-0.94195557 ,3 ,Acc ,15
3dd9e578dace13af ,841586379729 ,0.17840576 ,0.03729248 ,-0.9592285 ,3 ,Acc ,15
3dd9e578dace13af ,841686859625 ,0.22161865 ,0.064819336 ,-0.95196533 ,3 ,Acc ,15
3dd9e578dace13af ,841763664833 ,10.261765 ,-1.1139526 ,-5.6874847 ,0 ,Acc ,10
3dd9e578dace13af ,841801228427 ,0.11395264 ,0.12799072 ,-0.9365845 ,3 ,Acc ,15
3dd9e578dace13af ,841907927125 ,-0.03314209 ,0.1038208 ,-0.9154663 ,3 ,Acc ,15
3dd9e578dace13af ,842027331969 ,-0.07928467 ,0.20025635 ,-0.87542725 ,3 ,Acc ,15
3dd9e578dace13af ,842130909885 ,-0.12756348 ,0.19567871 ,-0.8703613 ,3 ,Acc ,15
3dd9e578dace13af ,842249047906 ,-0.13690186 ,0.13439941 ,-0.8942871 ,3 ,Acc ,15
3dd9e578dace13af ,842367499260 ,-0.011413574 ,0.07623291 ,-0.93981934 ,3 ,Acc ,15
3dd9e578dace13af ,842467759573 ,0.117248535 ,0.07366943 ,-0.9633179 ,3 ,Acc ,15
3dd9e578dace13af ,842588260250 ,0.2076416 ,0.038085938 ,-0.9644165 ,3 ,Acc ,15
3dd9e578dace13af ,842687943843 ,0.2298584 ,0.097961426 ,-0.94732666 ,3 ,Acc ,15
3dd9e578dace13af ,842788638948 ,0.11846924 ,0.13409424 ,-0.9406128 ,3 ,Acc ,15
3dd9e578dace13af ,842887770510 ,-0.03338623 ,0.1161499 ,-0.92407227 ,3 ,Acc ,15
3dd9e578dace13af ,843345469468 ,-0.025817871 ,0.018371582 ,-0.95751953 ,3 ,Acc ,15
3dd9e578dace13af ,843867952333 ,-0.048828125 ,0.10192871 ,-0.9428711 ,3 ,Acc ,15
3dd9e578dace13af ,843990090353 ,-0.12823486 ,0.18865967 ,-0.89941406 ,3 ,Acc ,15
3dd9e578dace13af ,844110128062 ,-0.18597412 ,0.17138672 ,-0.8921509 ,3 ,Acc ,15
3dd9e578dace13af ,844228096916 ,-0.14605713 ,0.12359619 ,-0.9277344 ,3 ,Acc ,15
3dd9e578dace13af ,844350342280 ,-0.006225586 ,0.072509766 ,-0.9718628 ,3 ,Acc ,15
3dd9e578dace13af ,844451433634 ,0.10522461 ,0.06793213 ,-0.9851074 ,3 ,Acc ,15
3dd9e578dace13af ,844566274416 ,0.18469238 ,0.03857422 ,-0.9805298 ,3 ,Acc ,15
3dd9e578dace13af ,844670720457 ,0.1897583 ,0.1105957 ,-0.97039795 ,3 ,Acc ,15
3dd9e578dace13af ,844770199155 ,0.068603516 ,0.14447021 ,-0.9633789 ,3 ,Acc ,15
3dd9e578dace13af ,844766872072 ,11.5104065 ,-2.0286713 ,-6.172821 ,0 ,Acc ,10
3dd9e578dace13af ,844890260041 ,-0.08520508 ,0.11883545 ,-0.9402466 ,3 ,Acc ,15
3dd9e578dace13af ,844991000301 ,-0.114746094 ,0.20617676 ,-0.914978 ,3 ,Acc ,15
3dd9e578dace13af ,845111287228 ,-0.18939209 ,0.17016602 ,-0.91015625 ,3 ,Acc ,15
3dd9e578dace13af ,845231276655 ,-0.1506958 ,0.110839844 ,-0.94641113 ,3 ,Acc ,15
3dd9e578dace13af ,845351520197 ,0.01751709 ,0.094055176 ,-0.98083496 ,3 ,Acc ,15
3dd9e578dace13af ,845452586967 ,0.12554932 ,0.099975586 ,-0.984375 ,3 ,Acc ,15
3dd9e578dace13af ,845571013374 ,0.18426514 ,0.057556152 ,-0.9810791 ,3 ,Acc ,15
3dd9e578dace13af ,845671906238 ,0.17327881 ,0.12463379 ,-0.97509766 ,3 ,Acc ,15
3dd9e578dace13af ,845791929832 ,0.01373291 ,0.13031006 ,-0.97387695 ,3 ,Acc ,15
3dd9e578dace13af ,845891648582 ,-0.09515381 ,0.10064697 ,-0.9603882 ,3 ,Acc ,15
3dd9e578dace13af ,846011505196 ,-0.1340332 ,0.21789551 ,-0.9328003 ,3 ,Acc ,15
3dd9e578dace13af ,846112285144 ,-0.2084961 ,0.1739502 ,-0.9269409 ,3 ,Acc ,15
3dd9e578dace13af ,846232429988 ,-0.1716919 ,0.1381836 ,-0.95043945 ,3 ,Acc ,15
3dd9e578dace13af ,846331868009 ,-0.04144287 ,0.140625 ,-0.97772217 ,3 ,Acc ,15
3dd9e578dace13af ,846432039988 ,0.07385254 ,0.15930176 ,-0.98205566 ,3 ,Acc ,15
3dd9e578dace13af ,846552785300 ,0.14575195 ,0.1381836 ,-0.9795532 ,3 ,Acc ,15
3dd9e578dace13af ,846653475040 ,0.15789795 ,0.1798706 ,-0.970459 ,3 ,Acc ,15
3dd9e578dace13af ,846752980040 ,0.076416016 ,0.20727539 ,-0.96777344 ,3 ,Acc ,15
3dd9e578dace13af ,846854073165 ,-0.04248047 ,0.16656494 ,-0.965271 ,3 ,Acc ,15
3dd9e578dace13af ,846972493269 ,-0.0927124 ,0.21014404 ,-0.94970703 ,3 ,Acc ,15
3dd9e578dace13af ,847073420196 ,-0.11816406 ,0.23968506 ,-0.94018555 ,3 ,Acc ,15
3dd9e578dace13af ,847172764519 ,-0.1609497 ,0.18255615 ,-0.94866943 ,3 ,Acc ,15
3dd9e578dace13af ,847273537696 ,-0.11529541 ,0.13848877 ,-0.97021484 ,3 ,Acc ,15
3dd9e578dace13af ,847372915040 ,-0.009399414 ,0.111328125 ,-0.9882202 ,3 ,Acc ,15
3dd9e578dace13af ,847473769050 ,0.11413574 ,0.11633301 ,-0.9857788 ,3 ,Acc ,15
3dd9e578dace13af ,847588503529 ,0.20227051 ,0.11004639 ,-0.9724121 ,3 ,Acc ,15
3dd9e578dace13af ,847691504258 ,0.21801758 ,0.10217285 ,-0.9694824 ,3 ,Acc ,15
3dd9e578dace13af ,847770137748 ,13.131012 ,-1.6551666 ,-7.641403 ,0 ,Acc ,10
3dd9e578dace13af ,847807737644 ,0.109558105 ,0.15161133 ,-0.980896 ,3 ,Acc ,15
3dd9e578dace13af ,847914785248 ,-0.06530762 ,0.022033691 ,-0.99035645 ,3 ,Acc ,15
3dd9e578dace13af ,848034746966 ,-0.11999512 ,0.05328369 ,-0.9879761 ,3 ,Acc ,15
3dd9e578dace13af ,848154576289 ,-0.14562988 ,0.04711914 ,-0.9854126 ,3 ,Acc ,15
3dd9e578dace13af ,848255594050 ,-0.23834229 ,-0.19805908 ,-0.94885254 ,3 ,Acc ,15
3dd9e578dace13af ,848355107695 ,-0.25701904 ,-0.32635498 ,-0.90948486 ,3 ,Acc ,15
3dd9e578dace13af ,848469193685 ,-0.23931885 ,-0.30529785 ,-0.91845703 ,3 ,Acc ,15
3dd9e578dace13af ,848574296341 ,-0.23535156 ,-0.42041016 ,-0.8640747 ,3 ,Acc ,15
3dd9e578dace13af ,848675573893 ,-0.25402832 ,-0.49432373 ,-0.7965698 ,3 ,Acc ,15
3dd9e578dace13af ,848795790143 ,-0.32489014 ,-0.5585327 ,-0.6786499 ,3 ,Acc ,15
3dd9e578dace13af ,848915784518 ,-0.3701172 ,-0.65185547 ,-0.52545166 ,3 ,Acc ,15
3dd9e578dace13af ,849035994570 ,-0.36694336 ,-0.74572754 ,-0.39788818 ,3 ,Acc ,15
3dd9e578dace13af ,849156015299 ,-0.36224365 ,-0.80511475 ,-0.34765625 ,3 ,Acc ,15
3dd9e578dace13af ,849276461601 ,-0.34466553 ,-0.8587036 ,-0.3053589 ,3 ,Acc ,15
3dd9e578dace13af ,849396333372 ,-0.3270874 ,-0.49835205 ,-0.23596191 ,3 ,Acc ,15
3dd9e578dace13af ,849516352539 ,-0.29681396 ,-0.5507202 ,-0.19702148 ,3 ,Acc ,15
3dd9e578dace13af ,849630743476 ,-0.2816162 ,-0.55755615 ,-0.184021 ,3 ,Acc ,15
3dd9e578dace13af ,849735550768 ,-0.27453613 ,-0.5213623 ,-0.16473389 ,3 ,Acc ,15
3dd9e578dace13af ,849834976705 ,-0.23895264 ,-0.45300293 ,-0.10601807 ,3 ,Acc ,15
3dd9e578dace13af ,849956360664 ,-0.26287842 ,-0.3503418 ,-0.049438477 ,3 ,Acc ,15
3dd9e578dace13af ,850057480664 ,-0.26843262 ,-0.29187012 ,-0.0072631836 ,3 ,Acc ,15
3dd9e578dace13af ,850175997278 ,-0.29577637 ,-0.2854004 ,-0.040161133 ,3 ,Acc ,15
3dd9e578dace13af ,850276366184 ,-0.28710938 ,-0.3786621 ,-0.08355713 ,3 ,Acc ,15
3dd9e578dace13af ,850376285247 ,-0.19708252 ,-0.4909668 ,-0.06274414 ,3 ,Acc ,15
3dd9e578dace13af ,850496368215 ,-0.22491455 ,-0.5552368 ,-0.084228516 ,3 ,Acc ,15
3dd9e578dace13af ,850616581393 ,-0.22558594 ,-0.588501 ,-0.077819824 ,3 ,Acc ,15
3dd9e578dace13af ,850717328372 ,-0.22338867 ,-0.5753784 ,-0.06713867 ,3 ,Acc ,15
3dd9e578dace13af ,850772422434 ,2.538269 ,-0.8079529 ,-0.8735657 ,0 ,Acc ,10
3dd9e578dace13af ,850833654257 ,-0.19189453 ,-0.5025635 ,-0.025939941 ,3 ,Acc ,15
3dd9e578dace13af ,850935885559 ,-0.2000122 ,-0.40216064 ,-0.006958008 ,3 ,Acc ,15
3dd9e578dace13af ,851037784101 ,-0.25280762 ,-0.29760742 ,0.024902344 ,3 ,Acc ,15
3dd9e578dace13af ,851157779569 ,-0.29644775 ,-0.21710205 ,0.027832031 ,3 ,Acc ,15
3dd9e578dace13af ,851258872642 ,-0.35491943 ,-0.2515869 ,-0.03479004 ,3 ,Acc ,15
3dd9e578dace13af ,851357925090 ,-0.3149414 ,-0.37664795 ,-0.078125 ,3 ,Acc ,15
3dd9e578dace13af ,851477234205 ,-0.3081665 ,-0.48345947 ,-0.12432861 ,3 ,Acc ,15
3dd9e578dace13af ,851577567798 ,-0.3032837 ,-0.54504395 ,-0.14874268 ,3 ,Acc ,15
3dd9e578dace13af ,851697116028 ,-0.26501465 ,-0.5765991 ,-0.099731445 ,3 ,Acc ,15
3dd9e578dace13af ,851798712798 ,-0.27996826 ,-0.51153564 ,-0.05291748 ,3 ,Acc ,15
3dd9e578dace13af ,851918694048 ,-0.29333496 ,-0.37542725 ,0.0076293945 ,3 ,Acc ,15
3dd9e578dace13af ,852017771757 ,-0.31329346 ,-0.27526855 ,0.058044434 ,3 ,Acc ,15
3dd9e578dace13af ,852117764829 ,-0.32299805 ,-0.2133789 ,0.052368164 ,3 ,Acc ,15
3dd9e578dace13af ,852239028579 ,-0.3687744 ,-0.26037598 ,-0.015991211 ,3 ,Acc ,15
3dd9e578dace13af ,852359049465 ,-0.27026367 ,-0.41864014 ,-0.020629883 ,3 ,Acc ,15
3dd9e578dace13af ,852460161131 ,-0.2883911 ,-0.4967041 ,-0.051330566 ,3 ,Acc ,15
3dd9e578dace13af ,852583116444 ,-0.28100586 ,-0.5602417 ,-0.060180664 ,3 ,Acc ,15
3dd9e578dace13af ,852698796652 ,-0.2423706 ,-0.56707764 ,-0.01953125 ,3 ,Acc ,15
3dd9e578dace13af ,852799644360 ,-0.25646973 ,-0.48901367 ,0.0234375 ,3 ,Acc ,15
3dd9e578dace13af ,852919661183 ,-0.30236816 ,-0.33477783 ,0.07147217 ,3 ,Acc ,15
3dd9e578dace13af ,853021787225 ,-0.35150146 ,-0.24273682 ,0.10974121 ,3 ,Acc ,15
3dd9e578dace13af ,853138067850 ,-0.37438965 ,-0.21459961 ,0.08215332 ,3 ,Acc ,15
3dd9e578dace13af ,853240043423 ,-0.3895874 ,-0.30090332 ,0.018127441 ,3 ,Acc ,15
3dd9e578dace13af ,853360204829 ,-0.30047607 ,-0.43096924 ,0.009521484 ,3 ,Acc ,15
3dd9e578dace13af ,853480253787 ,-0.35754395 ,-0.4961548 ,-0.046813965 ,3 ,Acc ,15
3dd9e578dace13af ,853578525089 ,-0.3031006 ,-0.5605469 ,-0.03338623 ,3 ,Acc ,15
3dd9e578dace13af ,853680529881 ,-0.2607422 ,-0.56140137 ,0.02532959 ,3 ,Acc ,15
3dd9e578dace13af ,853776604829 ,7.043503 ,1.378067 ,-3.051178 ,0 ,Acc ,10
3dd9e578dace13af ,853779979256 ,-0.2775879 ,-0.4697876 ,0.081970215 ,3 ,Acc ,15
3dd9e578dace13af ,853899581756 ,-0.3131714 ,-0.30969238 ,0.123046875 ,3 ,Acc ,15
3dd9e578dace13af ,854000849464 ,-0.35754395 ,-0.20837402 ,0.16088867 ,3 ,Acc ,15
3dd9e578dace13af ,854119917120 ,-0.40753174 ,-0.16168213 ,0.13220215 ,3 ,Acc ,15
3dd9e578dace13af ,854241176131 ,-0.41571045 ,-0.29266357 ,0.05987549 ,3 ,Acc ,15
3dd9e578dace13af ,854361178058 ,-0.28729248 ,-0.4434204 ,0.06707764 ,3 ,Acc ,15
3dd9e578dace13af ,854462322537 ,-0.33563232 ,-0.508667 ,0.025634766 ,3 ,Acc ,15
3dd9e578dace13af ,854583717485 ,-0.293396 ,-0.56884766 ,0.044311523 ,3 ,Acc ,15
3dd9e578dace13af ,854700891495 ,-0.26940918 ,-0.5275879 ,0.105163574 ,3 ,Acc ,15
3dd9e578dace13af ,854821048058 ,-0.29492188 ,-0.3826294 ,0.15240479 ,3 ,Acc ,15
3dd9e578dace13af ,854921817328 ,-0.34521484 ,-0.25836182 ,0.1730957 ,3 ,Acc ,15
3dd9e578dace13af ,855041997433 ,-0.3805542 ,-0.1519165 ,0.17401123 ,3 ,Acc ,15
3dd9e578dace13af ,855162043005 ,-0.45550537 ,-0.18579102 ,0.119506836 ,3 ,Acc ,15
3dd9e578dace13af ,855262234464 ,-0.42541504 ,-0.3184204 ,0.094177246 ,3 ,Acc ,15
3dd9e578dace13af ,855362386703 ,-0.33691406 ,-0.4397583 ,0.10467529 ,3 ,Acc ,15
3dd9e578dace13af ,855461927120 ,-0.30249023 ,-0.5293579 ,0.107543945 ,3 ,Acc ,15
3dd9e578dace13af ,855562069464 ,-0.27288818 ,-0.58166504 ,0.1352539 ,3 ,Acc ,15
3dd9e578dace13af ,855682766078 ,-0.23760986 ,-0.5350952 ,0.18634033 ,3 ,Acc ,15
3dd9e578dace13af ,855782120193 ,-0.22058105 ,-0.41400146 ,0.21014404 ,3 ,Acc ,15
3dd9e578dace13af ,855902225245 ,-0.31121826 ,-0.24298096 ,0.21807861 ,3 ,Acc ,15
3dd9e578dace13af ,856003029724 ,-0.30944824 ,-0.11138916 ,0.25701904 ,3 ,Acc ,15
3dd9e578dace13af ,856123013786 ,-0.38049316 ,-0.11291504 ,0.24517822 ,3 ,Acc ,15
3dd9e578dace13af ,856243418734 ,-0.36444092 ,-0.30596924 ,0.19696045 ,3 ,Acc ,15
3dd9e578dace13af ,856363361651 ,-0.30126953 ,-0.46258545 ,0.14385986 ,3 ,Acc ,15
3dd9e578dace13af ,856464439984 ,-0.3007202 ,-0.5475464 ,0.113098145 ,3 ,Acc ,15
3dd9e578dace13af ,856582974724 ,-0.24053955 ,-0.5975342 ,0.14038086 ,3 ,Acc ,15
3dd9e578dace13af ,856683018786 ,-0.26306152 ,-0.54382324 ,0.16809082 ,3 ,Acc ,15
3dd9e578dace13af ,856783364671 ,-0.31274414 ,-0.41601563 ,0.21063232 ,3 ,Acc ,15
3dd9e578dace13af ,856780050296 ,5.9148254 ,3.8099823 ,-3.4588776 ,0 ,Acc ,10
3dd9e578dace13af ,856903935921 ,-0.36376953 ,-0.24395752 ,0.26623535 ,3 ,Acc ,15
3dd9e578dace13af ,857003989880 ,-0.41748047 ,-0.13360596 ,0.23443604 ,3 ,Acc ,15
3dd9e578dace13af ,857123353786 ,-0.42669678 ,-0.18737793 ,0.14202881 ,3 ,Acc ,15
3dd9e578dace13af ,857244329880 ,-0.36621094 ,-0.37945557 ,0.10620117 ,3 ,Acc ,15
3dd9e578dace13af ,857364521650 ,-0.37158203 ,-0.5043335 ,0.062316895 ,3 ,Acc ,15
3dd9e578dace13af ,857464069567 ,-0.36743164 ,-0.5504761 ,0.07696533 ,3 ,Acc ,15
3dd9e578dace13af ,857584020036 ,-0.2947998 ,-0.53222656 ,0.16497803 ,3 ,Acc ,15
3dd9e578dace13af ,857684881546 ,-0.33728027 ,-0.42401123 ,0.20697021 ,3 ,Acc ,15
3dd9e578dace13af ,857804992640 ,-0.42523193 ,-0.24536133 ,0.2647705 ,3 ,Acc ,15
3dd9e578dace13af ,857925102119 ,-0.4506836 ,-0.10522461 ,0.33447266 ,3 ,Acc ,15
3dd9e578dace13af ,858045180921 ,-0.4788208 ,-0.09509277 ,0.31072998 ,3 ,Acc ,15
3dd9e578dace13af ,858144692275 ,-0.4800415 ,-0.25836182 ,0.22387695 ,3 ,Acc ,15
3dd9e578dace13af ,858266413473 ,-0.3305664 ,-0.44647217 ,0.1821289 ,3 ,Acc ,15
3dd9e578dace13af ,858384894775 ,-0.33673096 ,-0.53881836 ,0.16271973 ,3 ,Acc ,15
3dd9e578dace13af ,858485760087 ,-0.2925415 ,-0.5887451 ,0.20355225 ,3 ,Acc ,15
3dd9e578dace13af ,858585133681 ,-0.24139404 ,-0.5790405 ,0.25048828 ,3 ,Acc ,15
3dd9e578dace13af ,858705233421 ,-0.3477173 ,-0.4404297 ,0.28009033 ,3 ,Acc ,15
3dd9e578dace13af ,858825445296 ,-0.45666504 ,-0.26135254 ,0.31207275 ,3 ,Acc ,15
3dd9e578dace13af ,858945501806 ,-0.48083496 ,-0.13409424 ,0.35443115 ,3 ,Acc ,15
3dd9e578dace13af ,859046321598 ,-0.52233887 ,-0.10858154 ,0.33013916 ,3 ,Acc ,15
3dd9e578dace13af ,859166408577 ,-0.5126953 ,-0.253479 ,0.27478027 ,3 ,Acc ,15
3dd9e578dace13af ,859267058785 ,-0.36993408 ,-0.40167236 ,0.26831055 ,3 ,Acc ,15
3dd9e578dace13af ,859385950348 ,-0.35723877 ,-0.5258179 ,0.21014404 ,3 ,Acc ,15
3dd9e578dace13af ,859486635035 ,-0.32000732 ,-0.5701904 ,0.22796631 ,3 ,Acc ,15
3dd9e578dace13af ,859586302379 ,-0.2802124 ,-0.545105 ,0.28399658 ,3 ,Acc ,15
3dd9e578dace13af ,859687036858 ,-0.3241577 ,-0.44891357 ,0.3184204 ,3 ,Acc ,15
3dd9e578dace13af ,859783134566 ,6.825165 ,6.476242 ,-4.318512 ,0 ,Acc ,10
3dd9e578dace13af ,859905358212 ,-0.5059204 ,-0.13513184 ,0.38861084 ,3 ,Acc ,15
3dd9e578dace13af ,860007379618 ,-0.53497314 ,-0.062316895 ,0.3942871 ,3 ,Acc ,15
3dd9e578dace13af ,860127461285 ,-0.5543823 ,-0.1873169 ,0.33239746 ,3 ,Acc ,15
3dd9e578dace13af ,860226943108 ,-0.39678955 ,-0.36071777 ,0.3161621 ,3 ,Acc ,15
3dd9e578dace13af ,860327777014 ,-0.31121826 ,-0.4649048 ,0.29071045 ,3 ,Acc ,15
3dd9e578dace13af ,860447919566 ,-0.3718872 ,-0.5425415 ,0.24346924 ,3 ,Acc ,15
3dd9e578dace13af ,860568032482 ,-0.26940918 ,-0.54797363 ,0.2966919 ,3 ,Acc ,15
3dd9e578dace13af ,860687046441 ,-0.35931396 ,-0.4428711 ,0.3345337 ,3 ,Acc ,15
3dd9e578dace13af ,860787517534 ,-0.49609375 ,-0.28631592 ,0.35437012 ,3 ,Acc ,15
3dd9e578dace13af ,860887768784 ,-0.5270386 ,-0.16906738 ,0.39239502 ,3 ,Acc ,15
3dd9e578dace13af ,860987770399 ,-0.4996338 ,-0.12689209 ,0.38983154 ,3 ,Acc ,15
3dd9e578dace13af ,861087981128 ,-0.5305786 ,-0.19085693 ,0.3381958 ,3 ,Acc ,15
3dd9e578dace13af ,861207978420 ,-0.41589355 ,-0.35760498 ,0.34625244 ,3 ,Acc ,15
3dd9e578dace13af ,861308044722 ,-0.31262207 ,-0.4453125 ,0.37280273 ,3 ,Acc ,15
3dd9e578dace13af ,861407914045 ,-0.336792 ,-0.5333252 ,0.33477783 ,3 ,Acc ,15
3dd9e578dace13af ,861507763628 ,-0.25494385 ,-0.5588379 ,0.3727417 ,3 ,Acc ,15
3dd9e578dace13af ,861609098003 ,-0.28894043 ,-0.50946045 ,0.39526367 ,3 ,Acc ,15
3dd9e578dace13af ,861729178159 ,-0.4831543 ,-0.35662842 ,0.36224365 ,3 ,Acc ,15
3dd9e578dace13af ,861828961336 ,-0.5651245 ,-0.22021484 ,0.37927246 ,3 ,Acc ,15
3dd9e578dace13af ,861929471857 ,-0.56848145 ,-0.12487793 ,0.40057373 ,3 ,Acc ,15
3dd9e578dace13af ,862049541076 ,-0.5848999 ,-0.16448975 ,0.3770752 ,3 ,Acc ,15
3dd9e578dace13af ,862148936909 ,-0.49829102 ,-0.32177734 ,0.35565186 ,3 ,Acc ,15
3dd9e578dace13af ,862249835034 ,-0.37445068 ,-0.4241333 ,0.3727417 ,3 ,Acc ,15
3dd9e578dace13af ,862349197169 ,-0.38269043 ,-0.48480225 ,0.36297607 ,3 ,Acc ,15
3dd9e578dace13af ,862450199669 ,-0.3751831 ,-0.51397705 ,0.3739624 ,3 ,Acc ,15
3dd9e578dace13af ,862570155607 ,-0.34588623 ,-0.5020752 ,0.3918457 ,3 ,Acc ,15
3dd9e578dace13af ,862690381440 ,-0.3735962 ,-0.39385986 ,0.4237671 ,3 ,Acc ,15
3dd9e578dace13af ,862786430659 ,7.617096 ,6.7093353 ,-3.5209808 ,0 ,Acc ,10
3dd9e578dace13af ,862806496596 ,-0.47839355 ,-0.25738525 ,0.42382813 ,3 ,Acc ,15
3dd9e578dace13af ,862908050919 ,-0.5462036 ,-0.16040039 ,0.43188477 ,3 ,Acc ,15
3dd9e578dace13af ,863010524044 ,-0.5706177 ,-0.12652588 ,0.4161377 ,3 ,Acc ,15
3dd9e578dace13af ,863130796232 ,-0.53674316 ,-0.24035645 ,0.39941406 ,3 ,Acc ,15
3dd9e578dace13af ,863230170971 ,-0.41711426 ,-0.3357544 ,0.4208374 ,3 ,Acc ,15
3dd9e578dace13af ,863331608263 ,-0.42529297 ,-0.4352417 ,0.3867798 ,3 ,Acc ,15
3dd9e578dace13af ,863445555346 ,-0.40124512 ,-0.50616455 ,0.37756348 ,3 ,Acc ,15
3dd9e578dace13af ,863550527950 ,-0.35638428 ,-0.4996338 ,0.40429688 ,3 ,Acc ,15
3dd9e578dace13af ,863651348835 ,-0.41796875 ,-0.42529297 ,0.414917 ,3 ,Acc ,15
3dd9e578dace13af ,863771510971 ,-0.5498047 ,-0.27539063 ,0.41729736 ,3 ,Acc ,15
3dd9e578dace13af ,863872505346 ,-0.6010132 ,-0.15625 ,0.4348755 ,3 ,Acc ,15
3dd9e578dace13af ,863990945033 ,-0.6481323 ,-0.105529785 ,0.4121704 ,3 ,Acc ,15
3dd9e578dace13af ,864091070867 ,-0.6828613 ,-0.22167969 ,0.35461426 ,3 ,Acc ,15
3dd9e578dace13af ,864191198106 ,-0.5548096 ,-0.36212158 ,0.3829956 ,3 ,Acc ,15
3dd9e578dace13af ,864291986752 ,-0.4534912 ,-0.45916748 ,0.39465332 ,3 ,Acc ,15
3dd9e578dace13af ,864412192169 ,-0.49871826 ,-0.5437622 ,0.36151123 ,3 ,Acc ,15
3dd9e578dace13af ,864532292898 ,-0.47253418 ,-0.54174805 ,0.3955078 ,3 ,Acc ,15
3dd9e578dace13af ,864652549148 ,-0.5510864 ,-0.43884277 ,0.38391113 ,3 ,Acc ,15
3dd9e578dace13af ,864751947429 ,-0.68188477 ,-0.2800293 ,0.35308838 ,3 ,Acc ,15
3dd9e578dace13af ,864873606179 ,-0.76171875 ,-0.09326172 ,0.34466553 ,3 ,Acc ,15
3dd9e578dace13af ,864992022533 ,-0.7887573 ,-0.04119873 ,0.31207275 ,3 ,Acc ,15
3dd9e578dace13af ,865092816439 ,-0.80566406 ,-0.2084961 ,0.24865723 ,3 ,Acc ,15
3dd9e578dace13af ,865209983939 ,-0.6159668 ,-0.44732666 ,0.31433105 ,3 ,Acc ,15
3dd9e578dace13af ,865312359929 ,-0.5554199 ,-0.5158081 ,0.34350586 ,3 ,Acc ,15
3dd9e578dace13af ,865413167116 ,-0.6519165 ,-0.5773926 ,0.2592163 ,3 ,Acc ,15
3dd9e578dace13af ,865513118158 ,-0.6161499 ,-0.5782471 ,0.31878662 ,3 ,Acc ,15
3dd9e578dace13af ,865613428731 ,-0.6451416 ,-0.5015869 ,0.33239746 ,3 ,Acc ,15
3dd9e578dace13af ,865712824720 ,-0.6748657 ,-0.36645508 ,0.31713867 ,3 ,Acc ,15
3dd9e578dace13af ,865807789355 ,8.846497 ,6.505127 ,3.3016663 ,0 ,Acc ,10
3dd9e578dace13af ,865828573001 ,-0.78790283 ,-0.24072266 ,0.24377441 ,3 ,Acc ,15
3dd9e578dace13af ,865930641751 ,-0.7979126 ,-0.14239502 ,0.22875977 ,3 ,Acc ,15
3dd9e578dace13af ,866029988678 ,-0.8119507 ,-0.12878418 ,0.21148682 ,3 ,Acc ,15
3dd9e578dace13af ,866134113001 ,-0.80426025 ,-0.26324463 ,0.20318604 ,3 ,Acc ,15
3dd9e578dace13af ,866254158730 ,-0.6592407 ,-0.41375732 ,0.30517578 ,3 ,Acc ,15
3dd9e578dace13af ,866374160032 ,-0.66833496 ,-0.4779663 ,0.3022461 ,3 ,Acc ,15
3dd9e578dace13af ,866494517845 ,-0.6708374 ,-0.4888916 ,0.33251953 ,3 ,Acc ,15
3dd9e578dace13af ,866614425084 ,-0.651001 ,-0.47729492 ,0.35839844 ,3 ,Acc ,15
3dd9e578dace13af ,866734686543 ,-0.6651001 ,-0.3904419 ,0.35925293 ,3 ,Acc ,15
3dd9e578dace13af ,866834036699 ,-0.7030029 ,-0.28381348 ,0.31414795 ,3 ,Acc ,15
3dd9e578dace13af ,866934773990 ,-0.78045654 ,-0.18218994 ,0.26226807 ,3 ,Acc ,15
3dd9e578dace13af ,867034294095 ,-0.79919434 ,-0.09539795 ,0.24572754 ,3 ,Acc ,15
3dd9e578dace13af ,867135127376 ,-0.8081665 ,-0.11090088 ,0.24060059 ,3 ,Acc ,15
3dd9e578dace13af ,867255186438 ,-0.7765503 ,-0.2734375 ,0.27246094 ,3 ,Acc ,15
3dd9e578dace13af ,867375360032 ,-0.69451904 ,-0.37841797 ,0.3310547 ,3 ,Acc ,15
3dd9e578dace13af ,867475601855 ,-0.694458 ,-0.44030762 ,0.338562 ,3 ,Acc ,15
3dd9e578dace13af ,867599179251 ,-0.6487427 ,-0.45922852 ,0.39105225 ,3 ,Acc ,15
3dd9e578dace13af ,867715190240 ,-0.6477661 ,-0.4423828 ,0.39904785 ,3 ,Acc ,15
3dd9e578dace13af ,868052353053 ,-0.7387085 ,0.13031006 ,0.45562744 ,3 ,Acc ,15
3dd9e578dace13af ,868172573730 ,-0.692749 ,0.3283081 ,0.48468018 ,3 ,Acc ,15
3dd9e578dace13af ,868275415292 ,-0.6757202 ,0.40863037 ,0.48114014 ,3 ,Acc ,15
3dd9e578dace13af ,868376374511 ,-0.6960449 ,0.40344238 ,0.4777832 ,3 ,Acc ,15
3dd9e578dace13af ,868477156177 ,-0.68084717 ,0.42687988 ,0.45861816 ,3 ,Acc ,15
3dd9e578dace13af ,868595932844 ,-0.32995605 ,-0.054138184 ,0.4633789 ,3 ,Acc ,15
3dd9e578dace13af ,868716165344 ,-0.36010742 ,-0.06439209 ,0.4837036 ,3 ,Acc ,15
3dd9e578dace13af ,868816366229 ,-0.36914063 ,-0.08526611 ,0.5206299 ,3 ,Acc ,15
3dd9e578dace13af ,868813049511 ,-0.39060974 ,0.2649536 ,-0.316391 ,0 ,Acc ,10
3dd9e578dace13af ,868937125500 ,-0.3517456 ,-0.10284424 ,0.5930786 ,3 ,Acc ,15
3dd9e578dace13af ,869055109146 ,-0.32940674 ,-0.11437988 ,0.6646118 ,3 ,Acc ,15
3dd9e578dace13af ,869156559042 ,-0.31604004 ,-0.12664795 ,0.71673584 ,3 ,Acc ,15
3dd9e578dace13af ,869257490656 ,-0.3123169 ,-0.14691162 ,0.7592163 ,3 ,Acc ,15
3dd9e578dace13af ,869377555187 ,-0.30578613 ,-0.17480469 ,0.7967529 ,3 ,Acc ,15
3dd9e578dace13af ,869478634198 ,-0.3022461 ,-0.19909668 ,0.8143921 ,3 ,Acc ,15
3dd9e578dace13af ,869597047167 ,-0.29449463 ,-0.20288086 ,0.82647705 ,3 ,Acc ,15
3dd9e578dace13af ,869697755708 ,-0.28295898 ,-0.19580078 ,0.83380127 ,3 ,Acc ,15
3dd9e578dace13af ,869817990864 ,-0.26586914 ,-0.17871094 ,0.8417969 ,3 ,Acc ,15
3dd9e578dace13af ,869937776854 ,-0.25982666 ,-0.17376709 ,0.84124756 ,3 ,Acc ,15
3dd9e578dace13af ,870058123208 ,-0.23858643 ,-0.14923096 ,0.8444214 ,3 ,Acc ,15
3dd9e578dace13af ,870177805343 ,-0.2423706 ,-0.14056396 ,0.8422241 ,3 ,Acc ,15
