3dd9e578dace13af ,223172542831 ,-0.15930176 ,0.039245605 ,0.5565796 ,3 ,Acc ,15
3dd9e578dace13af ,225143599497 ,-0.16333008 ,0.03765869 ,0.55596924 ,3 ,Acc ,15
3dd9e578dace13af ,225253965590 ,-0.1437378 ,0.008056641 ,0.54400635 ,3 ,Acc ,15
3dd9e578dace13af ,225393451163 ,5.970825 ,-1.9924774 ,-3.3945313 ,0 ,Acc ,10
3dd9e578dace13af ,225554964392 ,-0.08673096 ,-0.3053589 ,0.2154541 ,3 ,Acc ,15
3dd9e578dace13af ,225675091840 ,-0.055114746 ,-0.38311768 ,0.12719727 ,3 ,Acc ,15
3dd9e578dace13af ,225795242674 ,-0.057495117 ,-0.41809082 ,0.11352539 ,3 ,Acc ,15
3dd9e578dace13af ,225915403611 ,-0.052978516 ,-0.43847656 ,0.12908936 ,3 ,Acc ,15
3dd9e578dace13af ,226015067361 ,-0.048950195 ,-0.45080566 ,0.16711426 ,3 ,Acc ,15
3dd9e578dace13af ,226115501528 ,-0.04925537 ,-0.4274292 ,0.23687744 ,3 ,Acc ,15
3dd9e578dace13af ,226215091580 ,-0.064819336 ,-0.39501953 ,0.32989502 ,3 ,Acc ,15
3dd9e578dace13af ,226315787517 ,-0.057800293 ,-0.3569336 ,0.39349365 ,3 ,Acc ,15
3dd9e578dace13af ,226415337569 ,-0.047607422 ,-0.32983398 ,0.43450928 ,3 ,Acc ,15
3dd9e578dace13af ,226516001059 ,-0.024169922 ,-0.33935547 ,0.4484253 ,3 ,Acc ,15
3dd9e578dace13af ,226636124184 ,0.0037841797 ,-0.36242676 ,0.41351318 ,3 ,Acc ,15
3dd9e578dace13af ,226736477048 ,0.041625977 ,-0.4064331 ,0.36505127 ,3 ,Acc ,15
3dd9e578dace13af ,226836344704 ,0.07714844 ,-0.42486572 ,0.3595581 ,3 ,Acc ,15
3dd9e578dace13af ,226936507829 ,0.044006348 ,-0.44812012 ,0.33740234 ,3 ,Acc ,15
3dd9e578dace13af ,227036591319 ,0.040100098 ,-0.4645996 ,0.32525635 ,3 ,Acc ,15
3dd9e578dace13af ,227156602777 ,0.024291992 ,-0.4779663 ,0.34350586 ,3 ,Acc ,15
3dd9e578dace13af ,227256153506 ,0.022277832 ,-0.4468994 ,0.4000244 ,3 ,Acc ,15
3dd9e578dace13af ,227356952829 ,0.008544922 ,-0.39318848 ,0.47357178 ,3 ,Acc ,15
3dd9e578dace13af ,227476936058 ,-0.008117676 ,-0.32489014 ,0.54241943 ,3 ,Acc ,15
3dd9e578dace13af ,227597128246 ,-0.020629883 ,-0.2942505 ,0.5634155 ,3 ,Acc ,15
3dd9e578dace13af ,227696841110 ,-0.041870117 ,-0.30407715 ,0.5247803 ,3 ,Acc ,15
3dd9e578dace13af ,227797354027 ,-0.082092285 ,-0.36816406 ,0.42749023 ,3 ,Acc ,15
3dd9e578dace13af ,227917565850 ,-0.05029297 ,-0.43572998 ,0.348938 ,3 ,Acc ,15
3dd9e578dace13af ,228017184912 ,-0.08898926 ,-0.49041748 ,0.24749756 ,3 ,Acc ,15
3dd9e578dace13af ,228117642204 ,-0.16851807 ,-0.53302 ,0.13977051 ,3 ,Acc ,15
3dd9e578dace13af ,228217185381 ,-0.28259277 ,-0.5664673 ,0.06262207 ,3 ,Acc ,15
3dd9e578dace13af ,228317853662 ,-0.35742188 ,-0.56463623 ,0.04107666 ,3 ,Acc ,15
3dd9e578dace13af ,228396863402 ,2.6833496 ,2.458664 ,3.443344 ,0 ,Acc ,10
3dd9e578dace13af ,228417635121 ,-0.47332764 ,-0.5220337 ,-0.0020751953 ,3 ,Acc ,15
3dd9e578dace13af ,228518121735 ,-0.42034912 ,-0.49884033 ,0.045898438 ,3 ,Acc ,15
3dd9e578dace13af ,228638361318 ,-0.4005127 ,-0.43469238 ,0.07684326 ,3 ,Acc ,15
3dd9e578dace13af ,228738609964 ,-0.43359375 ,-0.36035156 ,0.1116333 ,3 ,Acc ,15
3dd9e578dace13af ,228857891006 ,-0.36865234 ,-0.33355713 ,0.16705322 ,3 ,Acc ,15
3dd9e578dace13af ,228958543870 ,-0.28131104 ,-0.32281494 ,0.26550293 ,3 ,Acc ,15
3dd9e578dace13af ,229058178506 ,-0.23175049 ,-0.3460083 ,0.28692627 ,3 ,Acc ,15
3dd9e578dace13af ,229158734495 ,-0.12591553 ,-0.38983154 ,0.30200195 ,3 ,Acc ,15
3dd9e578dace13af ,229258318349 ,-0.016784668 ,-0.44110107 ,0.3204956 ,3 ,Acc ,15
3dd9e578dace13af ,229358959026 ,0.05706787 ,-0.45422363 ,0.36566162 ,3 ,Acc ,15
3dd9e578dace13af ,229479161006 ,0.09423828 ,-0.41815186 ,0.4897461 ,3 ,Acc ,15
3dd9e578dace13af ,229599202203 ,0.09588623 ,-0.3554077 ,0.6125488 ,3 ,Acc ,15
3dd9e578dace13af ,229719266735 ,0.089782715 ,-0.31500244 ,0.677063 ,3 ,Acc ,15
3dd9e578dace13af ,229839592047 ,0.09313965 ,-0.3232422 ,0.6437378 ,3 ,Acc ,15
3dd9e578dace13af ,229939886266 ,0.14355469 ,-0.36694336 ,0.5894165 ,3 ,Acc ,15
3dd9e578dace13af ,230059139755 ,0.28710938 ,-0.36279297 ,0.5523071 ,3 ,Acc ,15
3dd9e578dace13af ,230159866578 ,0.30682373 ,-0.39257813 ,0.49438477 ,3 ,Acc ,15
3dd9e578dace13af ,230259570432 ,0.30285645 ,-0.427063 ,0.4703369 ,3 ,Acc ,15
3dd9e578dace13af ,230360118245 ,0.3302002 ,-0.42199707 ,0.5142822 ,3 ,Acc ,15
3dd9e578dace13af ,230459657724 ,0.3199463 ,-0.35290527 ,0.6175537 ,3 ,Acc ,15
3dd9e578dace13af ,230560316318 ,0.24084473 ,-0.28930664 ,0.7192993 ,3 ,Acc ,15
3dd9e578dace13af ,230659975745 ,0.1642456 ,-0.24133301 ,0.8017578 ,3 ,Acc ,15
3dd9e578dace13af ,230760547359 ,0.11871338 ,-0.22393799 ,0.82714844 ,3 ,Acc ,15
3dd9e578dace13af ,230860180901 ,0.12194824 ,-0.26507568 ,0.7852173 ,3 ,Acc ,15
3dd9e578dace13af ,230960892099 ,0.20043945 ,-0.31433105 ,0.7246704 ,3 ,Acc ,15
3dd9e578dace13af ,231060413088 ,0.2843628 ,-0.34436035 ,0.664917 ,3 ,Acc ,15
3dd9e578dace13af ,231160890119 ,0.32403564 ,-0.40338135 ,0.5970459 ,3 ,Acc ,15
3dd9e578dace13af ,231260561682 ,0.35998535 ,-0.4406128 ,0.55126953 ,3 ,Acc ,15
3dd9e578dace13af ,231361320171 ,0.36901855 ,-0.41674805 ,0.59887695 ,3 ,Acc ,15
3dd9e578dace13af ,231400166161 ,3.4155731 ,-5.2988434 ,-0.5437622 ,0 ,Acc ,10
3dd9e578dace13af ,231481351057 ,0.31054688 ,-0.3425293 ,0.7232666 ,3 ,Acc ,15
3dd9e578dace13af ,231580870015 ,0.20733643 ,-0.31170654 ,0.80133057 ,3 ,Acc ,15
3dd9e578dace13af ,231681525588 ,0.14428711 ,-0.28082275 ,0.8348999 ,3 ,Acc ,15
3dd9e578dace13af ,231781136578 ,0.12042236 ,-0.29504395 ,0.81073 ,3 ,Acc ,15
3dd9e578dace13af ,231881871421 ,0.18548584 ,-0.33581543 ,0.75616455 ,3 ,Acc ,15
3dd9e578dace13af ,231981391994 ,0.296875 ,-0.34039307 ,0.71936035 ,3 ,Acc ,15
3dd9e578dace13af ,232081964755 ,0.3395996 ,-0.38684082 ,0.65802 ,3 ,Acc ,15
3dd9e578dace13af ,232181665744 ,0.34399414 ,-0.43780518 ,0.602478 ,3 ,Acc ,15
3dd9e578dace13af ,232282173661 ,0.36254883 ,-0.42889404 ,0.61932373 ,3 ,Acc ,15
3dd9e578dace13af ,232402402879 ,0.324646 ,-0.3632202 ,0.71691895 ,3 ,Acc ,15
3dd9e578dace13af ,232501966890 ,0.25402832 ,-0.32110596 ,0.79260254 ,3 ,Acc ,15
3dd9e578dace13af ,232602406577 ,0.18756104 ,-0.30334473 ,0.82598877 ,3 ,Acc ,15
3dd9e578dace13af ,232702081838 ,0.15142822 ,-0.3184204 ,0.8118286 ,3 ,Acc ,15
3dd9e578dace13af ,232802780952 ,0.20379639 ,-0.34417725 ,0.7807007 ,3 ,Acc ,15
3dd9e578dace13af ,232902419285 ,0.30462646 ,-0.33685303 ,0.7548828 ,3 ,Acc ,15
3dd9e578dace13af ,233003040588 ,0.3508911 ,-0.38287354 ,0.6968384 ,3 ,Acc ,15
3dd9e578dace13af ,233123013817 ,0.36639404 ,-0.43695068 ,0.6314087 ,3 ,Acc ,15
3dd9e578dace13af ,233222754546 ,0.36480713 ,-0.42211914 ,0.66082764 ,3 ,Acc ,15
3dd9e578dace13af ,233323428348 ,0.33398438 ,-0.35736084 ,0.74334717 ,3 ,Acc ,15
3dd9e578dace13af ,233422862879 ,0.23413086 ,-0.33758545 ,0.81066895 ,3 ,Acc ,15
3dd9e578dace13af ,233523510483 ,0.15753174 ,-0.31506348 ,0.84954834 ,3 ,Acc ,15
3dd9e578dace13af ,233623095639 ,0.11999512 ,-0.31817627 ,0.8423462 ,3 ,Acc ,15
3dd9e578dace13af ,233823302827 ,0.25665283 ,-0.3614502 ,0.7764282 ,3 ,Acc ,15
3dd9e578dace13af ,233924582306 ,0.32843018 ,-0.39172363 ,0.72283936 ,3 ,Acc ,15
3dd9e578dace13af ,234044555900 ,0.38372803 ,-0.43725586 ,0.6497803 ,3 ,Acc ,15
3dd9e578dace13af ,234144459598 ,0.41741943 ,-0.413208 ,0.66748047 ,3 ,Acc ,15
3dd9e578dace13af ,234244921837 ,0.37542725 ,-0.3661499 ,0.7393799 ,3 ,Acc ,15
3dd9e578dace13af ,234364894181 ,0.24182129 ,-0.338562 ,0.8218384 ,3 ,Acc ,15
3dd9e578dace13af ,234403829754 ,2.1598206 ,0.61686707 ,-6.777191 ,0 ,Acc ,10
3dd9e578dace13af ,234464067358 ,0.15393066 ,-0.31207275 ,0.8629761 ,3 ,Acc ,15
3dd9e578dace13af ,234565151472 ,0.09106445 ,-0.3390503 ,0.850647 ,3 ,Acc ,15
3dd9e578dace13af ,234685260431 ,0.15759277 ,-0.38446045 ,0.81469727 ,3 ,Acc ,15
3dd9e578dace13af ,234805573920 ,0.2859497 ,-0.37817383 ,0.7894287 ,3 ,Acc ,15
3dd9e578dace13af ,234925541889 ,0.3435669 ,-0.4517212 ,0.7000122 ,3 ,Acc ,15
3dd9e578dace13af ,235045828816 ,0.38879395 ,-0.45819092 ,0.67163086 ,3 ,Acc ,15
3dd9e578dace13af ,235145392826 ,0.37249756 ,-0.4121704 ,0.73327637 ,3 ,Acc ,15
3dd9e578dace13af ,235245920118 ,0.28033447 ,-0.3687744 ,0.81134033 ,3 ,Acc ,15
3dd9e578dace13af ,235365922826 ,0.14465332 ,-0.34161377 ,0.8774414 ,3 ,Acc ,15
3dd9e578dace13af ,235485968868 ,0.08105469 ,-0.35186768 ,0.8779907 ,3 ,Acc ,15
3dd9e578dace13af ,235606212722 ,0.1494751 ,-0.39611816 ,0.8284912 ,3 ,Acc ,15
3dd9e578dace13af ,235726345378 ,0.26879883 ,-0.40429688 ,0.78118896 ,3 ,Acc ,15
3dd9e578dace13af ,235846329180 ,0.3157959 ,-0.47052002 ,0.6925659 ,3 ,Acc ,15
3dd9e578dace13af ,235946374805 ,0.35412598 ,-0.48364258 ,0.6661377 ,3 ,Acc ,15
3dd9e578dace13af ,236046334753 ,0.34454346 ,-0.45715332 ,0.7139282 ,3 ,Acc ,15
3dd9e578dace13af ,236146379805 ,0.30316162 ,-0.40570068 ,0.7880249 ,3 ,Acc ,15
3dd9e578dace13af ,236246329545 ,0.23797607 ,-0.3765869 ,0.8450928 ,3 ,Acc ,15
3dd9e578dace13af ,236346592826 ,0.1875 ,-0.3475952 ,0.8781128 ,3 ,Acc ,15
3dd9e578dace13af ,236465930586 ,0.15625 ,-0.37200928 ,0.8609009 ,3 ,Acc ,15
3dd9e578dace13af ,236566706367 ,0.21221924 ,-0.39404297 ,0.8366089 ,3 ,Acc ,15
3dd9e578dace13af ,236666377409 ,0.28601074 ,-0.3807373 ,0.82629395 ,3 ,Acc ,15
3dd9e578dace13af ,236766962149 ,0.33343506 ,-0.4171753 ,0.78302 ,3 ,Acc ,15
3dd9e578dace13af ,236887202253 ,0.40222168 ,-0.43011475 ,0.7398071 ,3 ,Acc ,15
3dd9e578dace13af ,237007281524 ,0.4091797 ,-0.39648438 ,0.7637329 ,3 ,Acc ,15
3dd9e578dace13af ,237127343815 ,0.3423462 ,-0.35424805 ,0.82385254 ,3 ,Acc ,15
3dd9e578dace13af ,237247431940 ,0.22607422 ,-0.3684082 ,0.86486816 ,3 ,Acc ,15
3dd9e578dace13af ,237347581159 ,0.16290283 ,-0.3661499 ,0.8796387 ,3 ,Acc ,15
3dd9e578dace13af ,237406494336 ,8.467148 ,2.8186035 ,-6.4671326 ,0 ,Acc ,10
3dd9e578dace13af ,237447661836 ,0.14324951 ,-0.4086914 ,0.8569336 ,3 ,Acc ,15
3dd9e578dace13af ,237547932773 ,0.22009277 ,-0.40325928 ,0.84887695 ,3 ,Acc ,15
3dd9e578dace13af ,237647988190 ,0.2929077 ,-0.40393066 ,0.8261719 ,3 ,Acc ,15
3dd9e578dace13af ,237848247565 ,0.3425293 ,-0.49316406 ,0.7418823 ,3 ,Acc ,15
3dd9e578dace13af ,237948498919 ,0.32177734 ,-0.48059082 ,0.76794434 ,3 ,Acc ,15
3dd9e578dace13af ,238048333346 ,0.24603271 ,-0.44726563 ,0.82489014 ,3 ,Acc ,15
3dd9e578dace13af ,238148599127 ,0.13555908 ,-0.44006348 ,0.8658447 ,3 ,Acc ,15
3dd9e578dace13af ,238248602981 ,0.068847656 ,-0.4216919 ,0.88916016 ,3 ,Acc ,15
3dd9e578dace13af ,238348908294 ,0.0703125 ,-0.42626953 ,0.88079834 ,3 ,Acc ,15
3dd9e578dace13af ,238448861940 ,0.12774658 ,-0.46124268 ,0.84436035 ,3 ,Acc ,15
3dd9e578dace13af ,238549093138 ,0.20727539 ,-0.46362305 ,0.81866455 ,3 ,Acc ,15
3dd9e578dace13af ,238649081887 ,0.24542236 ,-0.5238037 ,0.7529297 ,3 ,Acc ,15
3dd9e578dace13af ,238749382512 ,0.27423096 ,-0.5597534 ,0.70806885 ,3 ,Acc ,15
3dd9e578dace13af ,238849268137 ,0.27459717 ,-0.5584717 ,0.7142334 ,3 ,Acc ,15
3dd9e578dace13af ,238949558294 ,0.22070313 ,-0.5223999 ,0.77667236 ,3 ,Acc ,15
3dd9e578dace13af ,239049656991 ,0.13427734 ,-0.4869995 ,0.8309326 ,3 ,Acc ,15
3dd9e578dace13af ,239149812564 ,0.061706543 ,-0.47180176 ,0.8555908 ,3 ,Acc ,15
3dd9e578dace13af ,239249686210 ,0.046936035 ,-0.4616089 ,0.857666 ,3 ,Acc ,15
3dd9e578dace13af ,239350089023 ,0.087402344 ,-0.48620605 ,0.8309326 ,3 ,Acc ,15
3dd9e578dace13af ,239469653658 ,0.18988037 ,-0.47442627 ,0.8233032 ,3 ,Acc ,15
3dd9e578dace13af ,239589515064 ,0.23986816 ,-0.5322876 ,0.7650757 ,3 ,Acc ,15
3dd9e578dace13af ,239690293502 ,0.27056885 ,-0.5737915 ,0.7194824 ,3 ,Acc ,15
3dd9e578dace13af ,239810237772 ,0.2625122 ,-0.56866455 ,0.7334595 ,3 ,Acc ,15
3dd9e578dace13af ,239909924595 ,0.21234131 ,-0.5184326 ,0.7965698 ,3 ,Acc ,15
3dd9e578dace13af ,240010586106 ,0.12512207 ,-0.48168945 ,0.8456421 ,3 ,Acc ,15
3dd9e578dace13af ,240110165168 ,0.043762207 ,-0.47198486 ,0.8629761 ,3 ,Acc ,15
3dd9e578dace13af ,240210782564 ,0.010498047 ,-0.49884033 ,0.8418579 ,3 ,Acc ,15
3dd9e578dace13af ,240310354699 ,0.066589355 ,-0.5305176 ,0.8092041 ,3 ,Acc ,15
3dd9e578dace13af ,240411094074 ,0.17492676 ,-0.50268555 ,0.8093872 ,3 ,Acc ,15
3dd9e578dace13af ,240409848085 ,2.1595154 ,3.8335419 ,-0.7984619 ,0 ,Acc ,10
3dd9e578dace13af ,240531198762 ,0.25079346 ,-0.5415039 ,0.7597046 ,3 ,Acc ,15
3dd9e578dace13af ,240651379074 ,0.3137207 ,-0.5182495 ,0.76135254 ,3 ,Acc ,15
3dd9e578dace13af ,240751613710 ,0.27600098 ,-0.51434326 ,0.7838745 ,3 ,Acc ,15
3dd9e578dace13af ,240851462668 ,0.19714355 ,-0.48620605 ,0.833313 ,3 ,Acc ,15
3dd9e578dace13af ,240951695376 ,0.11883545 ,-0.44433594 ,0.8796997 ,3 ,Acc ,15
3dd9e578dace13af ,241071257928 ,0.040649414 ,-0.4066162 ,0.9086304 ,3 ,Acc ,15
3dd9e578dace13af ,241171932303 ,-0.0037231445 ,-0.4642334 ,0.87908936 ,3 ,Acc ,15
3dd9e578dace13af ,241292021418 ,0.101379395 ,-0.49157715 ,0.8510132 ,3 ,Acc ,15
3dd9e578dace13af ,241391668136 ,0.18908691 ,-0.45257568 ,0.8566284 ,3 ,Acc ,15
3dd9e578dace13af ,241492336730 ,0.21887207 ,-0.55200195 ,0.779541 ,3 ,Acc ,15
3dd9e578dace13af ,241612331730 ,0.27764893 ,-0.56744385 ,0.74798584 ,3 ,Acc ,15
3dd9e578dace13af ,241732352824 ,0.25097656 ,-0.5213623 ,0.79803467 ,3 ,Acc ,15
3dd9e578dace13af ,241852554647 ,0.11956787 ,-0.5036621 ,0.84680176 ,3 ,Acc ,15
3dd9e578dace13af ,241952903553 ,0.017578125 ,-0.47735596 ,0.87542725 ,3 ,Acc ,15
3dd9e578dace13af ,242052620063 ,-0.049804688 ,-0.5039673 ,0.85858154 ,3 ,Acc ,15
3dd9e578dace13af ,242152963813 ,-0.013793945 ,-0.54974365 ,0.8255005 ,3 ,Acc ,15
3dd9e578dace13af ,242253081313 ,0.13616943 ,-0.4883423 ,0.85113525 ,3 ,Acc ,15
3dd9e578dace13af ,242353266730 ,0.21966553 ,-0.48980713 ,0.8305664 ,3 ,Acc ,15
3dd9e578dace13af ,242453206834 ,0.2744751 ,-0.53308105 ,0.7822876 ,3 ,Acc ,15
3dd9e578dace13af ,242553526001 ,0.30981445 ,-0.51763916 ,0.7825928 ,3 ,Acc ,15
3dd9e578dace13af ,242653416886 ,0.27667236 ,-0.50335693 ,0.8092041 ,3 ,Acc ,15
3dd9e578dace13af ,242753779021 ,0.16333008 ,-0.4954834 ,0.84552 ,3 ,Acc ,15
3dd9e578dace13af ,242853589646 ,0.0026855469 ,-0.5375366 ,0.8390503 ,3 ,Acc ,15
3dd9e578dace13af ,242953880011 ,-0.11657715 ,-0.5253906 ,0.84246826 ,3 ,Acc ,15
3dd9e578dace13af ,243053831157 ,-0.15576172 ,-0.532959 ,0.83148193 ,3 ,Acc ,15
3dd9e578dace13af ,243173922511 ,0.002319336 ,-0.58221436 ,0.8060303 ,3 ,Acc ,15
3dd9e578dace13af ,243273609282 ,0.18579102 ,-0.51867676 ,0.8236084 ,3 ,Acc ,15
3dd9e578dace13af ,243374132927 ,0.2654419 ,-0.56134033 ,0.7655029 ,3 ,Acc ,15
3dd9e578dace13af ,243413116313 ,2.8745422 ,1.76828 ,2.67247 ,0 ,Acc ,10
3dd9e578dace13af ,243494325479 ,0.309021 ,-0.5982666 ,0.7164917 ,3 ,Acc ,15
3dd9e578dace13af ,243614476365 ,0.2859497 ,-0.59814453 ,0.73498535 ,3 ,Acc ,15
3dd9e578dace13af ,243714093188 ,0.17871094 ,-0.5864868 ,0.78302 ,3 ,Acc ,15
3dd9e578dace13af ,243814589333 ,0.042114258 ,-0.5772705 ,0.8112793 ,3 ,Acc ,15
3dd9e578dace13af ,243914181000 ,-0.07019043 ,-0.5683594 ,0.81817627 ,3 ,Acc ,15
3dd9e578dace13af ,244014944021 ,-0.116760254 ,-0.5307617 ,0.8383179 ,3 ,Acc ,15
3dd9e578dace13af ,244134929698 ,-0.057800293 ,-0.53881836 ,0.8364258 ,3 ,Acc ,15
3dd9e578dace13af ,244234570531 ,0.0690918 ,-0.4920044 ,0.86535645 ,3 ,Acc ,15
3dd9e578dace13af ,244335243448 ,0.14886475 ,-0.40338135 ,0.9024658 ,3 ,Acc ,15
3dd9e578dace13af ,244455280323 ,0.20166016 ,-0.36236572 ,0.909729 ,3 ,Acc ,15
3dd9e578dace13af ,244556009333 ,0.23272705 ,-0.2467041 ,0.9367676 ,3 ,Acc ,15
3dd9e578dace13af ,244675074229 ,0.24298096 ,-0.14758301 ,0.9486084 ,3 ,Acc ,15
3dd9e578dace13af ,244775597562 ,0.22991943 ,-0.027893066 ,0.9598999 ,3 ,Acc ,15
3dd9e578dace13af ,244875223187 ,0.19360352 ,0.05871582 ,0.95843506 ,3 ,Acc ,15
3dd9e578dace13af ,244975896104 ,0.16790771 ,0.09515381 ,0.9508667 ,3 ,Acc ,15
3dd9e578dace13af ,245075596416 ,0.15844727 ,0.17980957 ,0.9223633 ,3 ,Acc ,15
3dd9e578dace13af ,245176128187 ,0.17126465 ,0.29022217 ,0.8638916 ,3 ,Acc ,15
3dd9e578dace13af ,245296416625 ,0.17419434 ,0.4569702 ,0.74212646 ,3 ,Acc ,15
3dd9e578dace13af ,245416371624 ,0.19622803 ,0.5311279 ,0.6199951 ,3 ,Acc ,15
3dd9e578dace13af ,245517776416 ,0.2411499 ,0.5480957 ,0.56365967 ,3 ,Acc ,15
3dd9e578dace13af ,246238552978 ,0.24121094 ,0.6600952 ,0.27368164 ,3 ,Acc ,15
3dd9e578dace13af ,246417664072 ,2.467392 ,-4.208618 ,0.3753357 ,0 ,Acc ,10
3dd9e578dace13af ,246679488186 ,0.20214844 ,0.7680664 ,0.3796997 ,3 ,Acc ,15
3dd9e578dace13af ,247119166624 ,0.25946045 ,0.6972656 ,0.30877686 ,3 ,Acc ,15
3dd9e578dace13af ,247237894540 ,0.31359863 ,0.61505127 ,0.2642212 ,3 ,Acc ,15
3dd9e578dace13af ,247338384332 ,0.3059082 ,0.60266113 ,0.27911377 ,3 ,Acc ,15
3dd9e578dace13af ,247438026467 ,0.28900146 ,0.6380005 ,0.34094238 ,3 ,Acc ,15
3dd9e578dace13af ,247538855842 ,0.25402832 ,0.70269775 ,0.3540039 ,3 ,Acc ,15
3dd9e578dace13af ,247658860894 ,0.25360107 ,0.73413086 ,0.39746094 ,3 ,Acc ,15
3dd9e578dace13af ,247759136415 ,0.2539673 ,0.7575073 ,0.40838623 ,3 ,Acc ,15
3dd9e578dace13af ,247859036051 ,0.2607422 ,0.767395 ,0.385437 ,3 ,Acc ,15
3dd9e578dace13af ,247959379592 ,0.26867676 ,0.7578125 ,0.32824707 ,3 ,Acc ,15
3dd9e578dace13af ,248059279228 ,0.27893066 ,0.7258301 ,0.270813 ,3 ,Acc ,15
3dd9e578dace13af ,248179376207 ,0.2932129 ,0.68011475 ,0.2131958 ,3 ,Acc ,15
3dd9e578dace13af ,248278925894 ,0.29077148 ,0.65631104 ,0.22802734 ,3 ,Acc ,15
3dd9e578dace13af ,248379623967 ,0.29522705 ,0.65856934 ,0.27893066 ,3 ,Acc ,15
3dd9e578dace13af ,248479272665 ,0.28063965 ,0.6968994 ,0.2730713 ,3 ,Acc ,15
3dd9e578dace13af ,248579857092 ,0.27819824 ,0.7213135 ,0.28320313 ,3 ,Acc ,15
3dd9e578dace13af ,248679373654 ,0.307312 ,0.722229 ,0.34100342 ,3 ,Acc ,15
3dd9e578dace13af ,248779951727 ,0.3232422 ,0.72558594 ,0.3673706 ,3 ,Acc ,15
3dd9e578dace13af ,248900163029 ,0.32336426 ,0.7217407 ,0.31225586 ,3 ,Acc ,15
3dd9e578dace13af ,249200239956 ,0.331604 ,0.63256836 ,0.21643066 ,3 ,Acc ,15
3dd9e578dace13af ,249420832873 ,0.29522705 ,0.7107544 ,0.26452637 ,3 ,Acc ,15
3dd9e578dace13af ,249419596988 ,-3.3214417 ,-3.4687958 ,5.1389923 ,0 ,Acc ,10
3dd9e578dace13af ,249541000373 ,0.31170654 ,0.7336426 ,0.29052734 ,3 ,Acc ,15
3dd9e578dace13af ,249640570008 ,0.35021973 ,0.72924805 ,0.34613037 ,3 ,Acc ,15
3dd9e578dace13af ,249741015269 ,0.35705566 ,0.73339844 ,0.31732178 ,3 ,Acc ,15
3dd9e578dace13af ,249961509227 ,0.3867798 ,0.6430664 ,0.16033936 ,3 ,Acc ,15
3dd9e578dace13af ,250161439435 ,0.41229248 ,0.57476807 ,0.19018555 ,3 ,Acc ,15
3dd9e578dace13af ,250261565425 ,0.39916992 ,0.6241455 ,0.24945068 ,3 ,Acc ,15
3dd9e578dace13af ,250461830164 ,0.34979248 ,0.7192993 ,0.29595947 ,3 ,Acc ,15
3dd9e578dace13af ,250982349435 ,0.413208 ,0.58044434 ,0.13317871 ,3 ,Acc ,15
3dd9e578dace13af ,251382772456 ,0.34661865 ,0.7449951 ,0.22961426 ,3 ,Acc ,15
3dd9e578dace13af ,251482855372 ,0.35272217 ,0.7717285 ,0.24639893 ,3 ,Acc ,15
3dd9e578dace13af ,251582999851 ,0.34594727 ,0.7772217 ,0.19818115 ,3 ,Acc ,15
3dd9e578dace13af ,251683155997 ,0.3682251 ,0.7264404 ,0.1586914 ,3 ,Acc ,15
3dd9e578dace13af ,251783321362 ,0.41625977 ,0.647522 ,0.13208008 ,3 ,Acc ,15
3dd9e578dace13af ,251883379955 ,0.44055176 ,0.5819092 ,0.10333252 ,3 ,Acc ,15
3dd9e578dace13af ,251983478080 ,0.4459839 ,0.5574341 ,0.14562988 ,3 ,Acc ,15
3dd9e578dace13af ,252083408549 ,0.4359131 ,0.6072998 ,0.19903564 ,3 ,Acc ,15
3dd9e578dace13af ,252183625580 ,0.37786865 ,0.6902466 ,0.16729736 ,3 ,Acc ,15
3dd9e578dace13af ,252283777247 ,0.37835693 ,0.7260742 ,0.18463135 ,3 ,Acc ,15
3dd9e578dace13af ,252383848445 ,0.40563965 ,0.7371826 ,0.22229004 ,3 ,Acc ,15
3dd9e578dace13af ,252422923653 ,3.6404114 ,-6.325577 ,8.446487 ,0 ,Acc ,10
3dd9e578dace13af ,252504022403 ,0.43188477 ,0.723999 ,0.21362305 ,3 ,Acc ,15
3dd9e578dace13af ,252624212299 ,0.43823242 ,0.6817627 ,0.15325928 ,3 ,Acc ,15
3dd9e578dace13af ,252723801153 ,0.46240234 ,0.6222534 ,0.10449219 ,3 ,Acc ,15
3dd9e578dace13af ,252824339070 ,0.45819092 ,0.58569336 ,0.072753906 ,3 ,Acc ,15
3dd9e578dace13af ,252924008601 ,0.45965576 ,0.5838623 ,0.12347412 ,3 ,Acc ,15
3dd9e578dace13af ,253024584122 ,0.44421387 ,0.638916 ,0.1453247 ,3 ,Acc ,15
3dd9e578dace13af ,253124014226 ,0.39715576 ,0.701416 ,0.10119629 ,3 ,Acc ,15
3dd9e578dace13af ,253224809434 ,0.40594482 ,0.736145 ,0.11907959 ,3 ,Acc ,15
3dd9e578dace13af ,253345063184 ,0.41046143 ,0.76782227 ,0.13623047 ,3 ,Acc ,15
3dd9e578dace13af ,253465000684 ,0.43115234 ,0.7484741 ,0.12036133 ,3 ,Acc ,15
3dd9e578dace13af ,253565419903 ,0.434021 ,0.697937 ,0.082214355 ,3 ,Acc ,15
3dd9e578dace13af ,253665292923 ,0.48077393 ,0.6152954 ,0.06616211 ,3 ,Acc ,15
3dd9e578dace13af ,253765505528 ,0.520874 ,0.5463867 ,0.056640625 ,3 ,Acc ,15
3dd9e578dace13af ,253865568757 ,0.52716064 ,0.5373535 ,0.08441162 ,3 ,Acc ,15
3dd9e578dace13af ,253965921257 ,0.5036011 ,0.6003418 ,0.124572754 ,3 ,Acc ,15
3dd9e578dace13af ,254065787663 ,0.46343994 ,0.65667725 ,0.1015625 ,3 ,Acc ,15
3dd9e578dace13af ,254166017611 ,0.46875 ,0.68756104 ,0.11401367 ,3 ,Acc ,15
3dd9e578dace13af ,254266046569 ,0.45458984 ,0.72424316 ,0.13989258 ,3 ,Acc ,15
3dd9e578dace13af ,254366326881 ,0.4663086 ,0.72540283 ,0.16308594 ,3 ,Acc ,15
3dd9e578dace13af ,254466231673 ,0.4831543 ,0.68640137 ,0.110839844 ,3 ,Acc ,15
3dd9e578dace13af ,254566453600 ,0.5093384 ,0.6236572 ,0.05908203 ,3 ,Acc ,15
3dd9e578dace13af ,254666390683 ,0.5344238 ,0.5687866 ,0.021972656 ,3 ,Acc ,15
3dd9e578dace13af ,254766663913 ,0.5232544 ,0.54541016 ,0.005432129 ,3 ,Acc ,15
3dd9e578dace13af ,254866574694 ,0.5177002 ,0.57629395 ,0.04534912 ,3 ,Acc ,15
3dd9e578dace13af ,254966829642 ,0.48413086 ,0.6460571 ,0.047607422 ,3 ,Acc ,15
3dd9e578dace13af ,255066840787 ,0.44049072 ,0.70495605 ,0.038208008 ,3 ,Acc ,15
3dd9e578dace13af ,255167121777 ,0.43859863 ,0.74005127 ,0.055419922 ,3 ,Acc ,15
3dd9e578dace13af ,255267070371 ,0.44317627 ,0.7512207 ,0.0446167 ,3 ,Acc ,15
3dd9e578dace13af ,255367335839 ,0.46826172 ,0.71240234 ,0.042053223 ,3 ,Acc ,15
3dd9e578dace13af ,255426107089 ,2.8952942 ,0.33924866 ,6.040085 ,0 ,Acc ,10
3dd9e578dace13af ,255467316985 ,0.48291016 ,0.65167236 ,-0.0025634766 ,3 ,Acc ,15
3dd9e578dace13af ,255567735006 ,0.47351074 ,0.58843994 ,-0.0758667 ,3 ,Acc ,15
3dd9e578dace13af ,255686876048 ,0.49639893 ,0.52679443 ,-0.08117676 ,3 ,Acc ,15
3dd9e578dace13af ,256428380735 ,0.49017334 ,0.6542969 ,-0.03466797 ,3 ,Acc ,15
3dd9e578dace13af ,256527908964 ,0.54382324 ,0.5780029 ,-0.030273438 ,3 ,Acc ,15
3dd9e578dace13af ,256628474433 ,0.5612793 ,0.5292969 ,-0.03552246 ,3 ,Acc ,15
3dd9e578dace13af ,256727973391 ,0.5665283 ,0.52319336 ,-0.006591797 ,3 ,Acc ,15
3dd9e578dace13af ,256828829433 ,0.557251 ,0.58099365 ,0.014526367 ,3 ,Acc ,15
3dd9e578dace13af ,256928429068 ,0.49938965 ,0.65911865 ,-0.0119018555 ,3 ,Acc ,15
3dd9e578dace13af ,257028996933 ,0.4755249 ,0.7090454 ,-0.022399902 ,3 ,Acc ,15
3dd9e578dace13af ,257149246776 ,0.47857666 ,0.7346802 ,-0.01763916 ,3 ,Acc ,15
3dd9e578dace13af ,257269245162 ,0.48059082 ,0.7113037 ,-0.058410645 ,3 ,Acc ,15
3dd9e578dace13af ,257369395630 ,0.51568604 ,0.6380615 ,-0.089782715 ,3 ,Acc ,15
3dd9e578dace13af ,257469435005 ,0.5616455 ,0.560791 ,-0.097717285 ,3 ,Acc ,15
3dd9e578dace13af ,257569757870 ,0.5847168 ,0.5132446 ,-0.09460449 ,3 ,Acc ,15
3dd9e578dace13af ,257669609745 ,0.60113525 ,0.512146 ,-0.054992676 ,3 ,Acc ,15
3dd9e578dace13af ,257769878182 ,0.57611084 ,0.56481934 ,-0.054382324 ,3 ,Acc ,15
3dd9e578dace13af ,257869877870 ,0.5342407 ,0.61169434 ,-0.079711914 ,3 ,Acc ,15
3dd9e578dace13af ,257970161411 ,0.5477905 ,0.64746094 ,-0.045898438 ,3 ,Acc ,15
3dd9e578dace13af ,258070071463 ,0.5453491 ,0.67944336 ,-0.03717041 ,3 ,Acc ,15
3dd9e578dace13af ,258170317661 ,0.5662842 ,0.67541504 ,-0.029907227 ,3 ,Acc ,15
3dd9e578dace13af ,258270232401 ,0.57525635 ,0.6315918 ,-0.057678223 ,3 ,Acc ,15
3dd9e578dace13af ,258370898859 ,0.597229 ,0.56121826 ,-0.072021484 ,3 ,Acc ,15
3dd9e578dace13af ,258429340942 ,1.4803314 ,5.2821655 ,3.7726593 ,0 ,Acc ,10
3dd9e578dace13af ,258470528651 ,0.6221924 ,0.4928589 ,-0.08251953 ,3 ,Acc ,15
3dd9e578dace13af ,258573697922 ,0.63934326 ,0.4572754 ,-0.053710938 ,3 ,Acc ,15
3dd9e578dace13af ,258690292401 ,0.6611328 ,0.48083496 ,0.007751465 ,3 ,Acc ,15
3dd9e578dace13af ,258791012713 ,0.6376953 ,0.5397949 ,0.0026855469 ,3 ,Acc ,15
3dd9e578dace13af ,258891391411 ,0.625 ,0.5894165 ,0.011779785 ,3 ,Acc ,15
3dd9e578dace13af ,258991112244 ,0.61901855 ,0.62713623 ,0.038635254 ,3 ,Acc ,15
3dd9e578dace13af ,259111174223 ,0.6430054 ,0.6400757 ,0.09954834 ,3 ,Acc ,15
3dd9e578dace13af ,259211143650 ,0.6401367 ,0.6383667 ,0.07446289 ,3 ,Acc ,15
3dd9e578dace13af ,259311380057 ,0.6342163 ,0.61450195 ,0.0345459 ,3 ,Acc ,15
3dd9e578dace13af ,259411062973 ,0.64727783 ,0.56536865 ,0.010864258 ,3 ,Acc ,15
3dd9e578dace13af ,259511719484 ,0.6637573 ,0.50268555 ,0.015563965 ,3 ,Acc ,15
3dd9e578dace13af ,259611073754 ,0.68933105 ,0.45715332 ,0.054992676 ,3 ,Acc ,15
3dd9e578dace13af ,259711853807 ,0.71466064 ,0.44610596 ,0.072265625 ,3 ,Acc ,15
3dd9e578dace13af ,259811485942 ,0.7098999 ,0.46447754 ,0.06427002 ,3 ,Acc ,15
3dd9e578dace13af ,259912146411 ,0.7067871 ,0.5081787 ,0.06829834 ,3 ,Acc ,15
3dd9e578dace13af ,260032196515 ,0.6845703 ,0.57769775 ,0.055786133 ,3 ,Acc ,15
3dd9e578dace13af ,260152304848 ,0.6859131 ,0.6080322 ,0.06298828 ,3 ,Acc ,15
3dd9e578dace13af ,260251953390 ,0.68878174 ,0.58270264 ,0.0657959 ,3 ,Acc ,15
3dd9e578dace13af ,260352620890 ,0.7167969 ,0.5105591 ,0.11437988 ,3 ,Acc ,15
3dd9e578dace13af ,260452388702 ,0.7324219 ,0.43579102 ,0.15057373 ,3 ,Acc ,15
3dd9e578dace13af ,260552737712 ,0.73236084 ,0.3916626 ,0.18273926 ,3 ,Acc ,15
3dd9e578dace13af ,260652298858 ,0.7333374 ,0.3805542 ,0.21533203 ,3 ,Acc ,15
3dd9e578dace13af ,260753072764 ,0.7626343 ,0.36315918 ,0.22125244 ,3 ,Acc ,15
3dd9e578dace13af ,260852644744 ,0.7871704 ,0.33087158 ,0.19854736 ,3 ,Acc ,15
3dd9e578dace13af ,260953264379 ,0.83288574 ,0.25286865 ,0.17425537 ,3 ,Acc ,15
3dd9e578dace13af ,261073413337 ,0.90301514 ,0.099243164 ,0.12677002 ,3 ,Acc ,15
3dd9e578dace13af ,261173628285 ,0.93078613 ,-0.031066895 ,0.07092285 ,3 ,Acc ,15
3dd9e578dace13af ,261273516202 ,0.93652344 ,-0.119262695 ,0.02947998 ,3 ,Acc ,15
3dd9e578dace13af ,261373761827 ,0.9385376 ,-0.15911865 ,0.016052246 ,3 ,Acc ,15
3dd9e578dace13af ,261432525316 ,-0.7910919 ,-2.6366272 ,9.001511 ,0 ,Acc ,10
3dd9e578dace13af ,261473872035 ,0.9398804 ,-0.1817627 ,0.022827148 ,3 ,Acc ,15
3dd9e578dace13af ,261574136618 ,0.9417114 ,-0.20373535 ,0.051513672 ,3 ,Acc ,15
3dd9e578dace13af ,261673966983 ,0.9428711 ,-0.23205566 ,0.08782959 ,3 ,Acc ,15
3dd9e578dace13af ,261774320108 ,0.9416504 ,-0.2685547 ,0.13287354 ,3 ,Acc ,15
3dd9e578dace13af ,261874354743 ,0.9304199 ,-0.2954712 ,0.16790771 ,3 ,Acc ,15
3dd9e578dace13af ,261974357087 ,0.92041016 ,-0.3154297 ,0.19311523 ,3 ,Acc ,15
3dd9e578dace13af ,262074399587 ,0.9147949 ,-0.32769775 ,0.21228027 ,3 ,Acc ,15
3dd9e578dace13af ,262174732139 ,0.9086304 ,-0.32678223 ,0.23718262 ,3 ,Acc ,15
3dd9e578dace13af ,262274647243 ,0.90045166 ,-0.32141113 ,0.2703247 ,3 ,Acc ,15
3dd9e578dace13af ,262375027399 ,0.88171387 ,-0.32629395 ,0.31481934 ,3 ,Acc ,15
3dd9e578dace13af ,262474884118 ,0.86505127 ,-0.33355713 ,0.35583496 ,3 ,Acc ,15
3dd9e578dace13af ,262575102243 ,0.85650635 ,-0.3406372 ,0.3632202 ,3 ,Acc ,15
3dd9e578dace13af ,262675063753 ,0.86309814 ,-0.3435669 ,0.3404541 ,3 ,Acc ,15
3dd9e578dace13af ,262775396201 ,0.8826904 ,-0.33190918 ,0.28796387 ,3 ,Acc ,15
3dd9e578dace13af ,262875295784 ,0.7174072 ,-0.35595703 ,0.12145996 ,3 ,Acc ,15
3dd9e578dace13af ,262975593076 ,0.73358154 ,-0.30181885 ,0.062561035 ,3 ,Acc ,15
3dd9e578dace13af ,263075504378 ,0.75286865 ,-0.25628662 ,-0.0012817383 ,3 ,Acc ,15
3dd9e578dace13af ,263175854534 ,0.7772217 ,-0.22125244 ,-0.055725098 ,3 ,Acc ,15
3dd9e578dace13af ,263275865263 ,0.7871094 ,-0.1843872 ,-0.10595703 ,3 ,Acc ,15
3dd9e578dace13af ,263375977920 ,0.7796631 ,-0.1461792 ,-0.14447021 ,3 ,Acc ,15
3dd9e578dace13af ,263475909118 ,0.7782593 ,-0.10656738 ,-0.16131592 ,3 ,Acc ,15
3dd9e578dace13af ,263576380315 ,0.7685547 ,-0.07720947 ,-0.17755127 ,3 ,Acc ,15
3dd9e578dace13af ,263676089690 ,0.76330566 ,-0.062805176 ,-0.18530273 ,3 ,Acc ,15
3dd9e578dace13af ,263776391826 ,0.7536621 ,-0.06903076 ,-0.18273926 ,3 ,Acc ,15
3dd9e578dace13af ,263876365159 ,0.7349243 ,-0.090026855 ,-0.16247559 ,3 ,Acc ,15
3dd9e578dace13af ,263976640888 ,0.7260742 ,-0.11663818 ,-0.1461792 ,3 ,Acc ,15
