3dd9e578dace13af ,1036759351737 ,0.22894287 ,-0.3046875 ,0.4489746 ,3 ,Acc ,15
3dd9e578dace13af ,1036872741737 ,0.22735596 ,-0.3045044 ,0.44750977 ,3 ,Acc ,15
3dd9e578dace13af ,1036972398664 ,0.23242188 ,-0.3110962 ,0.43377686 ,3 ,Acc ,15
3dd9e578dace13af ,1037073018455 ,0.24560547 ,-0.3244629 ,0.42248535 ,3 ,Acc ,15
3dd9e578dace13af ,1037193814445 ,0.14385986 ,-0.23199463 ,0.43292236 ,3 ,Acc ,15
3dd9e578dace13af ,1037293557049 ,0.14562988 ,-0.23303223 ,0.4293213 ,3 ,Acc ,15
3dd9e578dace13af ,1037399235434 ,0.14575195 ,-0.23297119 ,0.4243164 ,3 ,Acc ,15
3dd9e578dace13af ,1037498837257 ,0.14074707 ,-0.22357178 ,0.42944336 ,3 ,Acc ,15
3dd9e578dace13af ,1037599455486 ,0.1350708 ,-0.2111206 ,0.42858887 ,3 ,Acc ,15
3dd9e578dace13af ,1037719514913 ,0.13000488 ,-0.2218628 ,0.41259766 ,3 ,Acc ,15
3dd9e578dace13af ,1038135806892 ,0.14929199 ,-0.2208252 ,0.3996582 ,3 ,Acc ,15
3dd9e578dace13af ,1038235081111 ,0.15344238 ,-0.22076416 ,0.39526367 ,3 ,Acc ,15
3dd9e578dace13af ,1038339747778 ,0.15759277 ,-0.22198486 ,0.39172363 ,3 ,Acc ,15
3dd9e578dace13af ,1038440412934 ,0.16046143 ,-0.22039795 ,0.3850708 ,3 ,Acc ,15
3dd9e578dace13af ,1038539896059 ,0.15985107 ,-0.21679688 ,0.37591553 ,3 ,Acc ,15
3dd9e578dace13af ,1038640475225 ,0.16064453 ,-0.21032715 ,0.36895752 ,3 ,Acc ,15
3dd9e578dace13af ,1038740241475 ,0.1616211 ,-0.20141602 ,0.3624878 ,3 ,Acc ,15
3dd9e578dace13af ,1038840788663 ,0.14141846 ,-0.18572998 ,0.34716797 ,3 ,Acc ,15
3dd9e578dace13af ,1038940105798 ,0.11364746 ,-0.16308594 ,0.31115723 ,3 ,Acc ,15
3dd9e578dace13af ,1039040852465 ,0.11645508 ,-0.16748047 ,0.29125977 ,3 ,Acc ,15
3dd9e578dace13af ,1039140536319 ,0.12176514 ,-0.17547607 ,0.2822876 ,3 ,Acc ,15
3dd9e578dace13af ,1039241264027 ,0.1329956 ,-0.19134521 ,0.2958374 ,3 ,Acc ,15
3dd9e578dace13af ,1039361685850 ,0.16815186 ,-0.20977783 ,0.3133545 ,3 ,Acc ,15
3dd9e578dace13af ,1039460879392 ,0.19311523 ,-0.2154541 ,0.3059082 ,3 ,Acc ,15
3dd9e578dace13af ,1039562704808 ,0.18572998 ,-0.2078247 ,0.31469727 ,3 ,Acc ,15
3dd9e578dace13af ,1039677733610 ,0.1685791 ,-0.21807861 ,0.33087158 ,3 ,Acc ,15
3dd9e578dace13af ,1039759532100 ,0.71984863 ,-0.56973267 ,-1.2476196 ,0 ,Acc ,10
3dd9e578dace13af ,1039795958663 ,0.1829834 ,-0.22155762 ,0.2994995 ,3 ,Acc ,15
3dd9e578dace13af ,1039901487725 ,0.18914795 ,-0.19866943 ,0.26898193 ,3 ,Acc ,15
3dd9e578dace13af ,1040021542048 ,0.19049072 ,-0.19049072 ,0.27520752 ,3 ,Acc ,15
3dd9e578dace13af ,1040122177569 ,0.1340332 ,-0.1741333 ,0.30169678 ,3 ,Acc ,15
3dd9e578dace13af ,1040242136839 ,0.15197754 ,-0.18463135 ,0.27496338 ,3 ,Acc ,15
3dd9e578dace13af ,1040341879027 ,0.17034912 ,-0.1786499 ,0.2536621 ,3 ,Acc ,15
3dd9e578dace13af ,1040442505121 ,0.1928711 ,-0.17401123 ,0.2241211 ,3 ,Acc ,15
3dd9e578dace13af ,1040542089808 ,0.2234497 ,-0.16790771 ,0.17340088 ,3 ,Acc ,15
3dd9e578dace13af ,1040642632933 ,0.27844238 ,-0.14593506 ,0.1005249 ,3 ,Acc ,15
3dd9e578dace13af ,1040742319183 ,0.32696533 ,-0.09991455 ,-0.016113281 ,3 ,Acc ,15
3dd9e578dace13af ,1040843193714 ,0.34625244 ,-0.057006836 ,-0.19677734 ,3 ,Acc ,15
3dd9e578dace13af ,1040958376110 ,0.34484863 ,0.0016479492 ,-0.40948486 ,3 ,Acc ,15
3dd9e578dace13af ,1041062571006 ,0.35357666 ,0.112976074 ,-0.5315552 ,3 ,Acc ,15
3dd9e578dace13af ,1041164440329 ,0.30877686 ,0.30334473 ,-0.5510254 ,3 ,Acc ,15
3dd9e578dace13af ,1041283481006 ,0.050720215 ,0.368042 ,-0.54138184 ,3 ,Acc ,15
3dd9e578dace13af ,1041403714964 ,-0.022888184 ,0.5722656 ,-0.34228516 ,3 ,Acc ,15
3dd9e578dace13af ,1041503141214 ,-0.16308594 ,0.66204834 ,-0.23199463 ,3 ,Acc ,15
3dd9e578dace13af ,1041603799131 ,-0.28631592 ,0.6786499 ,-0.2390747 ,3 ,Acc ,15
3dd9e578dace13af ,1041724110953 ,-0.28112793 ,0.69940186 ,-0.22650146 ,3 ,Acc ,15
3dd9e578dace13af ,1041844104339 ,-0.28533936 ,0.6709595 ,-0.3189087 ,3 ,Acc ,15
3dd9e578dace13af ,1041965275380 ,-0.17681885 ,0.6204834 ,-0.4456787 ,3 ,Acc ,15
3dd9e578dace13af ,1042080674964 ,-0.07183838 ,0.5465698 ,-0.56347656 ,3 ,Acc ,15
3dd9e578dace13af ,1042183801005 ,-0.011962891 ,0.49975586 ,-0.6165161 ,3 ,Acc ,15
3dd9e578dace13af ,1042284680745 ,0.01159668 ,0.5064087 ,-0.60028076 ,3 ,Acc ,15
3dd9e578dace13af ,1042384033766 ,-0.051574707 ,0.59088135 ,-0.48382568 ,3 ,Acc ,15
3dd9e578dace13af ,1042484806370 ,-0.22790527 ,0.6305542 ,-0.41186523 ,3 ,Acc ,15
3dd9e578dace13af ,1042604931474 ,-0.27337646 ,0.68743896 ,-0.2930298 ,3 ,Acc ,15
3dd9e578dace13af ,1042725111422 ,-0.24505615 ,0.72698975 ,-0.20898438 ,3 ,Acc ,15
3dd9e578dace13af ,1042763054391 ,1.4953766 ,-6.8840637 ,5.7623596 ,0 ,Acc ,10
3dd9e578dace13af ,1042839428505 ,-0.21429443 ,0.7289429 ,-0.2689209 ,3 ,Acc ,15
3dd9e578dace13af ,1042944662724 ,-0.13867188 ,0.6848755 ,-0.37353516 ,3 ,Acc ,15
3dd9e578dace13af ,1043045357255 ,-0.006286621 ,0.6331177 ,-0.48547363 ,3 ,Acc ,15
3dd9e578dace13af ,1043163129599 ,0.11193848 ,0.53985596 ,-0.6134033 ,3 ,Acc ,15
3dd9e578dace13af ,1043285498713 ,0.106933594 ,0.5419922 ,-0.5784302 ,3 ,Acc ,15
3dd9e578dace13af ,1043385193192 ,-0.05029297 ,0.61712646 ,-0.4605713 ,3 ,Acc ,15
3dd9e578dace13af ,1043485964078 ,-0.24102783 ,0.64001465 ,-0.40234375 ,3 ,Acc ,15
3dd9e578dace13af ,1043605965224 ,-0.2779541 ,0.6992798 ,-0.25317383 ,3 ,Acc ,15
3dd9e578dace13af ,1043726289390 ,-0.3223877 ,0.72106934 ,-0.22869873 ,3 ,Acc ,15
3dd9e578dace13af ,1043846233973 ,-0.27508545 ,0.7180786 ,-0.33087158 ,3 ,Acc ,15
3dd9e578dace13af ,1043967399442 ,-0.28607178 ,0.5664673 ,-0.57073975 ,3 ,Acc ,15
3dd9e578dace13af ,1044086294338 ,-0.19189453 ,0.4411621 ,-0.7008667 ,3 ,Acc ,15
3dd9e578dace13af ,1044185942671 ,-0.025512695 ,0.44610596 ,-0.69628906 ,3 ,Acc ,15
3dd9e578dace13af ,1044306121213 ,-0.0020141602 ,0.52508545 ,-0.6312256 ,3 ,Acc ,15
3dd9e578dace13af ,1044406878088 ,-0.16864014 ,0.5593872 ,-0.59954834 ,3 ,Acc ,15
3dd9e578dace13af ,1044527113296 ,-0.32312012 ,0.6102905 ,-0.5238037 ,3 ,Acc ,15
3dd9e578dace13af ,1044647151004 ,-0.4570923 ,0.5939331 ,-0.5272217 ,3 ,Acc ,15
3dd9e578dace13af ,1044768336994 ,-0.46844482 ,0.5418091 ,-0.5946655 ,3 ,Acc ,15
3dd9e578dace13af ,1044886243192 ,-0.37799072 ,0.47045898 ,-0.6951294 ,3 ,Acc ,15
3dd9e578dace13af ,1044987333504 ,-0.21008301 ,0.47436523 ,-0.7514038 ,3 ,Acc ,15
3dd9e578dace13af ,1045087640067 ,-0.049072266 ,0.49023438 ,-0.78515625 ,3 ,Acc ,15
3dd9e578dace13af ,1045186441838 ,-0.010620117 ,0.47045898 ,-0.80236816 ,3 ,Acc ,15
3dd9e578dace13af ,1045287673452 ,-0.09185791 ,0.54681396 ,-0.7276001 ,3 ,Acc ,15
3dd9e578dace13af ,1045408045171 ,-0.33068848 ,0.5375366 ,-0.668396 ,3 ,Acc ,15
3dd9e578dace13af ,1045528014598 ,-0.43847656 ,0.5796509 ,-0.5665283 ,3 ,Acc ,15
3dd9e578dace13af ,1045628108921 ,-0.5007324 ,0.5718384 ,-0.5543823 ,3 ,Acc ,15
3dd9e578dace13af ,1045728460483 ,-0.48815918 ,0.5574341 ,-0.59381104 ,3 ,Acc ,15
3dd9e578dace13af ,1045765832202 ,3.414734 ,0.7640686 ,2.3578796 ,0 ,Acc ,10
3dd9e578dace13af ,1045842531160 ,-0.39050293 ,0.47924805 ,-0.7268677 ,3 ,Acc ,15
3dd9e578dace13af ,1045946735119 ,-0.2277832 ,0.47491455 ,-0.78948975 ,3 ,Acc ,15
3dd9e578dace13af ,1046048698556 ,-0.064697266 ,0.48858643 ,-0.8175049 ,3 ,Acc ,15
3dd9e578dace13af ,1046166253243 ,0.016418457 ,0.51782227 ,-0.800354 ,3 ,Acc ,15
3dd9e578dace13af ,1046268706941 ,-0.081848145 ,0.5678711 ,-0.7515259 ,3 ,Acc ,15
3dd9e578dace13af ,1046370071993 ,-0.2915039 ,0.5443115 ,-0.7119751 ,3 ,Acc ,15
3dd9e578dace13af ,1046489039650 ,-0.4286499 ,0.5828247 ,-0.59484863 ,3 ,Acc ,15
3dd9e578dace13af ,1046589033139 ,-0.50683594 ,0.55700684 ,-0.5794678 ,3 ,Acc ,15
3dd9e578dace13af ,1046708951472 ,-0.48028564 ,0.53741455 ,-0.6310425 ,3 ,Acc ,15
3dd9e578dace13af ,1046809482045 ,-0.36602783 ,0.51916504 ,-0.7168579 ,3 ,Acc ,15
3dd9e578dace13af ,1046908883347 ,-0.21118164 ,0.51416016 ,-0.7852173 ,3 ,Acc ,15
3dd9e578dace13af ,1047009724181 ,-0.062072754 ,0.5123291 ,-0.8227539 ,3 ,Acc ,15
3dd9e578dace13af ,1047109242201 ,0.055480957 ,0.5856323 ,-0.7702637 ,3 ,Acc ,15
3dd9e578dace13af ,1047209916628 ,-0.04650879 ,0.6390991 ,-0.710022 ,3 ,Acc ,15
3dd9e578dace13af ,1047330074441 ,-0.32995605 ,0.55578613 ,-0.7022705 ,3 ,Acc ,15
3dd9e578dace13af ,1047448071837 ,-0.45031738 ,0.58929443 ,-0.5864258 ,3 ,Acc ,15
3dd9e578dace13af ,1047550165587 ,-0.50549316 ,0.57666016 ,-0.57928467 ,3 ,Acc ,15
3dd9e578dace13af ,1047665487982 ,-0.44451904 ,0.5704956 ,-0.64331055 ,3 ,Acc ,15
3dd9e578dace13af ,1047769605326 ,-0.3126831 ,0.5355835 ,-0.7463989 ,3 ,Acc ,15
3dd9e578dace13af ,1047869987878 ,-0.12335205 ,0.5541382 ,-0.79455566 ,3 ,Acc ,15
3dd9e578dace13af ,1047971811732 ,0.027648926 ,0.5720825 ,-0.8009033 ,3 ,Acc ,15
3dd9e578dace13af ,1048090757097 ,0.026123047 ,0.6218262 ,-0.75512695 ,3 ,Acc ,15
3dd9e578dace13af ,1048211043138 ,-0.26812744 ,0.57128906 ,-0.7346802 ,3 ,Acc ,15
3dd9e578dace13af ,1048331071888 ,-0.45788574 ,0.52697754 ,-0.67370605 ,3 ,Acc ,15
3dd9e578dace13af ,1048448171472 ,-0.47784424 ,0.5844116 ,-0.6102295 ,3 ,Acc ,15
3dd9e578dace13af ,1048550687670 ,-0.50250244 ,0.55249023 ,-0.62823486 ,3 ,Acc ,15
3dd9e578dace13af ,1048651414024 ,-0.4154663 ,0.54956055 ,-0.69836426 ,3 ,Acc ,15
3dd9e578dace13af ,1048769473972 ,2.7003937 ,5.382599 ,-2.3425903 ,0 ,Acc ,10
3dd9e578dace13af ,1048772787878 ,-0.22039795 ,0.5663452 ,-0.77227783 ,3 ,Acc ,15
3dd9e578dace13af ,1048888298138 ,-0.05657959 ,0.57598877 ,-0.79919434 ,3 ,Acc ,15
3dd9e578dace13af ,1048991194544 ,0.011413574 ,0.6464844 ,-0.7341919 ,3 ,Acc ,15
3dd9e578dace13af ,1049092013242 ,-0.11541748 ,0.6930542 ,-0.6633301 ,3 ,Acc ,15
3dd9e578dace13af ,1049209940013 ,-0.40118408 ,0.53948975 ,-0.7124634 ,3 ,Acc ,15
3dd9e578dace13af ,1049311785273 ,-0.43206787 ,0.57977295 ,-0.6557617 ,3 ,Acc ,15
3dd9e578dace13af ,1049412474648 ,-0.44104004 ,0.62890625 ,-0.5970459 ,3 ,Acc ,15
3dd9e578dace13af ,1049532315586 ,-0.47790527 ,0.5484009 ,-0.6643677 ,3 ,Acc ,15
3dd9e578dace13af ,1049631845482 ,-0.34344482 ,0.56622314 ,-0.73309326 ,3 ,Acc ,15
3dd9e578dace13af ,1049732716263 ,-0.15203857 ,0.5857544 ,-0.78302 ,3 ,Acc ,15
3dd9e578dace13af ,1049832086159 ,-0.0064697266 ,0.59124756 ,-0.7994995 ,3 ,Acc ,15
3dd9e578dace13af ,1049932819440 ,0.06085205 ,0.5991211 ,-0.7906494 ,3 ,Acc ,15
3dd9e578dace13af ,1050053073398 ,-0.04626465 ,0.66278076 ,-0.7268677 ,3 ,Acc ,15
3dd9e578dace13af ,1050174149961 ,-0.30993652 ,0.5857544 ,-0.7246704 ,3 ,Acc ,15
3dd9e578dace13af ,1050293297200 ,-0.39923096 ,0.62323 ,-0.6385498 ,3 ,Acc ,15
3dd9e578dace13af ,1050413455898 ,-0.4446411 ,0.63153076 ,-0.60357666 ,3 ,Acc ,15
3dd9e578dace13af ,1050533577513 ,-0.44067383 ,0.5576782 ,-0.6885376 ,3 ,Acc ,15
3dd9e578dace13af ,1050653548606 ,-0.25238037 ,0.5668335 ,-0.7734375 ,3 ,Acc ,15
3dd9e578dace13af ,1050753100169 ,-0.0892334 ,0.5760498 ,-0.80737305 ,3 ,Acc ,15
3dd9e578dace13af ,1050853999492 ,0.028442383 ,0.552063 ,-0.82995605 ,3 ,Acc ,15
3dd9e578dace13af ,1050953453137 ,0.056030273 ,0.62353516 ,-0.7727661 ,3 ,Acc ,15
3dd9e578dace13af ,1051054113971 ,-0.119018555 ,0.63720703 ,-0.74957275 ,3 ,Acc ,15
3dd9e578dace13af ,1051175228919 ,-0.32495117 ,0.59851074 ,-0.7114258 ,3 ,Acc ,15
3dd9e578dace13af ,1051294307512 ,-0.3928833 ,0.6553345 ,-0.6090088 ,3 ,Acc ,15
3dd9e578dace13af ,1051414550585 ,-0.46099854 ,0.5900879 ,-0.6463623 ,3 ,Acc ,15
3dd9e578dace13af ,1051534484752 ,-0.36901855 ,0.57232666 ,-0.72528076 ,3 ,Acc ,15
3dd9e578dace13af ,1051634013241 ,-0.19055176 ,0.5852661 ,-0.7838135 ,3 ,Acc ,15
3dd9e578dace13af ,1051734905429 ,-0.018981934 ,0.6029663 ,-0.7963867 ,3 ,Acc ,15
3dd9e578dace13af ,1051772639127 ,8.3089905 ,7.2007446 ,-3.9169006 ,0 ,Acc ,10
3dd9e578dace13af ,1051849090533 ,0.10180664 ,0.6034546 ,-0.7904663 ,3 ,Acc ,15
3dd9e578dace13af ,1051954409960 ,0.051574707 ,0.6633911 ,-0.7437134 ,3 ,Acc ,15
3dd9e578dace13af ,1052055233137 ,-0.16638184 ,0.6487427 ,-0.7362671 ,3 ,Acc ,15
3dd9e578dace13af ,1052172878658 ,-0.38446045 ,0.5934448 ,-0.6968384 ,3 ,Acc ,15
3dd9e578dace13af ,1052274760533 ,-0.4395752 ,0.6235962 ,-0.6323242 ,3 ,Acc ,15
3dd9e578dace13af ,1052376511001 ,-0.4650879 ,0.59399414 ,-0.64971924 ,3 ,Acc ,15
3dd9e578dace13af ,1052495616731 ,-0.36901855 ,0.5871582 ,-0.71813965 ,3 ,Acc ,15
3dd9e578dace13af ,1052612130272 ,-0.16046143 ,0.60498047 ,-0.7786255 ,3 ,Acc ,15
3dd9e578dace13af ,1052714352668 ,0.006713867 ,0.62023926 ,-0.7843628 ,3 ,Acc ,15
3dd9e578dace13af ,1052835266418 ,0.11657715 ,0.6152344 ,-0.77948 ,3 ,Acc ,15
3dd9e578dace13af ,1052936512824 ,0.06048584 ,0.67578125 ,-0.734375 ,3 ,Acc ,15
3dd9e578dace13af ,1053056235845 ,-0.19873047 ,0.6357422 ,-0.74365234 ,3 ,Acc ,15
3dd9e578dace13af ,1053177411001 ,-0.36816406 ,0.63623047 ,-0.6696167 ,3 ,Acc ,15
3dd9e578dace13af ,1053296229178 ,-0.42156982 ,0.64660645 ,-0.6257324 ,3 ,Acc ,15
3dd9e578dace13af ,1053395951522 ,-0.42590332 ,0.58392334 ,-0.6878052 ,3 ,Acc ,15
3dd9e578dace13af ,1053496233501 ,-0.30133057 ,0.60705566 ,-0.73413086 ,3 ,Acc ,15
3dd9e578dace13af ,1053596140011 ,-0.107910156 ,0.6043091 ,-0.7891846 ,3 ,Acc ,15
3dd9e578dace13af ,1053696963813 ,0.061706543 ,0.59716797 ,-0.7994385 ,3 ,Acc ,15
3dd9e578dace13af ,1053817100793 ,0.18664551 ,0.5626831 ,-0.80493164 ,3 ,Acc ,15
3dd9e578dace13af ,1053937201261 ,0.122558594 ,0.6309204 ,-0.7650757 ,3 ,Acc ,15
3dd9e578dace13af ,1054057419595 ,-0.050720215 ,0.63183594 ,-0.76934814 ,3 ,Acc ,15
3dd9e578dace13af ,1054178476417 ,-0.13458252 ,0.66607666 ,-0.7285156 ,3 ,Acc ,15
3dd9e578dace13af ,1054297666730 ,-0.2576294 ,0.5731201 ,-0.77423096 ,3 ,Acc ,15
3dd9e578dace13af ,1054417682511 ,-0.22424316 ,0.61608887 ,-0.7526245 ,3 ,Acc ,15
3dd9e578dace13af ,1054537931053 ,-0.06842041 ,0.58740234 ,-0.8059082 ,3 ,Acc ,15
3dd9e578dace13af ,1054657760688 ,0.0869751 ,0.58361816 ,-0.8065796 ,3 ,Acc ,15
3dd9e578dace13af ,1054775821573 ,13.330582 ,6.094208 ,-0.57655334 ,0 ,Acc ,10
3dd9e578dace13af ,1054779142771 ,0.19073486 ,0.6703491 ,-0.7125244 ,3 ,Acc ,15
3dd9e578dace13af ,1054892379178 ,0.15197754 ,0.7792969 ,-0.607666 ,3 ,Acc ,15
3dd9e578dace13af ,1054997703917 ,-9.1552734E-4 ,0.7418823 ,-0.6699829 ,3 ,Acc ,15
3dd9e578dace13af ,1055117817511 ,-0.17407227 ,0.6723633 ,-0.7184448 ,3 ,Acc ,15
3dd9e578dace13af ,1055218619230 ,-0.31622314 ,0.6569824 ,-0.6826172 ,3 ,Acc ,15
3dd9e578dace13af ,1055338808813 ,-0.3277588 ,0.60687256 ,-0.7229004 ,3 ,Acc ,15
3dd9e578dace13af ,1055438178136 ,-0.21826172 ,0.62286377 ,-0.75115967 ,3 ,Acc ,15
3dd9e578dace13af ,1055538782771 ,-0.06286621 ,0.6278076 ,-0.7758179 ,3 ,Acc ,15
3dd9e578dace13af ,1055658140375 ,0.12774658 ,0.62158203 ,-0.77160645 ,3 ,Acc ,15
3dd9e578dace13af ,1055780276886 ,0.24005127 ,0.60266113 ,-0.75878906 ,3 ,Acc ,15
3dd9e578dace13af ,1055878820740 ,0.17736816 ,0.64508057 ,-0.74298096 ,3 ,Acc ,15
3dd9e578dace13af ,1055980211000 ,-0.015991211 ,0.5875244 ,-0.809021 ,3 ,Acc ,15
3dd9e578dace13af ,1056099522510 ,-0.20031738 ,0.62854004 ,-0.7496948 ,3 ,Acc ,15
3dd9e578dace13af ,1056219762823 ,-0.30810547 ,0.6251831 ,-0.71435547 ,3 ,Acc ,15
3dd9e578dace13af ,1056339795323 ,-0.3557129 ,0.54852295 ,-0.7509155 ,3 ,Acc ,15
3dd9e578dace13af ,1056439275583 ,-0.26593018 ,0.5666504 ,-0.77142334 ,3 ,Acc ,15
3dd9e578dace13af ,1056540090948 ,-0.10626221 ,0.5863037 ,-0.79455566 ,3 ,Acc ,15
3dd9e578dace13af ,1056660121573 ,0.083984375 ,0.63067627 ,-0.7584839 ,3 ,Acc ,15
3dd9e578dace13af ,1056781317875 ,0.19354248 ,0.6420288 ,-0.72784424 ,3 ,Acc ,15
3dd9e578dace13af ,1056895536521 ,0.10064697 ,0.72125244 ,-0.6772461 ,3 ,Acc ,15
3dd9e578dace13af ,1056999897823 ,-0.105285645 ,0.6555176 ,-0.74194336 ,3 ,Acc ,15
3dd9e578dace13af ,1057100731573 ,-0.23077393 ,0.5939331 ,-0.76464844 ,3 ,Acc ,15
3dd9e578dace13af ,1057200233656 ,-0.2949829 ,0.6539917 ,-0.68896484 ,3 ,Acc ,15
3dd9e578dace13af ,1057300871937 ,-0.33966064 ,0.5734253 ,-0.73217773 ,3 ,Acc ,15
3dd9e578dace13af ,1057420991312 ,-0.26348877 ,0.5596924 ,-0.76867676 ,3 ,Acc ,15
3dd9e578dace13af ,1057541113395 ,-0.079711914 ,0.61242676 ,-0.77246094 ,3 ,Acc ,15
3dd9e578dace13af ,1057661254437 ,0.11022949 ,0.6706543 ,-0.71343994 ,3 ,Acc ,15
3dd9e578dace13af ,1057778171833 ,14.175079 ,6.5345 ,-1.494339 ,0 ,Acc ,10
3dd9e578dace13af ,1057781590947 ,0.2208252 ,0.666626 ,-0.6875 ,3 ,Acc ,15
3dd9e578dace13af ,1057899911312 ,0.09967041 ,0.7189331 ,-0.6709595 ,3 ,Acc ,15
3dd9e578dace13af ,1058000948603 ,-0.08947754 ,0.6179199 ,-0.76898193 ,3 ,Acc ,15
3dd9e578dace13af ,1058101686468 ,-0.2041626 ,0.6144409 ,-0.75250244 ,3 ,Acc ,15
3dd9e578dace13af ,1058219974489 ,-0.26953125 ,0.6341553 ,-0.7112427 ,3 ,Acc ,15
3dd9e578dace13af ,1058321287822 ,-0.29571533 ,0.5498657 ,-0.7642212 ,3 ,Acc ,15
3dd9e578dace13af ,1058441345739 ,-0.17230225 ,0.5532837 ,-0.79211426 ,3 ,Acc ,15
3dd9e578dace13af ,1058542244124 ,0.0010375977 ,0.59375 ,-0.7789917 ,3 ,Acc ,15
3dd9e578dace13af ,1058662276780 ,0.1975708 ,0.6298218 ,-0.7140503 ,3 ,Acc ,15
3dd9e578dace13af ,1058783494801 ,0.28912354 ,0.63708496 ,-0.6682739 ,3 ,Acc ,15
3dd9e578dace13af ,1058896678447 ,0.13928223 ,0.70440674 ,-0.664917 ,3 ,Acc ,15
3dd9e578dace13af ,1059000949853 ,-0.07867432 ,0.62768555 ,-0.75616455 ,3 ,Acc ,15
3dd9e578dace13af ,1059102814853 ,-0.199646 ,0.58691406 ,-0.76519775 ,3 ,Acc ,15
3dd9e578dace13af ,1059217059749 ,-0.27130127 ,0.61639404 ,-0.7142334 ,3 ,Acc ,15
3dd9e578dace13af ,1059343165061 ,-0.29119873 ,0.54071045 ,-0.7524414 ,3 ,Acc ,15
3dd9e578dace13af ,1059463162561 ,-0.16223145 ,0.52264404 ,-0.7979126 ,3 ,Acc ,15
3dd9e578dace13af ,1059584323134 ,0.020996094 ,0.57836914 ,-0.78308105 ,3 ,Acc ,15
3dd9e578dace13af ,1059699799540 ,0.15856934 ,0.57440186 ,-0.77056885 ,3 ,Acc ,15
3dd9e578dace13af ,1059801792353 ,0.21954346 ,0.5421753 ,-0.7850342 ,3 ,Acc ,15
3dd9e578dace13af ,1059903789749 ,0.18243408 ,0.61621094 ,-0.71502686 ,3 ,Acc ,15
3dd9e578dace13af ,1060023768915 ,0.2692871 ,0.7575073 ,-0.1899414 ,3 ,Acc ,15
3dd9e578dace13af ,1060143965269 ,0.4570923 ,0.50115967 ,-0.42974854 ,3 ,Acc ,15
3dd9e578dace13af ,1060264311676 ,0.57489014 ,0.29364014 ,-0.5067749 ,3 ,Acc ,15
3dd9e578dace13af ,1060383244853 ,0.6416626 ,0.17675781 ,-0.5018921 ,3 ,Acc ,15
3dd9e578dace13af ,1060487577248 ,0.69366455 ,0.14465332 ,-0.47961426 ,3 ,Acc ,15
3dd9e578dace13af ,1060603774540 ,0.7376709 ,0.1437378 ,-0.4899292 ,3 ,Acc ,15
3dd9e578dace13af ,1060705612717 ,0.7429199 ,0.16271973 ,-0.52337646 ,3 ,Acc ,15
3dd9e578dace13af ,1060782315373 ,19.269714 ,-5.615555 ,2.1519775 ,0 ,Acc ,10
3dd9e578dace13af ,1060819270425 ,0.69433594 ,0.16827393 ,-0.5930176 ,3 ,Acc ,15
3dd9e578dace13af ,1060924134904 ,0.6577759 ,0.080566406 ,-0.6907959 ,3 ,Acc ,15
3dd9e578dace13af ,1061025454904 ,0.619751 ,-0.0256958 ,-0.7545166 ,3 ,Acc ,15
3dd9e578dace13af ,1061145483915 ,-0.48919678 ,-0.27148438 ,-0.7059326 ,3 ,Acc ,15
3dd9e578dace13af ,1061265693863 ,-0.458313 ,-0.258667 ,-0.7032471 ,3 ,Acc ,15
3dd9e578dace13af ,1061382816206 ,-0.40081787 ,-0.16082764 ,-0.68414307 ,3 ,Acc ,15
3dd9e578dace13af ,1061484735790 ,-0.32946777 ,-0.047546387 ,-0.6522217 ,3 ,Acc ,15
3dd9e578dace13af ,1061586508706 ,-0.3001709 ,0.043884277 ,-0.5932617 ,3 ,Acc ,15
3dd9e578dace13af ,1061705516779 ,-0.24456787 ,0.015686035 ,-0.56817627 ,3 ,Acc ,15
3dd9e578dace13af ,1061826256779 ,-0.30596924 ,-0.06958008 ,-0.6516113 ,3 ,Acc ,15
3dd9e578dace13af ,1061946230789 ,-0.38464355 ,-0.27056885 ,-0.6888428 ,3 ,Acc ,15
3dd9e578dace13af ,1062066248758 ,-0.46014404 ,-0.33154297 ,-0.66882324 ,3 ,Acc ,15
3dd9e578dace13af ,1062188862560 ,-0.5359497 ,-0.2819214 ,-0.6876831 ,3 ,Acc ,15
3dd9e578dace13af ,1062306670269 ,-0.5230713 ,-0.2849121 ,-0.6713867 ,3 ,Acc ,15
3dd9e578dace13af ,1062426230633 ,-0.45861816 ,-0.18548584 ,-0.6613159 ,3 ,Acc ,15
3dd9e578dace13af ,1062525765060 ,-0.3623047 ,-0.100097656 ,-0.66326904 ,3 ,Acc ,15
3dd9e578dace13af ,1062626645945 ,-0.29486084 ,0.0022583008 ,-0.6281128 ,3 ,Acc ,15
3dd9e578dace13af ,1062746231570 ,-0.29345703 ,0.14117432 ,-0.6005249 ,3 ,Acc ,15
3dd9e578dace13af ,1062846192716 ,-0.394104 ,0.14898682 ,-0.6298828 ,3 ,Acc ,15
3dd9e578dace13af ,1062947097925 ,-0.42260742 ,-0.08807373 ,-0.66290283 ,3 ,Acc ,15
3dd9e578dace13af ,1063063334227 ,-0.5013428 ,-0.22332764 ,-0.6642456 ,3 ,Acc ,15
3dd9e578dace13af ,1063166562664 ,-0.5418701 ,-0.27404785 ,-0.6496582 ,3 ,Acc ,15
3dd9e578dace13af ,1063267367195 ,-0.52789307 ,-0.30023193 ,-0.62579346 ,3 ,Acc ,15
3dd9e578dace13af ,1063388486466 ,-0.4432373 ,-0.21240234 ,-0.6484375 ,3 ,Acc ,15
3dd9e578dace13af ,1063507601778 ,-0.36669922 ,-0.017028809 ,-0.6364746 ,3 ,Acc ,15
3dd9e578dace13af ,1063627633549 ,-0.2854004 ,0.11590576 ,-0.583374 ,3 ,Acc ,15
3dd9e578dace13af ,1063747649851 ,-0.34283447 ,0.20239258 ,-0.5998535 ,3 ,Acc ,15
3dd9e578dace13af ,1063803645528 ,4.1829834 ,2.330368 ,-2.7759247 ,0 ,Acc ,10
3dd9e578dace13af ,1063862956674 ,-0.43218994 ,-0.023132324 ,-0.6500244 ,3 ,Acc ,15
3dd9e578dace13af ,1063964497924 ,-0.46618652 ,-0.2076416 ,-0.64068604 ,3 ,Acc ,15
3dd9e578dace13af ,1064067690789 ,-0.56866455 ,-0.20690918 ,-0.6403198 ,3 ,Acc ,15
3dd9e578dace13af ,1064189276674 ,-0.5605469 ,-0.30529785 ,-0.5900879 ,3 ,Acc ,15
3dd9e578dace13af ,1064308464122 ,-0.48944092 ,-0.26464844 ,-0.59381104 ,3 ,Acc ,15
3dd9e578dace13af ,1064424713236 ,-0.40649414 ,-0.073913574 ,-0.61676025 ,3 ,Acc ,15
3dd9e578dace13af ,1064527955424 ,-0.3607788 ,0.08831787 ,-0.58361816 ,3 ,Acc ,15
3dd9e578dace13af ,1064648021986 ,-0.34124756 ,0.21472168 ,-0.5664673 ,3 ,Acc ,15
3dd9e578dace13af ,1064768212143 ,-0.44458008 ,0.10571289 ,-0.6178589 ,3 ,Acc ,15
3dd9e578dace13af ,1064868371570 ,-0.42730713 ,-0.18078613 ,-0.61553955 ,3 ,Acc ,15
3dd9e578dace13af ,1064990174538 ,-0.52893066 ,-0.24121094 ,-0.61590576 ,3 ,Acc ,15
3dd9e578dace13af ,1065109456622 ,-0.5593262 ,-0.2965088 ,-0.5845947 ,3 ,Acc ,15
3dd9e578dace13af ,1065229507194 ,-0.49157715 ,-0.2925415 ,-0.56573486 ,3 ,Acc ,15
3dd9e578dace13af ,1065347125319 ,-0.3972168 ,-0.12701416 ,-0.5845947 ,3 ,Acc ,15
3dd9e578dace13af ,1065449024851 ,-0.37426758 ,0.06665039 ,-0.5418701 ,3 ,Acc ,15
3dd9e578dace13af ,1065549196153 ,-0.32092285 ,0.17962646 ,-0.5062866 ,3 ,Acc ,15
3dd9e578dace13af ,1065649170632 ,-0.4013672 ,0.23529053 ,-0.52679443 ,3 ,Acc ,15
3dd9e578dace13af ,1065750074121 ,-0.46063232 ,-0.001953125 ,-0.5848999 ,3 ,Acc ,15
3dd9e578dace13af ,1065870080007 ,-0.45074463 ,-0.2680664 ,-0.57940674 ,3 ,Acc ,15
3dd9e578dace13af ,1065991011778 ,-0.53741455 ,-0.27941895 ,-0.57366943 ,3 ,Acc ,15
3dd9e578dace13af ,1066093835215 ,-0.46221924 ,-0.37384033 ,-0.54016113 ,3 ,Acc ,15
3dd9e578dace13af ,1066209832507 ,-0.40057373 ,-0.2772827 ,-0.5338135 ,3 ,Acc ,15
3dd9e578dace13af ,1066310668027 ,-0.3479004 ,-0.101379395 ,-0.52301025 ,3 ,Acc ,15
3dd9e578dace13af ,1066410054538 ,-0.31835938 ,0.05279541 ,-0.4613037 ,3 ,Acc ,15
3dd9e578dace13af ,1066527715267 ,-0.2744751 ,0.14221191 ,-0.4281006 ,3 ,Acc ,15
3dd9e578dace13af ,1066631179642 ,-0.37561035 ,0.12976074 ,-0.45703125 ,3 ,Acc ,15
3dd9e578dace13af ,1066747490579 ,-0.39227295 ,-0.1305542 ,-0.5 ,3 ,Acc ,15
3dd9e578dace13af ,1066806168913 ,1.3711243 ,5.1355743 ,-4.2465973 ,0 ,Acc ,10
3dd9e578dace13af ,1066867098340 ,-0.4970703 ,-0.23474121 ,-0.5394287 ,3 ,Acc ,15
3dd9e578dace13af ,1066967499277 ,-0.5321655 ,-0.31420898 ,-0.53466797 ,3 ,Acc ,15
3dd9e578dace13af ,1067071499173 ,-0.4925537 ,-0.4038086 ,-0.47961426 ,3 ,Acc ,15
3dd9e578dace13af ,1067191643652 ,-0.41052246 ,-0.3320923 ,-0.47039795 ,3 ,Acc ,15
3dd9e578dace13af ,1067290982454 ,-0.39074707 ,-0.114746094 ,-0.48583984 ,3 ,Acc ,15
3dd9e578dace13af ,1067406195839 ,-0.39074707 ,0.11633301 ,-0.40649414 ,3 ,Acc ,15
3dd9e578dace13af ,1067511923287 ,-0.36138916 ,0.19274902 ,-0.38464355 ,3 ,Acc ,15
3dd9e578dace13af ,1067632044121 ,-0.45666504 ,0.09259033 ,-0.45690918 ,3 ,Acc ,15
3dd9e578dace13af ,1067752229641 ,-0.44470215 ,-0.1920166 ,-0.50427246 ,3 ,Acc ,15
3dd9e578dace13af ,1067851726725 ,-0.50982666 ,-0.2746582 ,-0.513855 ,3 ,Acc ,15
3dd9e578dace13af ,1067971800423 ,-0.53881836 ,-0.3284912 ,-0.4817505 ,3 ,Acc ,15
3dd9e578dace13af ,1068071916464 ,-0.5039673 ,-0.31292725 ,-0.4623413 ,3 ,Acc ,15
3dd9e578dace13af ,1068171938183 ,-0.4519043 ,-0.18536377 ,-0.45812988 ,3 ,Acc ,15
3dd9e578dace13af ,1068272711777 ,-0.4064331 ,-0.007080078 ,-0.4262085 ,3 ,Acc ,15
3dd9e578dace13af ,1068372183495 ,-0.3637085 ,0.13226318 ,-0.3671875 ,3 ,Acc ,15
3dd9e578dace13af ,1068472968860 ,-0.34588623 ,0.21533203 ,-0.35614014 ,3 ,Acc ,15
3dd9e578dace13af ,1068594079537 ,-0.46270752 ,0.16052246 ,-0.41967773 ,3 ,Acc ,15
3dd9e578dace13af ,1068713314797 ,-0.45507813 ,-0.1618042 ,-0.48620605 ,3 ,Acc ,15
3dd9e578dace13af ,1068833251516 ,-0.5296631 ,-0.25073242 ,-0.48760986 ,3 ,Acc ,15
3dd9e578dace13af ,1068953616464 ,-0.555603 ,-0.30010986 ,-0.45776367 ,3 ,Acc ,15
3dd9e578dace13af ,1069068114172 ,-0.47003174 ,-0.3110962 ,-0.4237671 ,3 ,Acc ,15
3dd9e578dace13af ,1069172935891 ,-0.42156982 ,-0.16107178 ,-0.4151001 ,3 ,Acc ,15
3dd9e578dace13af ,1069273959172 ,-0.39086914 ,0.019042969 ,-0.3843994 ,3 ,Acc ,15
3dd9e578dace13af ,1069394953235 ,-0.33465576 ,0.16955566 ,-0.33276367 ,3 ,Acc ,15
3dd9e578dace13af ,1069514104589 ,-0.42578125 ,0.21081543 ,-0.35284424 ,3 ,Acc ,15
3dd9e578dace13af ,1069628394224 ,-0.46191406 ,-0.053833008 ,-0.41229248 ,3 ,Acc ,15
3dd9e578dace13af ,1069733633755 ,-0.4680786 ,-0.22717285 ,-0.4319458 ,3 ,Acc ,15
3dd9e578dace13af ,1069810439953 ,2.8337402 ,-0.09107971 ,1.67659 ,0 ,Acc ,10
3dd9e578dace13af ,1069848015370 ,-0.53637695 ,-0.30181885 ,-0.4128418 ,3 ,Acc ,15
3dd9e578dace13af ,1069950407714 ,-0.5038452 ,-0.3564453 ,-0.38397217 ,3 ,Acc ,15
3dd9e578dace13af ,1070053210005 ,-0.48553467 ,-0.2713623 ,-0.38568115 ,3 ,Acc ,15
3dd9e578dace13af ,1070168371932 ,-0.4066162 ,-0.088378906 ,-0.3895874 ,3 ,Acc ,15
3dd9e578dace13af ,1070270054953 ,-0.4640503 ,0.17871094 ,-0.31384277 ,3 ,Acc ,15
3dd9e578dace13af ,1070374143130 ,-0.40039063 ,0.3416748 ,-0.2786255 ,3 ,Acc ,15
3dd9e578dace13af ,1070494480057 ,-0.5048828 ,0.31298828 ,-0.3375244 ,3 ,Acc ,15
3dd9e578dace13af ,1070609528599 ,-0.5362549 ,-0.034057617 ,-0.41882324 ,3 ,Acc ,15
3dd9e578dace13af ,1070715410994 ,-0.49127197 ,-0.25164795 ,-0.41448975 ,3 ,Acc ,15
3dd9e578dace13af ,1070835473234 ,-0.6038208 ,-0.25030518 ,-0.36883545 ,3 ,Acc ,15
3dd9e578dace13af ,1070935005057 ,-0.51678467 ,-0.30718994 ,-0.33673096 ,3 ,Acc ,15
3dd9e578dace13af ,1071035740109 ,-0.42486572 ,-0.23852539 ,-0.3484497 ,3 ,Acc ,15
3dd9e578dace13af ,1071155813286 ,-0.39923096 ,0.003479004 ,-0.35327148 ,3 ,Acc ,15
3dd9e578dace13af ,1071276056567 ,-0.3852539 ,0.18969727 ,-0.2880249 ,3 ,Acc ,15
3dd9e578dace13af ,1071397154067 ,-0.40252686 ,0.2692871 ,-0.24829102 ,3 ,Acc ,15
3dd9e578dace13af ,1071516238703 ,-0.44970703 ,0.095581055 ,-0.29748535 ,3 ,Acc ,15
3dd9e578dace13af ,1071636227765 ,-0.4968872 ,-0.11956787 ,-0.35601807 ,3 ,Acc ,15
3dd9e578dace13af ,1071756172973 ,-0.5645752 ,-0.2397461 ,-0.38952637 ,3 ,Acc ,15
3dd9e578dace13af ,1071860297817 ,-0.5350342 ,-0.3001709 ,-0.3392334 ,3 ,Acc ,15
3dd9e578dace13af ,1071976117296 ,-0.50354004 ,-0.21179199 ,-0.32556152 ,3 ,Acc ,15
3dd9e578dace13af ,1072076907504 ,-0.44329834 ,-0.05645752 ,-0.32702637 ,3 ,Acc ,15
3dd9e578dace13af ,1072197986671 ,-0.43823242 ,0.17803955 ,-0.24597168 ,3 ,Acc ,15
3dd9e578dace13af ,1072317126515 ,-0.41937256 ,0.30145264 ,-0.19750977 ,3 ,Acc ,15
3dd9e578dace13af ,1072437200421 ,-0.5170288 ,0.1572876 ,-0.2786255 ,3 ,Acc ,15
3dd9e578dace13af ,1072556234431 ,-0.4413452 ,-0.18621826 ,-0.3192749 ,3 ,Acc ,15
3dd9e578dace13af ,1072656267400 ,-0.46343994 ,-0.26678467 ,-0.28857422 ,3 ,Acc ,15
3dd9e578dace13af ,1072756853285 ,-0.5480957 ,-0.270813 ,-0.26385498 ,3 ,Acc ,15
3dd9e578dace13af ,1072813673285 ,8.061615 ,0.24739075 ,1.7445831 ,0 ,Acc ,10
3dd9e578dace13af ,1072873368025 ,-0.45062256 ,-0.29937744 ,-0.24835205 ,3 ,Acc ,15
3dd9e578dace13af ,1072977114952 ,-0.42071533 ,-0.15722656 ,-0.26342773 ,3 ,Acc ,15
3dd9e578dace13af ,1073077952921 ,-0.4406128 ,0.07635498 ,-0.2588501 ,3 ,Acc ,15
3dd9e578dace13af ,1073554637816 ,-0.49493408 ,-0.11315918 ,-0.28875732 ,3 ,Acc ,15
3dd9e578dace13af ,1073672764431 ,-0.52941895 ,-0.23303223 ,-0.25506592 ,3 ,Acc ,15
3dd9e578dace13af ,1073778041254 ,-0.5130615 ,-0.28961182 ,-0.2154541 ,3 ,Acc ,15
3dd9e578dace13af ,1073878987712 ,-0.48919678 ,-0.2579956 ,-0.21057129 ,3 ,Acc ,15
3dd9e578dace13af ,1073999977920 ,-0.43292236 ,-0.08703613 ,-0.2277832 ,3 ,Acc ,15
3dd9e578dace13af ,1074119009379 ,-0.493042 ,0.19537354 ,-0.18084717 ,3 ,Acc ,15
3dd9e578dace13af ,1074239196670 ,-0.4300537 ,0.3720703 ,-0.14471436 ,3 ,Acc ,15
3dd9e578dace13af ,1074359365212 ,-0.5172119 ,0.3095703 ,-0.17834473 ,3 ,Acc ,15
3dd9e578dace13af ,1074479506618 ,-0.5493164 ,0.017944336 ,-0.23046875 ,3 ,Acc ,15
3dd9e578dace13af ,1074578859639 ,-0.56036377 ,-0.1373291 ,-0.26617432 ,3 ,Acc ,15
3dd9e578dace13af ,1074679593024 ,-0.611084 ,-0.17626953 ,-0.23162842 ,3 ,Acc ,15
3dd9e578dace13af ,1074779127555 ,-0.5730591 ,-0.20123291 ,-0.19396973 ,3 ,Acc ,15
3dd9e578dace13af ,1074879948024 ,-0.5336914 ,-0.11682129 ,-0.19213867 ,3 ,Acc ,15
3dd9e578dace13af ,1075000024691 ,-0.510376 ,0.103759766 ,-0.20507813 ,3 ,Acc ,15
3dd9e578dace13af ,1075119514170 ,-0.46661377 ,0.2972412 ,-0.16210938 ,3 ,Acc ,15
3dd9e578dace13af ,1075238051930 ,-0.4397583 ,0.41156006 ,-0.14099121 ,3 ,Acc ,15
3dd9e578dace13af ,1075339702659 ,-0.5609131 ,0.36663818 ,-0.1531372 ,3 ,Acc ,15
3dd9e578dace13af ,1075440582920 ,-0.64038086 ,0.16589355 ,-0.19818115 ,3 ,Acc ,15
3dd9e578dace13af ,1075539959378 ,-0.64276123 ,-0.008178711 ,-0.22912598 ,3 ,Acc ,15
3dd9e578dace13af ,1075640624274 ,-0.74005127 ,-0.045898438 ,-0.22570801 ,3 ,Acc ,15
3dd9e578dace13af ,1075740199951 ,-0.76690674 ,-0.043395996 ,-0.21612549 ,3 ,Acc ,15
3dd9e578dace13af ,1075833928128 ,12.25058 ,5.4256287 ,4.1778564 ,0 ,Acc ,10
3dd9e578dace13af ,1075855866670 ,-0.73895264 ,0.07458496 ,-0.19311523 ,3 ,Acc ,15
3dd9e578dace13af ,1075961130940 ,-0.6660156 ,0.24353027 ,-0.19573975 ,3 ,Acc ,15
3dd9e578dace13af ,1076081208024 ,-0.5844116 ,0.42218018 ,-0.17541504 ,3 ,Acc ,15
3dd9e578dace13af ,1076202315576 ,-0.5437622 ,0.49499512 ,-0.18652344 ,3 ,Acc ,15
3dd9e578dace13af ,1076321534794 ,-0.6717529 ,0.39544678 ,-0.22143555 ,3 ,Acc ,15
3dd9e578dace13af ,1076420869378 ,-0.7258911 ,0.1887207 ,-0.25598145 ,3 ,Acc ,15
3dd9e578dace13af ,1076521615628 ,-0.7525635 ,0.06744385 ,-0.24145508 ,3 ,Acc ,15
3dd9e578dace13af ,1076641850888 ,-0.8338623 ,0.017150879 ,-0.2029419 ,3 ,Acc ,15
3dd9e578dace13af ,1076744041930 ,-0.82769775 ,-0.042663574 ,-0.1807251 ,3 ,Acc ,15
3dd9e578dace13af ,1076861277867 ,-0.8004761 ,0.062194824 ,-0.17016602 ,3 ,Acc ,15
3dd9e578dace13af ,1076962146044 ,-0.741333 ,0.17327881 ,-0.21984863 ,3 ,Acc ,15
3dd9e578dace13af ,1077082153648 ,-0.68829346 ,0.30194092 ,-0.25439453 ,3 ,Acc ,15
3dd9e578dace13af ,1077201940575 ,-0.6359863 ,0.40942383 ,-0.2744751 ,3 ,Acc ,15
3dd9e578dace13af ,1077322516304 ,-0.70770264 ,0.4206543 ,-0.2562256 ,3 ,Acc ,15
3dd9e578dace13af ,1077421944169 ,-0.75457764 ,0.2734375 ,-0.22790527 ,3 ,Acc ,15
3dd9e578dace13af ,1077522839794 ,-0.7769165 ,0.13867188 ,-0.20703125 ,3 ,Acc ,15
3dd9e578dace13af ,1077642850159 ,-0.80682373 ,0.0670166 ,-0.16040039 ,3 ,Acc ,15
3dd9e578dace13af ,1077742327815 ,-0.7991333 ,0.039489746 ,-0.13348389 ,3 ,Acc ,15
3dd9e578dace13af ,1077843231461 ,-0.7652588 ,0.04119873 ,-0.14819336 ,3 ,Acc ,15
3dd9e578dace13af ,1077963173127 ,-0.71899414 ,0.1585083 ,-0.17858887 ,3 ,Acc ,15
3dd9e578dace13af ,1078083356408 ,-0.6798096 ,0.33166504 ,-0.20935059 ,3 ,Acc ,15
3dd9e578dace13af ,1078183224794 ,-0.6345215 ,0.4434204 ,-0.19207764 ,3 ,Acc ,15
3dd9e578dace13af ,1078303295106 ,-0.59106445 ,0.48028564 ,-0.20202637 ,3 ,Acc ,15
3dd9e578dace13af ,1078404847450 ,-0.70288086 ,0.43518066 ,-0.16229248 ,3 ,Acc ,15
3dd9e578dace13af ,1078523773752 ,-0.7321167 ,0.41375732 ,-0.0892334 ,3 ,Acc ,15
3dd9e578dace13af ,1078643996564 ,-0.66918945 ,0.5076294 ,-0.02935791 ,3 ,Acc ,15
3dd9e578dace13af ,1078743869116 ,-0.55688477 ,0.6098633 ,0.0134887695 ,3 ,Acc ,15
3dd9e578dace13af ,1078844197241 ,-0.39453125 ,0.7037964 ,0.04309082 ,3 ,Acc ,15
3dd9e578dace13af ,1078840829116 ,10.422562 ,-3.4209137 ,7.755966 ,0 ,Acc ,10
3dd9e578dace13af ,1078963208700 ,-0.25952148 ,0.7437744 ,0.078552246 ,3 ,Acc ,15
3dd9e578dace13af ,1079064226460 ,-0.18286133 ,0.74261475 ,0.10296631 ,3 ,Acc ,15
3dd9e578dace13af ,1079164466877 ,-0.16003418 ,0.7347412 ,0.12872314 ,3 ,Acc ,15
3dd9e578dace13af ,1079264363335 ,-0.16314697 ,0.7338867 ,0.15905762 ,3 ,Acc ,15
3dd9e578dace13af ,1079364841356 ,-0.15167236 ,0.74298096 ,0.14318848 ,3 ,Acc ,15
3dd9e578dace13af ,1079484942137 ,-0.14849854 ,0.75250244 ,0.09893799 ,3 ,Acc ,15
3dd9e578dace13af ,1079605994481 ,-0.15557861 ,0.74731445 ,0.05633545 ,3 ,Acc ,15
3dd9e578dace13af ,1079725058960 ,-0.17993164 ,0.7461548 ,0.050354004 ,3 ,Acc ,15
3dd9e578dace13af ,1079845466824 ,-0.19989014 ,0.74572754 ,0.03552246 ,3 ,Acc ,15
3dd9e578dace13af ,1079965334324 ,-0.18579102 ,0.7385864 ,0.022583008 ,3 ,Acc ,15
3dd9e578dace13af ,1080064871512 ,-0.18444824 ,0.73846436 ,0.023620605 ,3 ,Acc ,15
3dd9e578dace13af ,1080165437501 ,-0.17828369 ,0.7442627 ,0.05053711 ,3 ,Acc ,15
3dd9e578dace13af ,1080265014428 ,-0.15203857 ,0.74108887 ,0.09790039 ,3 ,Acc ,15
3dd9e578dace13af ,1080365774532 ,-0.11413574 ,0.7296753 ,0.14050293 ,3 ,Acc ,15
3dd9e578dace13af ,1080465206980 ,-0.09039307 ,0.7122803 ,0.19262695 ,3 ,Acc ,15
3dd9e578dace13af ,1080566070157 ,-0.07232666 ,0.6856079 ,0.2539673 ,3 ,Acc ,15
3dd9e578dace13af ,1080685846824 ,-0.054748535 ,0.65374756 ,0.29467773 ,3 ,Acc ,15
3dd9e578dace13af ,1080785600105 ,-0.01953125 ,0.6385498 ,0.30065918 ,3 ,Acc ,15
3dd9e578dace13af ,1080886514011 ,-0.010314941 ,0.6390991 ,0.29718018 ,3 ,Acc ,15
3dd9e578dace13af ,1081007511095 ,-0.0012207031 ,0.6514282 ,0.28186035 ,3 ,Acc ,15
3dd9e578dace13af ,1081126686459 ,0.0012207031 ,0.6583252 ,0.27319336 ,3 ,Acc ,15
3dd9e578dace13af ,1081226048334 ,-0.0025634766 ,0.6586914 ,0.2645874 ,3 ,Acc ,15
3dd9e578dace13af ,1081326836199 ,0.011047363 ,0.65649414 ,0.25164795 ,3 ,Acc ,15
3dd9e578dace13af ,1081445553803 ,0.026550293 ,0.66064453 ,0.23095703 ,3 ,Acc ,15
