3dd9e578dace13af ,729007798783 ,6.150299 ,-9.045898 ,8.403809 ,0 ,Acc ,10
3dd9e578dace13af ,729119146387 ,0.67041016 ,-0.074401855 ,-0.7364502 ,3 ,Acc ,15
3dd9e578dace13af ,729240369356 ,0.635437 ,0.11895752 ,-0.7158203 ,3 ,Acc ,15
3dd9e578dace13af ,729341297325 ,0.5673828 ,0.18353271 ,-0.67785645 ,3 ,Acc ,15
3dd9e578dace13af ,729460115189 ,0.5557251 ,0.22540283 ,-0.675354 ,3 ,Acc ,15
3dd9e578dace13af ,729559840293 ,0.58154297 ,0.2411499 ,-0.668396 ,3 ,Acc ,15
3dd9e578dace13af ,729666237689 ,0.60253906 ,0.2642212 ,-0.6697998 ,3 ,Acc ,15
3dd9e578dace13af ,729786487741 ,0.5858154 ,0.26953125 ,-0.6906128 ,3 ,Acc ,15
3dd9e578dace13af ,729885942377 ,0.5593872 ,0.22747803 ,-0.7194214 ,3 ,Acc ,15
3dd9e578dace13af ,729986540606 ,0.5698242 ,0.14251709 ,-0.7262573 ,3 ,Acc ,15
3dd9e578dace13af ,730086086856 ,0.61047363 ,0.053710938 ,-0.7088623 ,3 ,Acc ,15
3dd9e578dace13af ,730186847376 ,0.66223145 ,-0.014038086 ,-0.6861572 ,3 ,Acc ,15
3dd9e578dace13af ,730306965137 ,0.68725586 ,-0.053894043 ,-0.6654663 ,3 ,Acc ,15
3dd9e578dace13af ,730408053001 ,0.69299316 ,0.048461914 ,-0.6586304 ,3 ,Acc ,15
3dd9e578dace13af ,730526711751 ,0.5881958 ,0.15783691 ,-0.69573975 ,3 ,Acc ,15
3dd9e578dace13af ,730627281439 ,0.53533936 ,0.2119751 ,-0.7090454 ,3 ,Acc ,15
3dd9e578dace13af ,730726776960 ,0.5527344 ,0.33288574 ,-0.6838989 ,3 ,Acc ,15
3dd9e578dace13af ,730827568470 ,0.5303955 ,0.36395264 ,-0.6950073 ,3 ,Acc ,15
3dd9e578dace13af ,730927054772 ,0.58880615 ,0.35229492 ,-0.6776123 ,3 ,Acc ,15
3dd9e578dace13af ,731027735605 ,0.6826172 ,0.27679443 ,-0.6399536 ,3 ,Acc ,15
3dd9e578dace13af ,731127214824 ,0.74243164 ,0.17718506 ,-0.61065674 ,3 ,Acc ,15
3dd9e578dace13af ,731227941699 ,0.77038574 ,0.068481445 ,-0.59368896 ,3 ,Acc ,15
3dd9e578dace13af ,731348031230 ,0.79522705 ,0.0072631836 ,-0.5604248 ,3 ,Acc ,15
3dd9e578dace13af ,731468208313 ,0.7937622 ,0.10699463 ,-0.5605469 ,3 ,Acc ,15
3dd9e578dace13af ,731567767220 ,0.6878052 ,0.16503906 ,-0.64019775 ,3 ,Acc ,15
3dd9e578dace13af ,731687841907 ,0.5765381 ,0.22796631 ,-0.69976807 ,3 ,Acc ,15
3dd9e578dace13af ,731788705084 ,0.50805664 ,0.26519775 ,-0.7387085 ,3 ,Acc ,15
3dd9e578dace13af ,731888139407 ,0.42736816 ,0.20184326 ,-0.78448486 ,3 ,Acc ,15
3dd9e578dace13af ,731988739303 ,0.43792725 ,0.118774414 ,-0.78967285 ,3 ,Acc ,15
3dd9e578dace13af ,732025003990 ,19.098495 ,-0.094451904 ,-4.3524933 ,0 ,Acc ,10
3dd9e578dace13af ,732103058990 ,0.49993896 ,-0.032714844 ,-0.7510376 ,3 ,Acc ,15
3dd9e578dace13af ,732206576022 ,0.59887695 ,-0.09613037 ,-0.70410156 ,3 ,Acc ,15
3dd9e578dace13af ,732328031751 ,0.71502686 ,-0.12640381 ,-0.6402588 ,3 ,Acc ,15
3dd9e578dace13af ,732429234146 ,0.732666 ,-0.07519531 ,-0.6463623 ,3 ,Acc ,15
3dd9e578dace13af ,732549406126 ,0.5765381 ,-0.024597168 ,-0.7486572 ,3 ,Acc ,15
3dd9e578dace13af ,732648895396 ,0.45544434 ,0.03149414 ,-0.7919922 ,3 ,Acc ,15
3dd9e578dace13af ,732749434823 ,0.37542725 ,0.081848145 ,-0.814209 ,3 ,Acc ,15
3dd9e578dace13af ,732869781542 ,0.28167725 ,0.0045776367 ,-0.8440552 ,3 ,Acc ,15
3dd9e578dace13af ,732989386490 ,0.26586914 ,-0.14538574 ,-0.81207275 ,3 ,Acc ,15
3dd9e578dace13af ,733089444719 ,0.39587402 ,-0.19769287 ,-0.77801514 ,3 ,Acc ,15
3dd9e578dace13af ,733188662323 ,0.53948975 ,-0.2043457 ,-0.76672363 ,3 ,Acc ,15
3dd9e578dace13af ,733288795188 ,0.6071167 ,-0.2434082 ,-0.7359619 ,3 ,Acc ,15
3dd9e578dace13af ,733390316334 ,0.60479736 ,-0.18023682 ,-0.7540283 ,3 ,Acc ,15
3dd9e578dace13af ,733510435813 ,0.45806885 ,-0.14746094 ,-0.80096436 ,3 ,Acc ,15
3dd9e578dace13af ,733611552323 ,0.37139893 ,-0.078186035 ,-0.8208008 ,3 ,Acc ,15
3dd9e578dace13af ,733730166281 ,0.2770996 ,-0.039611816 ,-0.83862305 ,3 ,Acc ,15
3dd9e578dace13af ,733830840240 ,0.21887207 ,-0.09100342 ,-0.8406372 ,3 ,Acc ,15
3dd9e578dace13af ,733950954927 ,0.26885986 ,-0.18786621 ,-0.8296509 ,3 ,Acc ,15
3dd9e578dace13af ,734071060344 ,0.3972168 ,-0.25408936 ,-0.8165283 ,3 ,Acc ,15
3dd9e578dace13af ,734191165031 ,0.47320557 ,-0.29992676 ,-0.8046875 ,3 ,Acc ,15
3dd9e578dace13af ,734311261073 ,0.52337646 ,-0.27252197 ,-0.7890625 ,3 ,Acc ,15
3dd9e578dace13af ,734411981281 ,0.47369385 ,-0.19812012 ,-0.82263184 ,3 ,Acc ,15
3dd9e578dace13af ,734530962844 ,0.32336426 ,-0.19458008 ,-0.83758545 ,3 ,Acc ,15
3dd9e578dace13af ,734650972114 ,0.24127197 ,-0.09899902 ,-0.85601807 ,3 ,Acc ,15
3dd9e578dace13af ,734751864041 ,0.15301514 ,-0.115478516 ,-0.85601807 ,3 ,Acc ,15
3dd9e578dace13af ,734871900708 ,0.2296753 ,-0.09503174 ,-0.8731079 ,3 ,Acc ,15
3dd9e578dace13af ,734989863989 ,0.29058838 ,-0.24328613 ,-0.84173584 ,3 ,Acc ,15
3dd9e578dace13af ,735028388260 ,15.1770935 ,-3.8209686 ,-5.541321 ,0 ,Acc ,10
3dd9e578dace13af ,735106342062 ,0.38745117 ,-0.30419922 ,-0.82806396 ,3 ,Acc ,15
3dd9e578dace13af ,735209809614 ,0.46655273 ,-0.328125 ,-0.8017578 ,3 ,Acc ,15
3dd9e578dace13af ,735312349927 ,0.5140991 ,-0.23980713 ,-0.8138428 ,3 ,Acc ,15
3dd9e578dace13af ,735432528885 ,0.39923096 ,-0.19500732 ,-0.85650635 ,3 ,Acc ,15
3dd9e578dace13af ,735552628833 ,0.25616455 ,-0.16394043 ,-0.87042236 ,3 ,Acc ,15
3dd9e578dace13af ,735652217895 ,0.18511963 ,-0.10101318 ,-0.87994385 ,3 ,Acc ,15
3dd9e578dace13af ,735752893468 ,0.14324951 ,-0.101623535 ,-0.88720703 ,3 ,Acc ,15
3dd9e578dace13af ,735852521228 ,0.1529541 ,-0.17041016 ,-0.88165283 ,3 ,Acc ,15
3dd9e578dace13af ,735972501281 ,0.25964355 ,-0.2732544 ,-0.8467407 ,3 ,Acc ,15
3dd9e578dace13af ,736073187687 ,0.38739014 ,-0.27941895 ,-0.84198 ,3 ,Acc ,15
3dd9e578dace13af ,736193363364 ,0.47558594 ,-0.30908203 ,-0.81347656 ,3 ,Acc ,15
3dd9e578dace13af ,736313335499 ,0.4675293 ,-0.22424316 ,-0.8434448 ,3 ,Acc ,15
3dd9e578dace13af ,736414608312 ,0.35803223 ,-0.21038818 ,-0.86950684 ,3 ,Acc ,15
3dd9e578dace13af ,736533153103 ,0.24316406 ,-0.15240479 ,-0.8842163 ,3 ,Acc ,15
3dd9e578dace13af ,736633815655 ,0.16802979 ,-0.11651611 ,-0.89331055 ,3 ,Acc ,15
3dd9e578dace13af ,736753998259 ,0.12023926 ,-0.15386963 ,-0.894104 ,3 ,Acc ,15
3dd9e578dace13af ,736874097113 ,0.17626953 ,-0.2423706 ,-0.8810425 ,3 ,Acc ,15
3dd9e578dace13af ,736991720291 ,0.29486084 ,-0.30047607 ,-0.8644409 ,3 ,Acc ,15
3dd9e578dace13af ,737091744509 ,0.37286377 ,-0.3274536 ,-0.84802246 ,3 ,Acc ,15
3dd9e578dace13af ,737194384926 ,0.43084717 ,-0.32147217 ,-0.8322754 ,3 ,Acc ,15
3dd9e578dace13af ,737293906697 ,0.42767334 ,-0.25054932 ,-0.8597412 ,3 ,Acc ,15
3dd9e578dace13af ,737395138520 ,0.33776855 ,-0.2581787 ,-0.8798828 ,3 ,Acc ,15
3dd9e578dace13af ,737515232947 ,0.22332764 ,-0.21832275 ,-0.9038696 ,3 ,Acc ,15
3dd9e578dace13af ,737615867894 ,0.13348389 ,-0.19476318 ,-0.90734863 ,3 ,Acc ,15
3dd9e578dace13af ,737734445342 ,0.08544922 ,-0.20715332 ,-0.90289307 ,3 ,Acc ,15
3dd9e578dace13af ,737835675863 ,0.11413574 ,-0.26965332 ,-0.8918457 ,3 ,Acc ,15
3dd9e578dace13af ,737955700655 ,0.23516846 ,-0.32452393 ,-0.87561035 ,3 ,Acc ,15
3dd9e578dace13af ,738030092113 ,14.102249 ,-7.9233093 ,-6.1308594 ,0 ,Acc ,10
3dd9e578dace13af ,738069950186 ,0.3444214 ,-0.3302002 ,-0.8673096 ,3 ,Acc ,15
3dd9e578dace13af ,738170212790 ,0.40014648 ,-0.31988525 ,-0.8551636 ,3 ,Acc ,15
3dd9e578dace13af ,738276093155 ,0.39068604 ,-0.24334717 ,-0.8843384 ,3 ,Acc ,15
3dd9e578dace13af ,738396218102 ,0.29437256 ,-0.23522949 ,-0.9069824 ,3 ,Acc ,15
3dd9e578dace13af ,738516319040 ,0.18695068 ,-0.17138672 ,-0.92596436 ,3 ,Acc ,15
3dd9e578dace13af ,738636412842 ,0.07305908 ,-0.17962646 ,-0.91467285 ,3 ,Acc ,15
3dd9e578dace13af ,738756608363 ,0.085510254 ,-0.21099854 ,-0.9189453 ,3 ,Acc ,15
3dd9e578dace13af ,738876712686 ,0.18164063 ,-0.30145264 ,-0.8989258 ,3 ,Acc ,15
3dd9e578dace13af ,738997340394 ,0.31134033 ,-0.30706787 ,-0.8903198 ,3 ,Acc ,15
3dd9e578dace13af ,739116949717 ,0.39886475 ,-0.2902832 ,-0.86968994 ,3 ,Acc ,15
3dd9e578dace13af ,739237111383 ,0.40039063 ,-0.18463135 ,-0.89715576 ,3 ,Acc ,15
3dd9e578dace13af ,739357252529 ,0.29833984 ,-0.19140625 ,-0.923645 ,3 ,Acc ,15
3dd9e578dace13af ,739477172425 ,0.16516113 ,-0.19415283 ,-0.93481445 ,3 ,Acc ,15
3dd9e578dace13af ,739593484717 ,0.039245605 ,-0.20257568 ,-0.9277954 ,3 ,Acc ,15
3dd9e578dace13af ,739694348467 ,0.022888184 ,-0.23706055 ,-0.9238281 ,3 ,Acc ,15
3dd9e578dace13af ,739797301331 ,0.08605957 ,-0.319458 ,-0.9057007 ,3 ,Acc ,15
3dd9e578dace13af ,739912219716 ,0.23687744 ,-0.3209839 ,-0.9043579 ,3 ,Acc ,15
3dd9e578dace13af ,740017625341 ,0.33221436 ,-0.303833 ,-0.89263916 ,3 ,Acc ,15
3dd9e578dace13af ,740117572841 ,0.3927002 ,-0.29345703 ,-0.87042236 ,3 ,Acc ,15
3dd9e578dace13af ,740218676175 ,0.37322998 ,-0.22924805 ,-0.89886475 ,3 ,Acc ,15
3dd9e578dace13af ,740317830810 ,0.28338623 ,-0.2559204 ,-0.9179077 ,3 ,Acc ,15
3dd9e578dace13af ,740418941748 ,0.20452881 ,-0.19854736 ,-0.94055176 ,3 ,Acc ,15
3dd9e578dace13af ,740537495445 ,0.103271484 ,-0.1685791 ,-0.944397 ,3 ,Acc ,15
3dd9e578dace13af ,740638032477 ,0.051635742 ,-0.19329834 ,-0.9380493 ,3 ,Acc ,15
3dd9e578dace13af ,740758046800 ,0.09210205 ,-0.25769043 ,-0.9337158 ,3 ,Acc ,15
3dd9e578dace13af ,740857783831 ,0.19042969 ,-0.3140869 ,-0.9177246 ,3 ,Acc ,15
3dd9e578dace13af ,740958426435 ,0.2836914 ,-0.30456543 ,-0.90893555 ,3 ,Acc ,15
3dd9e578dace13af ,741035252529 ,16.30806 ,-7.6647034 ,-6.405014 ,0 ,Acc ,10
3dd9e578dace13af ,741072767216 ,0.36236572 ,-0.29864502 ,-0.88067627 ,3 ,Acc ,15
3dd9e578dace13af ,741178338154 ,-0.69415283 ,-0.3100586 ,-0.55914307 ,3 ,Acc ,15
3dd9e578dace13af ,741298233831 ,-0.7163696 ,-0.44903564 ,-0.46374512 ,3 ,Acc ,15
3dd9e578dace13af ,741399034820 ,-0.73223877 ,-0.53100586 ,-0.38275146 ,3 ,Acc ,15
3dd9e578dace13af ,741518035080 ,-0.7583618 ,-0.56469727 ,-0.30413818 ,3 ,Acc ,15
3dd9e578dace13af ,741620166435 ,-0.76605225 ,-0.57733154 ,-0.25170898 ,3 ,Acc ,15
3dd9e578dace13af ,741738021799 ,-0.75109863 ,-0.5609741 ,-0.27801514 ,3 ,Acc ,15
3dd9e578dace13af ,741839354664 ,-0.72125244 ,-0.50720215 ,-0.35864258 ,3 ,Acc ,15
3dd9e578dace13af ,741939152684 ,-0.72387695 ,-0.3840332 ,-0.4517212 ,3 ,Acc ,15
3dd9e578dace13af ,742059125809 ,-0.7067261 ,-0.2897339 ,-0.5152588 ,3 ,Acc ,15
3dd9e578dace13af ,742159444924 ,-0.7344971 ,-0.23034668 ,-0.55841064 ,3 ,Acc ,15
3dd9e578dace13af ,742258722320 ,-0.7523804 ,-0.3536377 ,-0.4677124 ,3 ,Acc ,15
3dd9e578dace13af ,742359445601 ,-0.7529907 ,-0.47631836 ,-0.35705566 ,3 ,Acc ,15
3dd9e578dace13af ,742459420601 ,-0.78479004 ,-0.49731445 ,-0.33044434 ,3 ,Acc ,15
3dd9e578dace13af ,742560447215 ,-0.7833252 ,-0.5420532 ,-0.2565918 ,3 ,Acc ,15
3dd9e578dace13af ,742680349715 ,-0.774353 ,-0.53723145 ,-0.24273682 ,3 ,Acc ,15
3dd9e578dace13af ,742800600340 ,-0.74328613 ,-0.47698975 ,-0.322937 ,3 ,Acc ,15
3dd9e578dace13af ,742920589820 ,-0.74072266 ,-0.34753418 ,-0.4177246 ,3 ,Acc ,15
3dd9e578dace13af ,743021757632 ,-0.71917725 ,-0.26861572 ,-0.46795654 ,3 ,Acc ,15
3dd9e578dace13af ,743139429038 ,-0.75006104 ,-0.23583984 ,-0.5238037 ,3 ,Acc ,15
3dd9e578dace13af ,743239026121 ,-0.77526855 ,-0.3572998 ,-0.44500732 ,3 ,Acc ,15
3dd9e578dace13af ,743340580965 ,-0.7852173 ,-0.45166016 ,-0.36706543 ,3 ,Acc ,15
3dd9e578dace13af ,743441224090 ,-0.793396 ,-0.49768066 ,-0.32702637 ,3 ,Acc ,15
3dd9e578dace13af ,743561352423 ,-0.7996216 ,-0.52282715 ,-0.26104736 ,3 ,Acc ,15
3dd9e578dace13af ,743660961955 ,-0.80340576 ,-0.48760986 ,-0.27313232 ,3 ,Acc ,15
3dd9e578dace13af ,743761513778 ,-0.78082275 ,-0.43493652 ,-0.32061768 ,3 ,Acc ,15
3dd9e578dace13af ,743860965184 ,-0.77685547 ,-0.32025146 ,-0.40252686 ,3 ,Acc ,15
3dd9e578dace13af ,743961726694 ,-0.7623291 ,-0.21148682 ,-0.45568848 ,3 ,Acc ,15
3dd9e578dace13af ,744038459507 ,0.62789917 ,3.9058533 ,-0.3184204 ,0 ,Acc ,10
3dd9e578dace13af ,744076006798 ,-0.7686157 ,-0.1619873 ,-0.5119629 ,3 ,Acc ,15
3dd9e578dace13af ,744180288829 ,-0.78338623 ,-0.30187988 ,-0.44213867 ,3 ,Acc ,15
3dd9e578dace13af ,744716702579 ,-0.7949219 ,-0.43615723 ,-0.2715454 ,3 ,Acc ,15
3dd9e578dace13af ,744823666642 ,-0.79608154 ,-0.31201172 ,-0.37091064 ,3 ,Acc ,15
3dd9e578dace13af ,744922770131 ,-0.7860718 ,-0.19146729 ,-0.4257202 ,3 ,Acc ,15
3dd9e578dace13af ,745023716329 ,-0.7625122 ,-0.15185547 ,-0.4673462 ,3 ,Acc ,15
3dd9e578dace13af ,745123035652 ,-0.78900146 ,-0.22039795 ,-0.45147705 ,3 ,Acc ,15
3dd9e578dace13af ,745224097058 ,-0.8128662 ,-0.3534546 ,-0.35357666 ,3 ,Acc ,15
3dd9e578dace13af ,745342682423 ,-0.8248291 ,-0.43792725 ,-0.2808838 ,3 ,Acc ,15
3dd9e578dace13af ,745443436902 ,-0.8312378 ,-0.46710205 ,-0.2208252 ,3 ,Acc ,15
3dd9e578dace13af ,745542880287 ,-0.829834 ,-0.47125244 ,-0.19647217 ,3 ,Acc ,15
3dd9e578dace13af ,745660514193 ,-0.82092285 ,-0.4111328 ,-0.24414063 ,3 ,Acc ,15
3dd9e578dace13af ,745763704610 ,-0.80578613 ,-0.30706787 ,-0.32983398 ,3 ,Acc ,15
3dd9e578dace13af ,745877974089 ,-0.79937744 ,-0.14801025 ,-0.39868164 ,3 ,Acc ,15
3dd9e578dace13af ,745983353464 ,-0.7807617 ,-0.08520508 ,-0.43310547 ,3 ,Acc ,15
3dd9e578dace13af ,746084050600 ,-0.8102417 ,-0.122802734 ,-0.44781494 ,3 ,Acc ,15
3dd9e578dace13af ,746204180652 ,-0.8373413 ,-0.30651855 ,-0.36535645 ,3 ,Acc ,15
3dd9e578dace13af ,746323717214 ,-0.84088135 ,-0.41833496 ,-0.26837158 ,3 ,Acc ,15
3dd9e578dace13af ,746425436954 ,-0.85595703 ,-0.43414307 ,-0.22479248 ,3 ,Acc ,15
3dd9e578dace13af ,746544011693 ,-0.85980225 ,-0.44244385 ,-0.1864624 ,3 ,Acc ,15
3dd9e578dace13af ,746663279610 ,-0.8544922 ,-0.3861084 ,-0.21911621 ,3 ,Acc ,15
3dd9e578dace13af ,746764770599 ,-0.8317261 ,-0.2991333 ,-0.30682373 ,3 ,Acc ,15
3dd9e578dace13af ,746884941745 ,-0.8138428 ,-0.16210938 ,-0.38891602 ,3 ,Acc ,15
3dd9e578dace13af ,747001604297 ,-0.7819214 ,-0.081604004 ,-0.40820313 ,3 ,Acc ,15
3dd9e578dace13af ,747039391224 ,2.351532 ,4.5713196 ,1.1933594 ,0 ,Acc ,10
3dd9e578dace13af ,747120912370 ,-0.8206177 ,-0.06567383 ,-0.39868164 ,3 ,Acc ,15
3dd9e578dace13af ,747226303412 ,-0.8473511 ,-0.17962646 ,-0.31152344 ,3 ,Acc ,15
3dd9e578dace13af ,747344863724 ,-0.84490967 ,-0.31256104 ,-0.21258545 ,3 ,Acc ,15
3dd9e578dace13af ,747463887162 ,-0.8529663 ,-0.37078857 ,-0.13500977 ,3 ,Acc ,15
3dd9e578dace13af ,747565678776 ,-0.7675171 ,-0.43762207 ,0.0099487305 ,3 ,Acc ,15
3dd9e578dace13af ,747685760130 ,-0.72442627 ,-0.44232178 ,0.043701172 ,3 ,Acc ,15
3dd9e578dace13af ,747806021797 ,-0.6746216 ,-0.38006592 ,0.0524292 ,3 ,Acc ,15
3dd9e578dace13af ,747926032682 ,-0.64660645 ,-0.30743408 ,0.04626465 ,3 ,Acc ,15
3dd9e578dace13af ,748027167838 ,-0.630249 ,-0.27471924 ,0.05065918 ,3 ,Acc ,15
3dd9e578dace13af ,748145716693 ,-0.55218506 ,-0.29473877 ,0.1508789 ,3 ,Acc ,15
3dd9e578dace13af ,748246361849 ,-0.43737793 ,-0.31115723 ,0.29919434 ,3 ,Acc ,15
3dd9e578dace13af ,748345866120 ,-0.28485107 ,-0.31414795 ,0.42193604 ,3 ,Acc ,15
3dd9e578dace13af ,748446561849 ,-0.23181152 ,-0.27282715 ,0.5604248 ,3 ,Acc ,15
3dd9e578dace13af ,748560942057 ,-0.19085693 ,-0.19781494 ,0.68603516 ,3 ,Acc ,15
3dd9e578dace13af ,748660407109 ,-0.12164307 ,-0.1640625 ,0.6862793 ,3 ,Acc ,15
3dd9e578dace13af ,748761072734 ,-0.014526367 ,-0.15435791 ,0.6515503 ,3 ,Acc ,15
3dd9e578dace13af ,748860860078 ,0.036132813 ,-0.19946289 ,0.5932007 ,3 ,Acc ,15
3dd9e578dace13af ,748961373098 ,0.1159668 ,-0.23999023 ,0.52349854 ,3 ,Acc ,15
3dd9e578dace13af ,749081403150 ,0.23217773 ,-0.2625122 ,0.48254395 ,3 ,Acc ,15
3dd9e578dace13af ,749181060025 ,0.25421143 ,-0.28137207 ,0.4909668 ,3 ,Acc ,15
3dd9e578dace13af ,749281595078 ,0.23712158 ,-0.24224854 ,0.5529785 ,3 ,Acc ,15
3dd9e578dace13af ,749381284400 ,0.17376709 ,-0.16882324 ,0.62683105 ,3 ,Acc ,15
3dd9e578dace13af ,749481932994 ,0.13195801 ,-0.08746338 ,0.6954956 ,3 ,Acc ,15
3dd9e578dace13af ,749581452942 ,0.13165283 ,-0.007507324 ,0.75115967 ,3 ,Acc ,15
3dd9e578dace13af ,749682117317 ,0.099853516 ,0.0065307617 ,0.75579834 ,3 ,Acc ,15
3dd9e578dace13af ,749802364921 ,0.04559326 ,-0.09088135 ,0.697937 ,3 ,Acc ,15
3dd9e578dace13af ,749922271640 ,0.16815186 ,-0.1373291 ,0.6444702 ,3 ,Acc ,15
3dd9e578dace13af ,750022623775 ,0.22833252 ,-0.203125 ,0.6064453 ,3 ,Acc ,15
3dd9e578dace13af ,750041259973 ,2.3900452 ,-4.306122 ,-4.7070007 ,0 ,Acc ,10
3dd9e578dace13af ,750122592317 ,0.29071045 ,-0.25891113 ,0.5713501 ,3 ,Acc ,15
3dd9e578dace13af ,750222834817 ,0.32476807 ,-0.28546143 ,0.55548096 ,3 ,Acc ,15
3dd9e578dace13af ,750325110494 ,0.3307495 ,-0.24047852 ,0.59106445 ,3 ,Acc ,15
3dd9e578dace13af ,750442894869 ,0.26635742 ,-0.1329956 ,0.6654053 ,3 ,Acc ,15
3dd9e578dace13af ,750542523515 ,0.15753174 ,-0.089416504 ,0.73394775 ,3 ,Acc ,15
3dd9e578dace13af ,750643140389 ,0.09289551 ,-0.029418945 ,0.77819824 ,3 ,Acc ,15
3dd9e578dace13af ,750764617317 ,-0.013305664 ,-0.08874512 ,0.77526855 ,3 ,Acc ,15
3dd9e578dace13af ,750868779087 ,0.059387207 ,-0.1807251 ,0.7069092 ,3 ,Acc ,15
3dd9e578dace13af ,750983125337 ,0.21557617 ,-0.23931885 ,0.59033203 ,3 ,Acc ,15
3dd9e578dace13af ,751089441535 ,0.25769043 ,-0.32617188 ,0.48675537 ,3 ,Acc ,15
3dd9e578dace13af ,751204642681 ,0.36480713 ,-0.35211182 ,0.47357178 ,3 ,Acc ,15
3dd9e578dace13af ,751308826639 ,0.3786621 ,-0.28277588 ,0.5546875 ,3 ,Acc ,15
3dd9e578dace13af ,751424203931 ,0.336792 ,-0.0791626 ,0.6813965 ,3 ,Acc ,15
3dd9e578dace13af ,751529505806 ,0.13775635 ,-0.012329102 ,0.7958374 ,3 ,Acc ,15
3dd9e578dace13af ,751645319608 ,-0.053100586 ,0.033325195 ,0.89941406 ,3 ,Acc ,15
3dd9e578dace13af ,751746408358 ,-0.13256836 ,-0.0107421875 ,0.91986084 ,3 ,Acc ,15
3dd9e578dace13af ,751863908202 ,-8.544922E-4 ,-0.10021973 ,0.8545532 ,3 ,Acc ,15
3dd9e578dace13af ,751970502733 ,0.17022705 ,-0.20550537 ,0.71051025 ,3 ,Acc ,15
3dd9e578dace13af ,752069968201 ,0.22839355 ,-0.30291748 ,0.5663452 ,3 ,Acc ,15
3dd9e578dace13af ,752170737420 ,0.27264404 ,-0.36572266 ,0.5036011 ,3 ,Acc ,15
3dd9e578dace13af ,752290825910 ,0.32061768 ,-0.31713867 ,0.5605469 ,3 ,Acc ,15
3dd9e578dace13af ,752410947003 ,0.28845215 ,-0.15332031 ,0.69866943 ,3 ,Acc ,15
3dd9e578dace13af ,752527873983 ,0.12719727 ,-0.035888672 ,0.8312378 ,3 ,Acc ,15
3dd9e578dace13af ,752632130128 ,0.03918457 ,0.07891846 ,0.88934326 ,3 ,Acc ,15
3dd9e578dace13af ,752750395545 ,-0.056152344 ,0.061157227 ,0.9090576 ,3 ,Acc ,15
3dd9e578dace13af ,752851328045 ,-0.0012207031 ,-0.12359619 ,0.850708 ,3 ,Acc ,15
3dd9e578dace13af ,752950998514 ,0.18054199 ,-0.25354004 ,0.701416 ,3 ,Acc ,15
3dd9e578dace13af ,753051624555 ,0.42492676 ,-0.30126953 ,0.5449829 ,3 ,Acc ,15
3dd9e578dace13af ,753048224555 ,10.229126 ,-10.291107 ,2.605774 ,0 ,Acc ,10
3dd9e578dace13af ,753151064920 ,0.5321655 ,-0.35943604 ,0.49389648 ,3 ,Acc ,15
3dd9e578dace13af ,753269430597 ,0.53186035 ,-0.22143555 ,0.6170044 ,3 ,Acc ,15
3dd9e578dace13af ,753371864191 ,0.2611084 ,-0.09307861 ,0.77630615 ,3 ,Acc ,15
3dd9e578dace13af ,753491482211 ,-0.06451416 ,-0.024414063 ,0.8890991 ,3 ,Acc ,15
3dd9e578dace13af ,753612168565 ,-0.17700195 ,0.049560547 ,0.92230225 ,3 ,Acc ,15
3dd9e578dace13af ,753732340545 ,-0.06890869 ,-0.048339844 ,0.9171753 ,3 ,Acc ,15
3dd9e578dace13af ,753833461117 ,0.10284424 ,-0.16192627 ,0.8428345 ,3 ,Acc ,15
3dd9e578dace13af ,753950899034 ,0.19506836 ,-0.33764648 ,0.65802 ,3 ,Acc ,15
3dd9e578dace13af ,754052605492 ,0.30511475 ,-0.37420654 ,0.56951904 ,3 ,Acc ,15
3dd9e578dace13af ,754150564190 ,0.37200928 ,-0.3347168 ,0.5996704 ,3 ,Acc ,15
3dd9e578dace13af ,754252982784 ,0.32177734 ,-0.23638916 ,0.69818115 ,3 ,Acc ,15
3dd9e578dace13af ,754367173409 ,0.17480469 ,-0.13067627 ,0.81414795 ,3 ,Acc ,15
3dd9e578dace13af ,754472631221 ,0.06237793 ,-0.021911621 ,0.8546753 ,3 ,Acc ,15
3dd9e578dace13af ,754573279867 ,0.07849121 ,0.03149414 ,0.8688965 ,3 ,Acc ,15
3dd9e578dace13af ,754693340492 ,0.2121582 ,-0.10266113 ,0.8145752 ,3 ,Acc ,15
3dd9e578dace13af ,754793000232 ,0.25701904 ,-0.24578857 ,0.7175293 ,3 ,Acc ,15
3dd9e578dace13af ,754912980388 ,0.3678589 ,-0.3334961 ,0.5932617 ,3 ,Acc ,15
3dd9e578dace13af ,755013675127 ,0.40472412 ,-0.3369751 ,0.61639404 ,3 ,Acc ,15
3dd9e578dace13af ,755113341221 ,0.40496826 ,-0.22875977 ,0.71203613 ,3 ,Acc ,15
3dd9e578dace13af ,755233404606 ,0.26208496 ,-0.10925293 ,0.8340454 ,3 ,Acc ,15
3dd9e578dace13af ,755353483981 ,0.058654785 ,-0.064575195 ,0.9108887 ,3 ,Acc ,15
3dd9e578dace13af ,755454139763 ,-0.013244629 ,-0.14428711 ,0.90704346 ,3 ,Acc ,15
3dd9e578dace13af ,755574297731 ,0.14794922 ,-0.16802979 ,0.85876465 ,3 ,Acc ,15
3dd9e578dace13af ,755694706950 ,0.2218628 ,-0.2980957 ,0.7429199 ,3 ,Acc ,15
3dd9e578dace13af ,755814684242 ,0.29718018 ,-0.38146973 ,0.58898926 ,3 ,Acc ,15
3dd9e578dace13af ,755914149815 ,0.31219482 ,-0.39935303 ,0.59521484 ,3 ,Acc ,15
3dd9e578dace13af ,756014866742 ,0.309021 ,-0.30688477 ,0.6984253 ,3 ,Acc ,15
3dd9e578dace13af ,756051632210 ,5.7832336 ,-3.6211548 ,-4.6651 ,0 ,Acc ,10
3dd9e578dace13af ,756128948981 ,0.25299072 ,-0.13079834 ,0.8267822 ,3 ,Acc ,15
3dd9e578dace13af ,756235964658 ,0.121032715 ,-4.8828125E-4 ,0.8892822 ,3 ,Acc ,15
3dd9e578dace13af ,756356353304 ,-0.054992676 ,-0.08856201 ,0.904541 ,3 ,Acc ,15
3dd9e578dace13af ,756474681741 ,0.111206055 ,-0.19769287 ,0.8703003 ,3 ,Acc ,15
3dd9e578dace13af ,756575380543 ,0.25878906 ,-0.2730713 ,0.7860718 ,3 ,Acc ,15
3dd9e578dace13af ,756695522835 ,0.42700195 ,-0.3359375 ,0.6592407 ,3 ,Acc ,15
3dd9e578dace13af ,756795503512 ,0.4909668 ,-0.3269043 ,0.6514282 ,3 ,Acc ,15
3dd9e578dace13af ,756915631845 ,0.43920898 ,-0.24230957 ,0.7373657 ,3 ,Acc ,15
3dd9e578dace13af ,757015825491 ,0.32537842 ,-0.1317749 ,0.8287964 ,3 ,Acc ,15
3dd9e578dace13af ,757136001533 ,0.08538818 ,-0.111083984 ,0.9122925 ,3 ,Acc ,15
3dd9e578dace13af ,757237077887 ,-0.048095703 ,-0.083496094 ,0.9345703 ,3 ,Acc ,15
3dd9e578dace13af ,757355701741 ,-0.03173828 ,-0.17834473 ,0.9258423 ,3 ,Acc ,15
3dd9e578dace13af ,757456320231 ,0.12774658 ,-0.22662354 ,0.888855 ,3 ,Acc ,15
3dd9e578dace13af ,757555826064 ,0.24584961 ,-0.33850098 ,0.7774658 ,3 ,Acc ,15
3dd9e578dace13af ,757656565022 ,0.3170166 ,-0.42736816 ,0.65026855 ,3 ,Acc ,15
3dd9e578dace13af ,757756105074 ,0.3314209 ,-0.43804932 ,0.6625366 ,3 ,Acc ,15
3dd9e578dace13af ,757856910387 ,0.34320068 ,-0.30822754 ,0.7687988 ,3 ,Acc ,15
3dd9e578dace13af ,757976910074 ,0.22857666 ,-0.17675781 ,0.87524414 ,3 ,Acc ,15
3dd9e578dace13af ,758097115595 ,6.1035156E-4 ,-0.15020752 ,0.9291992 ,3 ,Acc ,15
3dd9e578dace13af ,758217167939 ,-0.05987549 ,-0.24987793 ,0.9061279 ,3 ,Acc ,15
3dd9e578dace13af ,758337285491 ,0.09863281 ,-0.2892456 ,0.87054443 ,3 ,Acc ,15
3dd9e578dace13af ,758438385282 ,0.22686768 ,-0.3480835 ,0.803833 ,3 ,Acc ,15
3dd9e578dace13af ,758556964032 ,0.3540039 ,-0.41534424 ,0.6958008 ,3 ,Acc ,15
3dd9e578dace13af ,758657629866 ,0.41674805 ,-0.3817749 ,0.6967163 ,3 ,Acc ,15
3dd9e578dace13af ,758757136949 ,0.36053467 ,-0.31793213 ,0.7775879 ,3 ,Acc ,15
3dd9e578dace13af ,758857879970 ,0.26245117 ,-0.19500732 ,0.8713379 ,3 ,Acc ,15
3dd9e578dace13af ,758977966168 ,0.09869385 ,-0.0960083 ,0.9404907 ,3 ,Acc ,15
3dd9e578dace13af ,759052124449 ,11.042801 ,-0.118011475 ,-14.057571 ,0 ,Acc ,10
3dd9e578dace13af ,759092328459 ,0.054138184 ,-0.07293701 ,0.9556885 ,3 ,Acc ,15
3dd9e578dace13af ,759197189761 ,0.097717285 ,-0.18255615 ,0.92907715 ,3 ,Acc ,15
3dd9e578dace13af ,759298035803 ,0.1373291 ,-0.3713379 ,0.83270264 ,3 ,Acc ,15
3dd9e578dace13af ,759397792782 ,0.21783447 ,-0.48553467 ,0.71014404 ,3 ,Acc ,15
3dd9e578dace13af ,759513802417 ,0.3069458 ,-0.48016357 ,0.68811035 ,3 ,Acc ,15
3dd9e578dace13af ,759618038876 ,0.2982788 ,-0.3862915 ,0.77233887 ,3 ,Acc ,15
3dd9e578dace13af ,759718209865 ,0.20959473 ,-0.2763672 ,0.8630371 ,3 ,Acc ,15
3dd9e578dace13af ,759819055438 ,0.098083496 ,-0.1741333 ,0.9259033 ,3 ,Acc ,15
3dd9e578dace13af ,759937359605 ,-0.07965088 ,-0.15710449 ,0.9398804 ,3 ,Acc ,15
3dd9e578dace13af ,760040162782 ,-0.19049072 ,-0.3236084 ,0.8878174 ,3 ,Acc ,15
3dd9e578dace13af ,760158681896 ,0.013671875 ,-0.36065674 ,0.87939453 ,3 ,Acc ,15
3dd9e578dace13af ,760259431688 ,0.20184326 ,-0.395813 ,0.8185425 ,3 ,Acc ,15
3dd9e578dace13af ,760379460490 ,0.30743408 ,-0.5003052 ,0.69348145 ,3 ,Acc ,15
3dd9e578dace13af ,760479075594 ,0.30786133 ,-0.4920044 ,0.71539307 ,3 ,Acc ,15
3dd9e578dace13af ,760579446896 ,0.21228027 ,-0.42803955 ,0.7962036 ,3 ,Acc ,15
3dd9e578dace13af ,760698148042 ,0.02520752 ,-0.34869385 ,0.8782959 ,3 ,Acc ,15
3dd9e578dace13af ,760799350281 ,-0.10772705 ,-0.28668213 ,0.90789795 ,3 ,Acc ,15
3dd9e578dace13af ,760899445125 ,-0.09875488 ,-0.2843628 ,0.8985596 ,3 ,Acc ,15
3dd9e578dace13af ,761020207781 ,0.031921387 ,-0.30603027 ,0.88897705 ,3 ,Acc ,15
3dd9e578dace13af ,761139441740 ,0.09472656 ,-0.47216797 ,0.7977295 ,3 ,Acc ,15
3dd9e578dace13af ,761241510229 ,0.2816162 ,-0.46343994 ,0.7664795 ,3 ,Acc ,15
3dd9e578dace13af ,761357506010 ,0.36828613 ,-0.44958496 ,0.743103 ,3 ,Acc ,15
3dd9e578dace13af ,761479445750 ,0.19134521 ,-0.46032715 ,0.78637695 ,3 ,Acc ,15
3dd9e578dace13af ,761580899552 ,0.007507324 ,-0.40325928 ,0.84039307 ,3 ,Acc ,15
3dd9e578dace13af ,761700892885 ,-0.17926025 ,-0.3427124 ,0.86676025 ,3 ,Acc ,15
3dd9e578dace13af ,761821157625 ,-0.23968506 ,-0.30633545 ,0.8648071 ,3 ,Acc ,15
3dd9e578dace13af ,761941195802 ,-0.19989014 ,-0.4703369 ,0.789917 ,3 ,Acc ,15
3dd9e578dace13af ,762042327468 ,-0.08117676 ,-0.57489014 ,0.7260742 ,3 ,Acc ,15
3dd9e578dace13af ,762054759656 ,5.9821167 ,3.5295715 ,-0.6536102 ,0 ,Acc ,10
3dd9e578dace13af ,762155362729 ,-0.002380371 ,-0.6854248 ,0.6185913 ,3 ,Acc ,15
3dd9e578dace13af ,762261683458 ,0.019897461 ,-0.7484741 ,0.53948975 ,3 ,Acc ,15
3dd9e578dace13af ,762361042156 ,0.053100586 ,-0.7298584 ,0.56585693 ,3 ,Acc ,15
3dd9e578dace13af ,762461867937 ,-0.014404297 ,-0.64160156 ,0.666626 ,3 ,Acc ,15
3dd9e578dace13af ,762560633093 ,-0.12036133 ,-0.53460693 ,0.73760986 ,3 ,Acc ,15
3dd9e578dace13af ,762682130697 ,-0.2456665 ,-0.42791748 ,0.7722168 ,3 ,Acc ,15
3dd9e578dace13af ,762782065854 ,-0.32562256 ,-0.4081421 ,0.74798584 ,3 ,Acc ,15
3dd9e578dace13af ,762902245749 ,-0.34002686 ,-0.534729 ,0.6748657 ,3 ,Acc ,15
3dd9e578dace13af ,763022379447 ,-0.115112305 ,-0.5745239 ,0.70825195 ,3 ,Acc ,15
3dd9e578dace13af ,763142615593 ,0.02545166 ,-0.6851196 ,0.61834717 ,3 ,Acc ,15
3dd9e578dace13af ,763262710072 ,0.122680664 ,-0.6884155 ,0.6273804 ,3 ,Acc ,15
3dd9e578dace13af ,763362295124 ,0.11364746 ,-0.64727783 ,0.6720581 ,3 ,Acc ,15
3dd9e578dace13af ,763462848874 ,0.034179688 ,-0.564209 ,0.73999023 ,3 ,Acc ,15
3dd9e578dace13af ,763582956843 ,-0.12548828 ,-0.47991943 ,0.7785034 ,3 ,Acc ,15
3dd9e578dace13af ,763703130020 ,-0.27160645 ,-0.40307617 ,0.78778076 ,3 ,Acc ,15
3dd9e578dace13af ,763823337468 ,-0.3519287 ,-0.41729736 ,0.7537842 ,3 ,Acc ,15
3dd9e578dace13af ,763922871634 ,-0.28198242 ,-0.48431396 ,0.75286865 ,3 ,Acc ,15
3dd9e578dace13af ,764023468978 ,-0.13012695 ,-0.51501465 ,0.7720337 ,3 ,Acc ,15
3dd9e578dace13af ,764143562259 ,-0.046447754 ,-0.65948486 ,0.670105 ,3 ,Acc ,15
3dd9e578dace13af ,764263770020 ,-0.114746094 ,-0.7067871 ,0.6274414 ,3 ,Acc ,15
3dd9e578dace13af ,764383881686 ,-0.16705322 ,-0.64849854 ,0.69281006 ,3 ,Acc ,15
3dd9e578dace13af ,764503947415 ,-0.29541016 ,-0.5064697 ,0.7845459 ,3 ,Acc ,15
3dd9e578dace13af ,764624156374 ,-0.4482422 ,-0.35534668 ,0.81811523 ,3 ,Acc ,15
3dd9e578dace13af ,764739333405 ,-0.51885986 ,-0.22521973 ,0.8208008 ,3 ,Acc ,15
3dd9e578dace13af ,764845525019 ,-0.54016113 ,-0.13726807 ,0.82250977 ,3 ,Acc ,15
3dd9e578dace13af ,764963980749 ,-0.5383911 ,-0.1595459 ,0.821167 ,3 ,Acc ,15
3dd9e578dace13af ,765061302051 ,6.9552 ,-4.749527 ,3.1849365 ,0 ,Acc ,10
3dd9e578dace13af ,765064612311 ,-0.54589844 ,-0.15045166 ,0.81970215 ,3 ,Acc ,15
3dd9e578dace13af ,765184887467 ,-0.56073 ,-0.16912842 ,0.8060913 ,3 ,Acc ,15
3dd9e578dace13af ,765304686790 ,-0.5621338 ,-0.184021 ,0.7994385 ,3 ,Acc ,15
3dd9e578dace13af ,765404302103 ,-0.54748535 ,-0.18676758 ,0.8031006 ,3 ,Acc ,15
3dd9e578dace13af ,765504253144 ,-0.17980957 ,-0.4197998 ,0.8894043 ,3 ,Acc ,15
3dd9e578dace13af ,765625276946 ,-0.1630249 ,-0.418396 ,0.89123535 ,3 ,Acc ,15
3dd9e578dace13af ,765745343457 ,-0.14129639 ,-0.3927002 ,0.8987427 ,3 ,Acc ,15
3dd9e578dace13af ,765860917155 ,-0.116760254 ,-0.36712646 ,0.9050293 ,3 ,Acc ,15
3dd9e578dace13af ,765964941946 ,-0.10595703 ,-0.3536377 ,0.9078369 ,3 ,Acc ,15
3dd9e578dace13af ,766085192415 ,-0.09851074 ,-0.36584473 ,0.9057617 ,3 ,Acc ,15
3dd9e578dace13af ,766185957467 ,-0.101135254 ,-0.37438965 ,0.9022827 ,3 ,Acc ,15
3dd9e578dace13af ,766306022727 ,-0.09875488 ,-0.3706665 ,0.90649414 ,3 ,Acc ,15
3dd9e578dace13af ,766426071581 ,-0.109375 ,-0.35406494 ,0.9133301 ,3 ,Acc ,15
3dd9e578dace13af ,766546141217 ,-0.12042236 ,-0.3486328 ,0.91674805 ,3 ,Acc ,15
3dd9e578dace13af ,766647315331 ,-0.12030029 ,-0.34344482 ,0.9190674 ,3 ,Acc ,15
3dd9e578dace13af ,766765792363 ,-0.1204834 ,-0.33648682 ,0.9225464 ,3 ,Acc ,15
3dd9e578dace13af ,766866774081 ,-0.1171875 ,-0.33013916 ,0.9260254 ,3 ,Acc ,15
3dd9e578dace13af ,766986630852 ,-0.11694336 ,-0.32299805 ,0.9281616 ,3 ,Acc ,15
3dd9e578dace13af ,767086132675 ,-0.11743164 ,-0.31018066 ,0.93048096 ,3 ,Acc ,15
3dd9e578dace13af ,767186677883 ,-0.11584473 ,-0.30664063 ,0.93048096 ,3 ,Acc ,15
3dd9e578dace13af ,767286428144 ,-0.11175537 ,-0.3045044 ,0.930542 ,3 ,Acc ,15
3dd9e578dace13af ,767387195383 ,-0.10760498 ,-0.30755615 ,0.92993164 ,3 ,Acc ,15
