3dd9e578dace13af ,291811500096 ,0.6216583 ,-0.29432678 ,-0.18374634 ,0 ,Acc ,10
3dd9e578dace13af ,291926166398 ,0.8203125 ,-0.1828003 ,0.026550293 ,3 ,Acc ,15
3dd9e578dace13af ,292027002857 ,0.81658936 ,-0.17767334 ,0.015197754 ,3 ,Acc ,15
3dd9e578dace13af ,292147110305 ,0.8104248 ,-0.16265869 ,0.0033569336 ,3 ,Acc ,15
3dd9e578dace13af ,292267119888 ,0.81915283 ,-0.14221191 ,-0.010864258 ,3 ,Acc ,15
3dd9e578dace13af ,292387472179 ,0.81817627 ,-0.12542725 ,-0.030334473 ,3 ,Acc ,15
3dd9e578dace13af ,292507365982 ,0.807312 ,-0.1239624 ,-0.041625977 ,3 ,Acc ,15
3dd9e578dace13af ,292607820461 ,0.80596924 ,-0.12390137 ,-0.042907715 ,3 ,Acc ,15
3dd9e578dace13af ,292707611606 ,0.8013916 ,-0.12939453 ,-0.03918457 ,3 ,Acc ,15
3dd9e578dace13af ,292827651971 ,0.7772217 ,-0.15411377 ,-0.023071289 ,3 ,Acc ,15
3dd9e578dace13af ,292927328429 ,0.74487305 ,-0.17407227 ,0.0045776367 ,3 ,Acc ,15
3dd9e578dace13af ,293027975981 ,0.69177246 ,-0.15362549 ,0.07092285 ,3 ,Acc ,15
3dd9e578dace13af ,293148064575 ,0.6795654 ,-0.05053711 ,0.19598389 ,3 ,Acc ,15
3dd9e578dace13af ,293268229262 ,0.62976074 ,0.13323975 ,0.34649658 ,3 ,Acc ,15
3dd9e578dace13af ,293388378794 ,0.5388794 ,0.33538818 ,0.47338867 ,3 ,Acc ,15
3dd9e578dace13af ,293487999627 ,0.5494995 ,0.36260986 ,0.52752686 ,3 ,Acc ,15
3dd9e578dace13af ,293588698064 ,0.5629883 ,0.36999512 ,0.52960205 ,3 ,Acc ,15
3dd9e578dace13af ,293688030877 ,0.55578613 ,0.39782715 ,0.4937744 ,3 ,Acc ,15
3dd9e578dace13af ,293788912544 ,0.54016113 ,0.418396 ,0.4274292 ,3 ,Acc ,15
3dd9e578dace13af ,293908900408 ,0.5151367 ,0.42285156 ,0.33843994 ,3 ,Acc ,15
3dd9e578dace13af ,294009211762 ,0.48223877 ,0.4038086 ,0.27526855 ,3 ,Acc ,15
3dd9e578dace13af ,294109029627 ,0.45635986 ,0.34881592 ,0.20050049 ,3 ,Acc ,15
3dd9e578dace13af ,294209598481 ,0.44329834 ,0.27642822 ,0.15118408 ,3 ,Acc ,15
3dd9e578dace13af ,294328824731 ,0.4598999 ,0.21124268 ,0.10290527 ,3 ,Acc ,15
3dd9e578dace13af ,294429541554 ,0.45031738 ,0.22705078 ,0.0869751 ,3 ,Acc ,15
3dd9e578dace13af ,294529085929 ,0.44317627 ,0.3083496 ,0.14526367 ,3 ,Acc ,15
3dd9e578dace13af ,294629742022 ,0.43719482 ,0.41912842 ,0.23046875 ,3 ,Acc ,15
3dd9e578dace13af ,294749749679 ,0.41540527 ,0.48687744 ,0.24334717 ,3 ,Acc ,15
3dd9e578dace13af ,294828591449 ,-1.9806824 ,-0.3625183 ,1.9861603 ,0 ,Acc ,10
3dd9e578dace13af ,294830617647 ,6.991069 ,-4.19943 ,2.9640217 ,3 ,Acc ,1
3dd9e578dace13af ,295070196501 ,0.52453613 ,0.45758057 ,0.2849121 ,3 ,Acc ,15
3dd9e578dace13af ,295272334574 ,0.44958496 ,0.32214355 ,0.17126465 ,3 ,Acc ,15
3dd9e578dace13af ,295491823897 ,0.4500122 ,0.16333008 ,0.14276123 ,3 ,Acc ,15
3dd9e578dace13af ,295610870616 ,0.5003052 ,0.1751709 ,0.1854248 ,3 ,Acc ,15
3dd9e578dace13af ,295710900459 ,0.5293579 ,0.2765503 ,0.23388672 ,3 ,Acc ,15
3dd9e578dace13af ,295811229782 ,0.52575684 ,0.39312744 ,0.2783203 ,3 ,Acc ,15
3dd9e578dace13af ,295910995980 ,0.5578003 ,0.45257568 ,0.34326172 ,3 ,Acc ,15
3dd9e578dace13af ,296011300668 ,0.56658936 ,0.48828125 ,0.340271 ,3 ,Acc ,15
3dd9e578dace13af ,296111223532 ,0.572937 ,0.4631958 ,0.31549072 ,3 ,Acc ,15
3dd9e578dace13af ,296211593428 ,0.54229736 ,0.40875244 ,0.26416016 ,3 ,Acc ,15
3dd9e578dace13af ,296311435928 ,0.52178955 ,0.3078003 ,0.23272705 ,3 ,Acc ,15
3dd9e578dace13af ,296411727959 ,0.52874756 ,0.20056152 ,0.17901611 ,3 ,Acc ,15
3dd9e578dace13af ,296511725824 ,0.491333 ,0.14178467 ,0.14117432 ,3 ,Acc ,15
3dd9e578dace13af ,296611998220 ,0.5189209 ,0.14624023 ,0.15509033 ,3 ,Acc ,15
3dd9e578dace13af ,296711933324 ,0.5219116 ,0.24609375 ,0.14953613 ,3 ,Acc ,15
3dd9e578dace13af ,296812261969 ,0.48516846 ,0.35845947 ,0.13916016 ,3 ,Acc ,15
3dd9e578dace13af ,296912195876 ,0.48138428 ,0.45635986 ,0.16003418 ,3 ,Acc ,15
3dd9e578dace13af ,297012461449 ,0.45788574 ,0.53704834 ,0.14916992 ,3 ,Acc ,15
3dd9e578dace13af ,297112368584 ,0.40124512 ,0.55352783 ,0.07324219 ,3 ,Acc ,15
3dd9e578dace13af ,297212661813 ,0.3834839 ,0.491333 ,0.044067383 ,3 ,Acc ,15
3dd9e578dace13af ,297312602698 ,0.39770508 ,0.37805176 ,0.026428223 ,3 ,Acc ,15
3dd9e578dace13af ,297412939313 ,0.43774414 ,0.25390625 ,0.013122559 ,3 ,Acc ,15
3dd9e578dace13af ,297532385146 ,0.50164795 ,0.15063477 ,0.019836426 ,3 ,Acc ,15
3dd9e578dace13af ,297632975980 ,0.5163574 ,0.215271 ,0.028625488 ,3 ,Acc ,15
3dd9e578dace13af ,297752986188 ,0.41046143 ,0.36413574 ,0.0021972656 ,3 ,Acc ,15
3dd9e578dace13af ,297831901032 ,1.1360168 ,2.2969818 ,0.13188171 ,0 ,Acc ,10
3dd9e578dace13af ,297833857802 ,8.303091 ,-3.7588966 ,2.9831753 ,3 ,Acc ,1
3dd9e578dace13af ,297852614625 ,0.38372803 ,0.47125244 ,0.008911133 ,3 ,Acc ,15
3dd9e578dace13af ,297953356240 ,0.35058594 ,0.5484619 ,-0.004211426 ,3 ,Acc ,15
3dd9e578dace13af ,298073426084 ,0.3059082 ,0.5557251 ,-0.05078125 ,3 ,Acc ,15
3dd9e578dace13af ,298172936865 ,0.25402832 ,0.48339844 ,-0.09741211 ,3 ,Acc ,15
3dd9e578dace13af ,298273665719 ,0.30029297 ,0.3661499 ,-0.1328125 ,3 ,Acc ,15
3dd9e578dace13af ,298373304781 ,0.38110352 ,0.24584961 ,-0.15826416 ,3 ,Acc ,15
3dd9e578dace13af ,298473760563 ,0.43304443 ,0.17230225 ,-0.15856934 ,3 ,Acc ,15
3dd9e578dace13af ,298573467125 ,0.44580078 ,0.20794678 ,-0.15899658 ,3 ,Acc ,15
3dd9e578dace13af ,298673964208 ,0.3571167 ,0.29083252 ,-0.1843872 ,3 ,Acc ,15
3dd9e578dace13af ,298794206656 ,0.35894775 ,0.4069214 ,-0.12945557 ,3 ,Acc ,15
3dd9e578dace13af ,298914288479 ,0.32421875 ,0.5014038 ,-0.07904053 ,3 ,Acc ,15
3dd9e578dace13af ,299014686760 ,0.31329346 ,0.51660156 ,-0.10992432 ,3 ,Acc ,15
3dd9e578dace13af ,299133970041 ,0.21624756 ,0.46624756 ,-0.20031738 ,3 ,Acc ,15
3dd9e578dace13af ,299234611864 ,0.21734619 ,0.37194824 ,-0.24291992 ,3 ,Acc ,15
3dd9e578dace13af ,299334311396 ,0.28112793 ,0.27191162 ,-0.2692871 ,3 ,Acc ,15
3dd9e578dace13af ,299434803531 ,0.35510254 ,0.18865967 ,-0.2756958 ,3 ,Acc ,15
3dd9e578dace13af ,299534161395 ,0.44702148 ,0.1984253 ,-0.2593994 ,3 ,Acc ,15
3dd9e578dace13af ,299635000302 ,0.3812256 ,0.26861572 ,-0.25958252 ,3 ,Acc ,15
3dd9e578dace13af ,299755210145 ,0.36236572 ,0.38775635 ,-0.17211914 ,3 ,Acc ,15
3dd9e578dace13af ,299875324989 ,0.32977295 ,0.49493408 ,-0.10437012 ,3 ,Acc ,15
3dd9e578dace13af ,299974990927 ,0.32556152 ,0.5144043 ,-0.13317871 ,3 ,Acc ,15
3dd9e578dace13af ,300075652229 ,0.2732544 ,0.4746704 ,-0.20617676 ,3 ,Acc ,15
3dd9e578dace13af ,300175108895 ,0.2796631 ,0.37530518 ,-0.2675171 ,3 ,Acc ,15
3dd9e578dace13af ,300275751447 ,0.3343506 ,0.26501465 ,-0.32086182 ,3 ,Acc ,15
3dd9e578dace13af ,300375371812 ,0.37615967 ,0.17773438 ,-0.33312988 ,3 ,Acc ,15
3dd9e578dace13af ,300476457593 ,0.45117188 ,0.18707275 ,-0.29968262 ,3 ,Acc ,15
3dd9e578dace13af ,300596576864 ,0.39105225 ,0.2695923 ,-0.29925537 ,3 ,Acc ,15
3dd9e578dace13af ,300716733583 ,0.402771 ,0.35821533 ,-0.24243164 ,3 ,Acc ,15
3dd9e578dace13af ,300816455197 ,0.4746704 ,0.42944336 ,-0.14819336 ,3 ,Acc ,15
3dd9e578dace13af ,300837535666 ,12.454638 ,-10.146626 ,3.763685 ,3 ,Acc ,1
3dd9e578dace13af ,300835587124 ,7.351349 ,-1.9485168 ,2.0554504 ,0 ,Acc ,10
3dd9e578dace13af ,300916964364 ,0.44647217 ,0.46246338 ,-0.15655518 ,3 ,Acc ,15
3dd9e578dace13af ,301037271030 ,0.3579712 ,0.42181396 ,-0.24255371 ,3 ,Acc ,15
3dd9e578dace13af ,301157222645 ,0.39031982 ,0.31921387 ,-0.28668213 ,3 ,Acc ,15
3dd9e578dace13af ,301277273322 ,0.39349365 ,0.2277832 ,-0.33099365 ,3 ,Acc ,15
3dd9e578dace13af ,301397386291 ,0.3706665 ,0.20043945 ,-0.31567383 ,3 ,Acc ,15
3dd9e578dace13af ,301517647749 ,0.39379883 ,0.25872803 ,-0.29986572 ,3 ,Acc ,15
3dd9e578dace13af ,301637522332 ,0.33807373 ,0.34466553 ,-0.2999878 ,3 ,Acc ,15
3dd9e578dace13af ,301757675613 ,0.3817749 ,0.44732666 ,-0.25219727 ,3 ,Acc ,15
3dd9e578dace13af ,301877983895 ,0.37872314 ,0.49353027 ,-0.2597046 ,3 ,Acc ,15
3dd9e578dace13af ,301998126707 ,0.32659912 ,0.43640137 ,-0.32281494 ,3 ,Acc ,15
3dd9e578dace13af ,302118189780 ,0.27246094 ,0.32684326 ,-0.37719727 ,3 ,Acc ,15
3dd9e578dace13af ,302218080874 ,0.31170654 ,0.24249268 ,-0.4060669 ,3 ,Acc ,15
3dd9e578dace13af ,302318456707 ,0.34088135 ,0.18609619 ,-0.40905762 ,3 ,Acc ,15
3dd9e578dace13af ,302418184051 ,0.40698242 ,0.20166016 ,-0.37573242 ,3 ,Acc ,15
3dd9e578dace13af ,302518314676 ,0.394104 ,0.27172852 ,-0.36688232 ,3 ,Acc ,15
3dd9e578dace13af ,302618388582 ,0.33319092 ,0.33850098 ,-0.3649292 ,3 ,Acc ,15
3dd9e578dace13af ,302718373373 ,0.31048584 ,0.40600586 ,-0.35369873 ,3 ,Acc ,15
3dd9e578dace13af ,302818515405 ,0.2772827 ,0.4706421 ,-0.34326172 ,3 ,Acc ,15
3dd9e578dace13af ,302918475092 ,0.25305176 ,0.4906006 ,-0.3513794 ,3 ,Acc ,15
3dd9e578dace13af ,303018858477 ,0.23388672 ,0.44091797 ,-0.38867188 ,3 ,Acc ,15
3dd9e578dace13af ,303118830248 ,0.2654419 ,0.35168457 ,-0.4118042 ,3 ,Acc ,15
3dd9e578dace13af ,303219035300 ,0.34344482 ,0.2666626 ,-0.43218994 ,3 ,Acc ,15
3dd9e578dace13af ,303318969727 ,0.39715576 ,0.1963501 ,-0.44128418 ,3 ,Acc ,15
3dd9e578dace13af ,303419391446 ,0.45507813 ,0.206604 ,-0.41827393 ,3 ,Acc ,15
3dd9e578dace13af ,303519174154 ,0.41723633 ,0.26989746 ,-0.41766357 ,3 ,Acc ,15
3dd9e578dace13af ,303619435092 ,0.3544922 ,0.33746338 ,-0.39837646 ,3 ,Acc ,15
3dd9e578dace13af ,303719452227 ,0.34698486 ,0.4336548 ,-0.36016846 ,3 ,Acc ,15
3dd9e578dace13af ,303819666550 ,0.22845459 ,0.4718628 ,-0.40350342 ,3 ,Acc ,15
3dd9e578dace13af ,303840272071 ,17.080235 ,-5.3582234 ,8.183381 ,3 ,Acc ,1
3dd9e578dace13af ,303838475092 ,11.873154 ,1.6433716 ,3.7074127 ,0 ,Acc ,10
3dd9e578dace13af ,303919687956 ,0.24768066 ,0.4534912 ,-0.41253662 ,3 ,Acc ,15
3dd9e578dace13af ,304039904102 ,0.2998047 ,0.3394165 ,-0.4472046 ,3 ,Acc ,15
3dd9e578dace13af ,304159971498 ,0.39941406 ,0.2288208 ,-0.47332764 ,3 ,Acc ,15
3dd9e578dace13af ,304280156237 ,0.4631958 ,0.1595459 ,-0.46154785 ,3 ,Acc ,15
3dd9e578dace13af ,304400258789 ,0.49658203 ,0.22589111 ,-0.41967773 ,3 ,Acc ,15
3dd9e578dace13af ,304500885300 ,0.418396 ,0.29608154 ,-0.42687988 ,3 ,Acc ,15
3dd9e578dace13af ,304620501810 ,0.39819336 ,0.38519287 ,-0.40026855 ,3 ,Acc ,15
3dd9e578dace13af ,304720534987 ,0.4187622 ,0.46557617 ,-0.347229 ,3 ,Acc ,15
3dd9e578dace13af ,304820732748 ,0.3881836 ,0.4822998 ,-0.3670044 ,3 ,Acc ,15
3dd9e578dace13af ,304920839623 ,0.32885742 ,0.4234619 ,-0.44250488 ,3 ,Acc ,15
3dd9e578dace13af ,305021227800 ,0.29083252 ,0.31884766 ,-0.50250244 ,3 ,Acc ,15
3dd9e578dace13af ,305321288685 ,0.4680786 ,0.15228271 ,-0.5236206 ,3 ,Acc ,15
3dd9e578dace13af ,305421663216 ,0.46099854 ,0.21490479 ,-0.512146 ,3 ,Acc ,15
3dd9e578dace13af ,305521445039 ,0.41741943 ,0.27252197 ,-0.49884033 ,3 ,Acc ,15
3dd9e578dace13af ,305621712539 ,0.4562378 ,0.3587036 ,-0.43988037 ,3 ,Acc ,15
3dd9e578dace13af ,305721757695 ,0.47662354 ,0.42791748 ,-0.3867798 ,3 ,Acc ,15
3dd9e578dace13af ,305841777435 ,0.39941406 ,0.43566895 ,-0.41723633 ,3 ,Acc ,15
3dd9e578dace13af ,305961860664 ,0.3560791 ,0.3456421 ,-0.49700928 ,3 ,Acc ,15
3dd9e578dace13af ,306061524518 ,0.364563 ,0.24505615 ,-0.5569458 ,3 ,Acc ,15
3dd9e578dace13af ,306162230039 ,0.37329102 ,0.15490723 ,-0.5936279 ,3 ,Acc ,15
3dd9e578dace13af ,306261667226 ,0.41662598 ,0.13031006 ,-0.57855225 ,3 ,Acc ,15
3dd9e578dace13af ,306362303997 ,0.46594238 ,0.20062256 ,-0.5355835 ,3 ,Acc ,15
3dd9e578dace13af ,306482485403 ,0.3897705 ,0.2949829 ,-0.50927734 ,3 ,Acc ,15
3dd9e578dace13af ,306582217643 ,0.34979248 ,0.37182617 ,-0.48010254 ,3 ,Acc ,15
3dd9e578dace13af ,306682628372 ,0.33270264 ,0.43548584 ,-0.45141602 ,3 ,Acc ,15
3dd9e578dace13af ,306782335351 ,0.30151367 ,0.4650879 ,-0.45135498 ,3 ,Acc ,15
3dd9e578dace13af ,306841706236 ,6.2924194 ,3.67247 ,-0.6330719 ,0 ,Acc ,10
3dd9e578dace13af ,306843520976 ,9.696517 ,-4.405331 ,3.763685 ,3 ,Acc ,1
3dd9e578dace13af ,306882943164 ,0.27368164 ,0.41534424 ,-0.5064087 ,3 ,Acc ,15
3dd9e578dace13af ,306989651549 ,0.25952148 ,0.31298828 ,-0.5635376 ,3 ,Acc ,15
3dd9e578dace13af ,307104968893 ,0.32598877 ,0.20684814 ,-0.6081543 ,3 ,Acc ,15
3dd9e578dace13af ,307211261757 ,0.37060547 ,0.14056396 ,-0.6168213 ,3 ,Acc ,15
3dd9e578dace13af ,307323275195 ,0.48931885 ,0.19006348 ,-0.569397 ,3 ,Acc ,15
3dd9e578dace13af ,307425087382 ,0.47827148 ,0.26287842 ,-0.5518799 ,3 ,Acc ,15
3dd9e578dace13af ,307543228059 ,0.37139893 ,0.32495117 ,-0.5588989 ,3 ,Acc ,15
3dd9e578dace13af ,307644433267 ,0.30456543 ,0.38787842 ,-0.55651855 ,3 ,Acc ,15
3dd9e578dace13af ,307763831444 ,0.21765137 ,0.43743896 ,-0.5533447 ,3 ,Acc ,15
3dd9e578dace13af ,307863368892 ,0.21051025 ,0.39208984 ,-0.58239746 ,3 ,Acc ,15
3dd9e578dace13af ,307963969153 ,0.289917 ,0.3187256 ,-0.5871582 ,3 ,Acc ,15
3dd9e578dace13af ,308084239048 ,0.41278076 ,0.2312622 ,-0.5875244 ,3 ,Acc ,15
3dd9e578dace13af ,308204266288 ,0.46777344 ,0.14855957 ,-0.5874634 ,3 ,Acc ,15
3dd9e578dace13af ,308303902642 ,0.5258179 ,0.19866943 ,-0.5599365 ,3 ,Acc ,15
3dd9e578dace13af ,308406234100 ,0.44317627 ,0.27075195 ,-0.5751343 ,3 ,Acc ,15
3dd9e578dace13af ,308524710402 ,0.32391357 ,0.336792 ,-0.5800781 ,3 ,Acc ,15
3dd9e578dace13af ,308625015663 ,0.26837158 ,0.3991089 ,-0.57733154 ,3 ,Acc ,15
3dd9e578dace13af ,308724938475 ,0.2119751 ,0.42559814 ,-0.5963135 ,3 ,Acc ,15
3dd9e578dace13af ,308825190507 ,0.17236328 ,0.3977661 ,-0.6264038 ,3 ,Acc ,15
3dd9e578dace13af ,308925019621 ,0.17315674 ,0.2939453 ,-0.6563721 ,3 ,Acc ,15
3dd9e578dace13af ,309025408631 ,0.30047607 ,0.21826172 ,-0.661499 ,3 ,Acc ,15
3dd9e578dace13af ,309125383631 ,0.41815186 ,0.15167236 ,-0.66070557 ,3 ,Acc ,15
3dd9e578dace13af ,309225528475 ,0.48529053 ,0.12261963 ,-0.63275146 ,3 ,Acc ,15
3dd9e578dace13af ,309345100506 ,0.489563 ,0.23529053 ,-0.5932617 ,3 ,Acc ,15
3dd9e578dace13af ,309445686600 ,0.34680176 ,0.2859497 ,-0.6060791 ,3 ,Acc ,15
3dd9e578dace13af ,309545251600 ,0.2819214 ,0.35272217 ,-0.612854 ,3 ,Acc ,15
3dd9e578dace13af ,309645917225 ,0.2506714 ,0.41497803 ,-0.6178589 ,3 ,Acc ,15
3dd9e578dace13af ,309766075715 ,0.16412354 ,0.39440918 ,-0.66064453 ,3 ,Acc ,15
3dd9e578dace13af ,309848475506 ,12.253524 ,-2.1260512 ,2.1547816 ,3 ,Acc ,1
3dd9e578dace13af ,309846517329 ,10.094879 ,3.3802948 ,-5.6676636 ,0 ,Acc ,10
3dd9e578dace13af ,309886110402 ,0.12365723 ,0.25610352 ,-0.7015381 ,3 ,Acc ,15
3dd9e578dace13af ,309985709517 ,0.27215576 ,0.23156738 ,-0.6915283 ,3 ,Acc ,15
3dd9e578dace13af ,310087913058 ,0.3746338 ,0.16290283 ,-0.6998291 ,3 ,Acc ,15
3dd9e578dace13af ,310206338735 ,0.44451904 ,0.09039307 ,-0.67749023 ,3 ,Acc ,15
3dd9e578dace13af ,310306140298 ,0.5042114 ,0.20953369 ,-0.64886475 ,3 ,Acc ,15
3dd9e578dace13af ,310406734725 ,0.40264893 ,0.26037598 ,-0.6555786 ,3 ,Acc ,15
3dd9e578dace13af ,310506286964 ,0.33569336 ,0.33984375 ,-0.64086914 ,3 ,Acc ,15
3dd9e578dace13af ,310606920923 ,0.28320313 ,0.4088745 ,-0.6335449 ,3 ,Acc ,15
3dd9e578dace13af ,310709179985 ,0.2142334 ,0.4151001 ,-0.6538696 ,3 ,Acc ,15
3dd9e578dace13af ,310827618318 ,0.2454834 ,0.35040283 ,-0.68048096 ,3 ,Acc ,15
3dd9e578dace13af ,310929195610 ,0.31817627 ,0.24700928 ,-0.6937866 ,3 ,Acc ,15
3dd9e578dace13af ,311053985089 ,0.4569702 ,0.16339111 ,-0.6913452 ,3 ,Acc ,15
3dd9e578dace13af ,311167555141 ,0.53564453 ,0.11242676 ,-0.6720581 ,3 ,Acc ,15
3dd9e578dace13af ,311287667589 ,0.55407715 ,0.22998047 ,-0.6286011 ,3 ,Acc ,15
3dd9e578dace13af ,311387232901 ,0.42871094 ,0.30474854 ,-0.64208984 ,3 ,Acc ,15
3dd9e578dace13af ,311487859047 ,0.3427124 ,0.378479 ,-0.63775635 ,3 ,Acc ,15
3dd9e578dace13af ,311587550453 ,0.30603027 ,0.4389038 ,-0.63482666 ,3 ,Acc ,15
3dd9e578dace13af ,311690472276 ,0.2479248 ,0.43920898 ,-0.66619873 ,3 ,Acc ,15
3dd9e578dace13af ,311808209516 ,0.24157715 ,0.36724854 ,-0.7064209 ,3 ,Acc ,15
3dd9e578dace13af ,311928319828 ,0.3267212 ,0.24871826 ,-0.72216797 ,3 ,Acc ,15
3dd9e578dace13af ,312028593943 ,0.46002197 ,0.18273926 ,-0.704834 ,3 ,Acc ,15
3dd9e578dace13af ,312128497901 ,0.5543213 ,0.12414551 ,-0.6934204 ,3 ,Acc ,15
3dd9e578dace13af ,312228865922 ,0.17266846 ,0.7255249 ,-0.109069824 ,3 ,Acc ,15
3dd9e578dace13af ,312330512120 ,0.074401855 ,0.7943115 ,-0.08483887 ,3 ,Acc ,15
3dd9e578dace13af ,312448823891 ,-0.12432861 ,0.83496094 ,-0.26934814 ,3 ,Acc ,15
3dd9e578dace13af ,312548579828 ,-0.059692383 ,0.87731934 ,-0.26239014 ,3 ,Acc ,15
3dd9e578dace13af ,312649216495 ,-0.10650635 ,0.8685913 ,-0.3930664 ,3 ,Acc ,15
3dd9e578dace13af ,312769232224 ,-0.21838379 ,0.80651855 ,-0.5220337 ,3 ,Acc ,15
3dd9e578dace13af ,312848107276 ,4.283844 ,1.8897095 ,-1.4206696 ,0 ,Acc ,10
3dd9e578dace13af ,312869683265 ,9.504981 ,-5.5737014 ,-3.845088 ,3 ,Acc ,1
3dd9e578dace13af ,312868938005 ,-0.28094482 ,0.7214966 ,-0.6157837 ,3 ,Acc ,15
3dd9e578dace13af ,312969477953 ,-0.30163574 ,0.6665039 ,-0.6677246 ,3 ,Acc ,15
3dd9e578dace13af ,313072226338 ,-0.32989502 ,0.59954834 ,-0.7247925 ,3 ,Acc ,15
3dd9e578dace13af ,313189264619 ,-0.350708 ,0.5274048 ,-0.7738037 ,3 ,Acc ,15
3dd9e578dace13af ,313289889151 ,-0.33917236 ,0.4703369 ,-0.8114624 ,3 ,Acc ,15
3dd9e578dace13af ,313409892171 ,-0.32696533 ,0.43011475 ,-0.83380127 ,3 ,Acc ,15
3dd9e578dace13af ,313530131859 ,-0.34118652 ,0.28155518 ,-0.8792114 ,3 ,Acc ,15
3dd9e578dace13af ,313630294671 ,-0.336792 ,0.19317627 ,-0.8942871 ,3 ,Acc ,15
3dd9e578dace13af ,313730227692 ,-0.32263184 ,0.19110107 ,-0.8922119 ,3 ,Acc ,15
3dd9e578dace13af ,313830742900 ,-0.29797363 ,0.23516846 ,-0.880188 ,3 ,Acc ,15
3dd9e578dace13af ,313930532588 ,-0.2541504 ,0.24658203 ,-0.8682251 ,3 ,Acc ,15
3dd9e578dace13af ,314035440348 ,-0.1706543 ,0.21307373 ,-0.85821533 ,3 ,Acc ,15
3dd9e578dace13af ,314150247796 ,-0.107299805 ,0.22198486 ,-0.8170166 ,3 ,Acc ,15
3dd9e578dace13af ,314250892119 ,-0.099609375 ,0.18170166 ,-0.8046875 ,3 ,Acc ,15
3dd9e578dace13af ,314350441598 ,-0.1404419 ,0.11773682 ,-0.84210205 ,3 ,Acc ,15
3dd9e578dace13af ,314451087692 ,-0.27301025 ,0.07531738 ,-0.8937378 ,3 ,Acc ,15
3dd9e578dace13af ,314550764567 ,-0.34332275 ,-0.03112793 ,-0.8991699 ,3 ,Acc ,15
3dd9e578dace13af ,314651317640 ,-0.37780762 ,0.0513916 ,-0.8942261 ,3 ,Acc ,15
3dd9e578dace13af ,314752496546 ,-0.40618896 ,0.12475586 ,-0.8786011 ,3 ,Acc ,15
3dd9e578dace13af ,314871046754 ,-0.40045166 ,0.061279297 ,-0.87072754 ,3 ,Acc ,15
3dd9e578dace13af ,314974591702 ,-0.3274536 ,0.086120605 ,-0.8634033 ,3 ,Acc ,15
3dd9e578dace13af ,315091954410 ,-0.19293213 ,0.13891602 ,-0.8480835 ,3 ,Acc ,15
3dd9e578dace13af ,315211882587 ,-0.09832764 ,0.1821289 ,-0.8106079 ,3 ,Acc ,15
3dd9e578dace13af ,315311451389 ,-0.064208984 ,0.1920166 ,-0.81555176 ,3 ,Acc ,15
3dd9e578dace13af ,315412105035 ,-0.13549805 ,0.24505615 ,-0.8269043 ,3 ,Acc ,15
3dd9e578dace13af ,315511889098 ,-0.25 ,0.17126465 ,-0.8651123 ,3 ,Acc ,15
3dd9e578dace13af ,315616734254 ,-0.35681152 ,0.06225586 ,-0.8786011 ,3 ,Acc ,15
3dd9e578dace13af ,315732472066 ,-0.43865967 ,0.026062012 ,-0.8545532 ,3 ,Acc ,15
3dd9e578dace13af ,315832754931 ,-0.45446777 ,-6.1035156E-5 ,-0.8381958 ,3 ,Acc ,15
3dd9e578dace13af ,315851391337 ,6.319397 ,-2.8733215 ,-1.2261047 ,0 ,Acc ,10
3dd9e578dace13af ,315872808681 ,11.018116 ,-3.3375173 ,3.6296098 ,3 ,Acc ,1
3dd9e578dace13af ,315934288681 ,-0.3850708 ,0.0012817383 ,-0.84191895 ,3 ,Acc ,15
3dd9e578dace13af ,316052934566 ,-0.23590088 ,0.077697754 ,-0.8484497 ,3 ,Acc ,15
3dd9e578dace13af ,316172975868 ,-0.12182617 ,0.18682861 ,-0.81121826 ,3 ,Acc ,15
3dd9e578dace13af ,316392632639 ,-0.16564941 ,0.274292 ,-0.8260498 ,3 ,Acc ,15
3dd9e578dace13af ,316693441285 ,-0.40142822 ,0.034606934 ,-0.83251953 ,3 ,Acc ,15
3dd9e578dace13af ,316793455868 ,-0.4175415 ,-0.03100586 ,-0.81622314 ,3 ,Acc ,15
3dd9e578dace13af ,316893778264 ,-0.34973145 ,-0.03338623 ,-0.8216553 ,3 ,Acc ,15
3dd9e578dace13af ,316993855243 ,-0.24871826 ,0.028869629 ,-0.83477783 ,3 ,Acc ,15
3dd9e578dace13af ,317093940608 ,-0.14941406 ,0.14782715 ,-0.8201294 ,3 ,Acc ,15
3dd9e578dace13af ,317194055139 ,-0.05493164 ,0.25054932 ,-0.78723145 ,3 ,Acc ,15
3dd9e578dace13af ,317294120139 ,-0.09185791 ,0.36395264 ,-0.7694702 ,3 ,Acc ,15
3dd9e578dace13af ,317394045451 ,-0.20306396 ,0.30755615 ,-0.8059082 ,3 ,Acc ,15
3dd9e578dace13af ,317494350139 ,-0.27301025 ,0.12628174 ,-0.8477783 ,3 ,Acc ,15
3dd9e578dace13af ,317597974097 ,-0.37316895 ,0.10119629 ,-0.8347168 ,3 ,Acc ,15
3dd9e578dace13af ,317718012118 ,-0.43389893 ,0.029663086 ,-0.81048584 ,3 ,Acc ,15
3dd9e578dace13af ,317835300295 ,-0.36834717 ,-0.018676758 ,-0.8093872 ,3 ,Acc ,15
3dd9e578dace13af ,317954775711 ,-0.2397461 ,0.08190918 ,-0.8175049 ,3 ,Acc ,15
3dd9e578dace13af ,318055042222 ,-0.16137695 ,0.22302246 ,-0.7689209 ,3 ,Acc ,15
3dd9e578dace13af ,318155124409 ,-0.08972168 ,0.2972412 ,-0.73864746 ,3 ,Acc ,15
3dd9e578dace13af ,318255183420 ,-0.16931152 ,0.35906982 ,-0.7474365 ,3 ,Acc ,15
3dd9e578dace13af ,318375305503 ,-0.276062 ,0.1251831 ,-0.8173828 ,3 ,Acc ,15
3dd9e578dace13af ,318495396597 ,-0.35662842 ,0.022583008 ,-0.8128052 ,3 ,Acc ,15
3dd9e578dace13af ,318594910086 ,-0.4317627 ,0.052490234 ,-0.7836914 ,3 ,Acc ,15
3dd9e578dace13af ,318695661544 ,-0.39996338 ,-0.053588867 ,-0.77801514 ,3 ,Acc ,15
3dd9e578dace13af ,318798558003 ,-0.31292725 ,-0.025390625 ,-0.78900146 ,3 ,Acc ,15
3dd9e578dace13af ,318854540659 ,5.5507355 ,0.2271576 ,-7.1740723 ,0 ,Acc ,10
3dd9e578dace13af ,318875829096 ,7.9583263 ,-3.3087866 ,1.3120226 ,3 ,Acc ,1
3dd9e578dace13af ,318915276024 ,-0.2010498 ,0.14154053 ,-0.7751465 ,3 ,Acc ,15
3dd9e578dace13af ,319015945555 ,-0.12030029 ,0.24798584 ,-0.73443604 ,3 ,Acc ,15
3dd9e578dace13af ,319118319201 ,-0.12097168 ,0.3381958 ,-0.7111206 ,3 ,Acc ,15
3dd9e578dace13af ,319236434044 ,-0.23297119 ,0.21673584 ,-0.77386475 ,3 ,Acc ,15
3dd9e578dace13af ,319339265034 ,-0.27825928 ,0.007507324 ,-0.7998047 ,3 ,Acc ,15
3dd9e578dace13af ,319456942430 ,-0.38256836 ,0.030456543 ,-0.78466797 ,3 ,Acc ,15
3dd9e578dace13af ,319576618263 ,-0.4138794 ,-0.02508545 ,-0.7615967 ,3 ,Acc ,15
3dd9e578dace13af ,319676113315 ,-0.35430908 ,-0.032348633 ,-0.7642212 ,3 ,Acc ,15
3dd9e578dace13af ,319781105450 ,-0.26153564 ,0.038269043 ,-0.7685547 ,3 ,Acc ,15
3dd9e578dace13af ,319896980659 ,-0.16711426 ,0.15289307 ,-0.7335205 ,3 ,Acc ,15
3dd9e578dace13af ,320017096648 ,-0.11071777 ,0.23394775 ,-0.7069702 ,3 ,Acc ,15
3dd9e578dace13af ,320137269721 ,-0.21130371 ,0.28564453 ,-0.71746826 ,3 ,Acc ,15
3dd9e578dace13af ,320237585867 ,-0.26586914 ,0.13885498 ,-0.7636719 ,3 ,Acc ,15
3dd9e578dace13af ,320337507325 ,-0.3557129 ,0.10626221 ,-0.77368164 ,3 ,Acc ,15
3dd9e578dace13af ,320437662742 ,-0.42834473 ,0.07922363 ,-0.7706909 ,3 ,Acc ,15
3dd9e578dace13af ,320539707117 ,-0.41644287 ,-7.324219E-4 ,-0.7659912 ,3 ,Acc ,15
3dd9e578dace13af ,320659685554 ,-0.33551025 ,0.047180176 ,-0.75720215 ,3 ,Acc ,15
3dd9e578dace13af ,320777953679 ,-0.21551514 ,0.16796875 ,-0.72216797 ,3 ,Acc ,15
3dd9e578dace13af ,320879410450 ,-0.14337158 ,0.24957275 ,-0.6734009 ,3 ,Acc ,15
3dd9e578dace13af ,320997618366 ,-0.14605713 ,0.33312988 ,-0.67211914 ,3 ,Acc ,15
3dd9e578dace13af ,321098373783 ,-0.23498535 ,0.2833252 ,-0.71099854 ,3 ,Acc ,15
3dd9e578dace13af ,321197957585 ,-0.28167725 ,0.12249756 ,-0.753479 ,3 ,Acc ,15
3dd9e578dace13af ,321299968679 ,-0.37261963 ,0.08892822 ,-0.75097656 ,3 ,Acc ,15
3dd9e578dace13af ,321418691023 ,-0.4258423 ,0.020751953 ,-0.7408447 ,3 ,Acc ,15
3dd9e578dace13af ,321521688158 ,-0.4048462 ,-0.012268066 ,-0.7263794 ,3 ,Acc ,15
3dd9e578dace13af ,321639001387 ,-0.30285645 ,0.035095215 ,-0.7247925 ,3 ,Acc ,15
3dd9e578dace13af ,321738997585 ,-0.22912598 ,0.13433838 ,-0.69158936 ,3 ,Acc ,15
3dd9e578dace13af ,321839286595 ,-0.12109375 ,0.17126465 ,-0.6571045 ,3 ,Acc ,15
3dd9e578dace13af ,321857783158 ,12.163452 ,1.288208 ,-10.407486 ,0 ,Acc ,10
3dd9e578dace13af ,321879244512 ,10.745177 ,-1.6759412 ,-1.1492168 ,3 ,Acc ,1
3dd9e578dace13af ,321939270502 ,-0.07305908 ,0.2154541 ,-0.66534424 ,3 ,Acc ,15
3dd9e578dace13af ,322039430137 ,-0.20874023 ,0.28216553 ,-0.6762085 ,3 ,Acc ,15
3dd9e578dace13af ,322139454199 ,-0.30981445 ,0.1628418 ,-0.71655273 ,3 ,Acc ,15
3dd9e578dace13af ,322239712116 ,-0.369812 ,0.032409668 ,-0.73010254 ,3 ,Acc ,15
3dd9e578dace13af ,322339678887 ,-0.40734863 ,-0.04736328 ,-0.71868896 ,3 ,Acc ,15
3dd9e578dace13af ,322439932064 ,-0.41046143 ,-0.066833496 ,-0.71533203 ,3 ,Acc ,15
3dd9e578dace13af ,322539840241 ,-0.36505127 ,-0.003967285 ,-0.70806885 ,3 ,Acc ,15
3dd9e578dace13af ,322643018210 ,-0.26281738 ,0.079956055 ,-0.69091797 ,3 ,Acc ,15
3dd9e578dace13af ,322759540032 ,-0.1809082 ,0.206604 ,-0.6415405 ,3 ,Acc ,15
3dd9e578dace13af ,322860181387 ,-0.16394043 ,0.3059082 ,-0.6188965 ,3 ,Acc ,15
3dd9e578dace13af ,322980343730 ,-0.27288818 ,0.32751465 ,-0.6278076 ,3 ,Acc ,15
3dd9e578dace13af ,323079971855 ,-0.31103516 ,0.12786865 ,-0.68652344 ,3 ,Acc ,15
3dd9e578dace13af ,323181927220 ,-0.3718872 ,0.05316162 ,-0.690979 ,3 ,Acc ,15
3dd9e578dace13af ,323300907532 ,-0.43023682 ,0.014404297 ,-0.66412354 ,3 ,Acc ,15
3dd9e578dace13af ,323422463626 ,-0.40026855 ,-0.038146973 ,-0.6487427 ,3 ,Acc ,15
3dd9e578dace13af ,323540956126 ,-0.30169678 ,0.019592285 ,-0.64538574 ,3 ,Acc ,15
3dd9e578dace13af ,323641307636 ,-0.24383545 ,0.15124512 ,-0.61273193 ,3 ,Acc ,15
3dd9e578dace13af ,323741196699 ,-0.18701172 ,0.25 ,-0.5732422 ,3 ,Acc ,15
3dd9e578dace13af ,323841463105 ,-0.18304443 ,0.321167 ,-0.56970215 ,3 ,Acc ,15
3dd9e578dace13af ,323941386959 ,-0.272583 ,0.29974365 ,-0.6008911 ,3 ,Acc ,15
3dd9e578dace13af ,324041662688 ,-0.30426025 ,0.14813232 ,-0.65515137 ,3 ,Acc ,15
3dd9e578dace13af ,324146356542 ,-0.3914795 ,0.101623535 ,-0.66363525 ,3 ,Acc ,15
3dd9e578dace13af ,324261958313 ,-0.44256592 ,0.013000488 ,-0.66589355 ,3 ,Acc ,15
3dd9e578dace13af ,324381862219 ,-0.39068604 ,-0.0178833 ,-0.6484375 ,3 ,Acc ,15
3dd9e578dace13af ,324481490917 ,-0.3147583 ,0.08325195 ,-0.63275146 ,3 ,Acc ,15
3dd9e578dace13af ,324582114251 ,-0.23364258 ,0.20367432 ,-0.5942993 ,3 ,Acc ,15
3dd9e578dace13af ,324702247792 ,-0.16485596 ,0.30438232 ,-0.5397949 ,3 ,Acc ,15
3dd9e578dace13af ,324804456907 ,-0.17248535 ,0.34545898 ,-0.5410156 ,3 ,Acc ,15
3dd9e578dace13af ,324861225552 ,10.795654 ,3.1010437 ,-4.3038177 ,0 ,Acc ,10
3dd9e578dace13af ,324882663209 ,9.011775 ,-3.9312792 ,2.9352913 ,3 ,Acc ,1
3dd9e578dace13af ,324922053677 ,-0.2602539 ,0.2736206 ,-0.59277344 ,3 ,Acc ,15
3dd9e578dace13af ,325022564719 ,-0.3225708 ,0.1616211 ,-0.6317749 ,3 ,Acc ,15
3dd9e578dace13af ,325222858365 ,-0.43621826 ,0.053344727 ,-0.6433716 ,3 ,Acc ,15
3dd9e578dace13af ,325322473625 ,-0.41845703 ,0.034729004 ,-0.62493896 ,3 ,Acc ,15
3dd9e578dace13af ,325428246646 ,-0.34143066 ,0.06488037 ,-0.60150146 ,3 ,Acc ,15
3dd9e578dace13af ,325543150396 ,-0.22888184 ,0.16748047 ,-0.5775757 ,3 ,Acc ,15
3dd9e578dace13af ,325643304771 ,-0.17840576 ,0.27398682 ,-0.5355835 ,3 ,Acc ,15
3dd9e578dace13af ,325743272219 ,-0.18011475 ,0.35339355 ,-0.5232544 ,3 ,Acc ,15
3dd9e578dace13af ,325848860240 ,-0.26275635 ,0.34295654 ,-0.5422363 ,3 ,Acc ,15
3dd9e578dace13af ,325963826490 ,-0.3012085 ,0.16625977 ,-0.5970459 ,3 ,Acc ,15
3dd9e578dace13af ,326063841750 ,-0.39331055 ,0.117614746 ,-0.598999 ,3 ,Acc ,15
3dd9e578dace13af ,326163338677 ,-0.42236328 ,0.026977539 ,-0.5866699 ,3 ,Acc ,15
3dd9e578dace13af ,326263884094 ,-0.39941406 ,-0.024047852 ,-0.5689697 ,3 ,Acc ,15
3dd9e578dace13af ,326363462062 ,-0.3555298 ,0.03704834 ,-0.55615234 ,3 ,Acc ,15
3dd9e578dace13af ,326464195135 ,-0.26843262 ,0.13397217 ,-0.54241943 ,3 ,Acc ,15
3dd9e578dace13af ,326563770500 ,-0.21594238 ,0.24438477 ,-0.49346924 ,3 ,Acc ,15
3dd9e578dace13af ,326669960916 ,-0.15344238 ,0.2954712 ,-0.48406982 ,3 ,Acc ,15
3dd9e578dace13af ,326790490812 ,-0.21179199 ,0.3519287 ,-0.4883423 ,3 ,Acc ,15
3dd9e578dace13af ,326904581906 ,-0.27642822 ,0.25231934 ,-0.52227783 ,3 ,Acc ,15
3dd9e578dace13af ,327024714093 ,-0.36065674 ,0.16375732 ,-0.5396118 ,3 ,Acc ,15
3dd9e578dace13af ,327124352427 ,-0.43676758 ,0.09741211 ,-0.54522705 ,3 ,Acc ,15
3dd9e578dace13af ,327224941541 ,-0.4104004 ,0.022460938 ,-0.5375366 ,3 ,Acc ,15
3dd9e578dace13af ,327324504927 ,-0.3753662 ,0.08026123 ,-0.5211792 ,3 ,Acc ,15
3dd9e578dace13af ,327445393833 ,-0.27508545 ,0.21777344 ,-0.5055542 ,3 ,Acc ,15
3dd9e578dace13af ,327545253312 ,-0.22589111 ,0.3579712 ,-0.4406128 ,3 ,Acc ,15
3dd9e578dace13af ,327645477947 ,-0.18218994 ,0.4345703 ,-0.41906738 ,3 ,Acc ,15
3dd9e578dace13af ,327745499666 ,-0.26019287 ,0.47503662 ,-0.42736816 ,3 ,Acc ,15
3dd9e578dace13af ,327845903728 ,-0.36010742 ,0.38250732 ,-0.47961426 ,3 ,Acc ,15
3dd9e578dace13af ,327864384874 ,10.872391 ,3.562378 ,-2.4712677 ,0 ,Acc ,10
3dd9e578dace13af ,327885797895 ,8.90643 ,-4.462792 ,2.4420857 ,3 ,Acc ,1
3dd9e578dace13af ,327945712374 ,-0.41070557 ,0.2368164 ,-0.5321045 ,3 ,Acc ,15
3dd9e578dace13af ,328045942583 ,-0.5046387 ,0.19140625 ,-0.5184326 ,3 ,Acc ,15
3dd9e578dace13af ,328145991332 ,-0.5593262 ,0.15460205 ,-0.49035645 ,3 ,Acc ,15
3dd9e578dace13af ,328246275082 ,-0.53930664 ,0.14660645 ,-0.48028564 ,3 ,Acc ,15
3dd9e578dace13af ,328346176749 ,-0.47821045 ,0.24475098 ,-0.4708252 ,3 ,Acc ,15
3dd9e578dace13af ,328446340187 ,-0.38653564 ,0.39990234 ,-0.45568848 ,3 ,Acc ,15
3dd9e578dace13af ,328546990082 ,-0.29730225 ,0.5316162 ,-0.4066162 ,3 ,Acc ,15
3dd9e578dace13af ,328666406957 ,-0.24523926 ,0.6090698 ,-0.39196777 ,3 ,Acc ,15
3dd9e578dace13af ,328766014614 ,-0.35009766 ,0.6029663 ,-0.40679932 ,3 ,Acc ,15
3dd9e578dace13af ,328866737218 ,-0.45373535 ,0.46411133 ,-0.46264648 ,3 ,Acc ,15
3dd9e578dace13af ,328966276593 ,-0.5247803 ,0.34735107 ,-0.4854126 ,3 ,Acc ,15
3dd9e578dace13af ,329067002947 ,-0.6308594 ,0.3371582 ,-0.43603516 ,3 ,Acc ,15
3dd9e578dace13af ,329166465603 ,-0.65423584 ,0.2767334 ,-0.42596436 ,3 ,Acc ,15
3dd9e578dace13af ,329267230967 ,-0.61621094 ,0.28137207 ,-0.4348755 ,3 ,Acc ,15
3dd9e578dace13af ,329387152165 ,-0.5067749 ,0.40374756 ,-0.44952393 ,3 ,Acc ,15
3dd9e578dace13af ,329507501540 ,-0.38964844 ,0.5325928 ,-0.45239258 ,3 ,Acc ,15
3dd9e578dace13af ,329606976436 ,-0.30493164 ,0.59851074 ,-0.4467163 ,3 ,Acc ,15
3dd9e578dace13af ,329707586071 ,-0.2876587 ,0.64520264 ,-0.43029785 ,3 ,Acc ,15
3dd9e578dace13af ,329807684561 ,-0.38537598 ,0.62872314 ,-0.40472412 ,3 ,Acc ,15
3dd9e578dace13af ,329907831592 ,-0.44226074 ,0.48724365 ,-0.45666504 ,3 ,Acc ,15
3dd9e578dace13af ,330007946384 ,-0.55255127 ,0.43676758 ,-0.43536377 ,3 ,Acc ,15
3dd9e578dace13af ,330108103155 ,-0.618042 ,0.40594482 ,-0.4099121 ,3 ,Acc ,15
3dd9e578dace13af ,330208085655 ,-0.60858154 ,0.36047363 ,-0.39886475 ,3 ,Acc ,15
3dd9e578dace13af ,330308324509 ,-0.5656738 ,0.35333252 ,-0.40246582 ,3 ,Acc ,15
3dd9e578dace13af ,330408254821 ,-0.4868164 ,0.4472046 ,-0.38604736 ,3 ,Acc ,15
3dd9e578dace13af ,330508488467 ,-0.38433838 ,0.55877686 ,-0.36657715 ,3 ,Acc ,15
3dd9e578dace13af ,330610140811 ,-0.29229736 ,0.6378784 ,-0.33581543 ,3 ,Acc ,15
3dd9e578dace13af ,330728822842 ,-0.23394775 ,0.68133545 ,-0.29968262 ,3 ,Acc ,15
3dd9e578dace13af ,330830603936 ,-0.256958 ,0.71209717 ,-0.24700928 ,3 ,Acc ,15
3dd9e578dace13af ,330867622061 ,12.81192 ,-7.2681427 ,7.4717255 ,0 ,Acc ,10
3dd9e578dace13af ,330889671436 ,3.3662477 ,-12.076353 ,6.4643445 ,3 ,Acc ,1
3dd9e578dace13af ,330948918936 ,-0.18884277 ,0.7579346 ,-0.1329956 ,3 ,Acc ,15
3dd9e578dace13af ,331049842581 ,-0.022094727 ,0.76538086 ,-0.094177246 ,3 ,Acc ,15
3dd9e578dace13af ,331149155029 ,0.13165283 ,0.7531738 ,-0.08270264 ,3 ,Acc ,15
3dd9e578dace13af ,331249845810 ,0.21289063 ,0.72595215 ,-0.07550049 ,3 ,Acc ,15
3dd9e578dace13af ,331351036279 ,0.24786377 ,0.7008667 ,-0.049621582 ,3 ,Acc ,15
3dd9e578dace13af ,331469466904 ,0.27209473 ,0.6668701 ,-0.020935059 ,3 ,Acc ,15
3dd9e578dace13af ,331570813206 ,0.3032837 ,0.6412964 ,-0.03375244 ,3 ,Acc ,15
3dd9e578dace13af ,331689139977 ,0.35162354 ,0.6234131 ,-0.074035645 ,3 ,Acc ,15
3dd9e578dace13af ,331789629039 ,0.3671875 ,0.6152344 ,-0.12554932 ,3 ,Acc ,15
3dd9e578dace13af ,331890502946 ,0.35040283 ,0.6314697 ,-0.14672852 ,3 ,Acc ,15
3dd9e578dace13af ,331992371331 ,0.3239746 ,0.65130615 ,-0.15716553 ,3 ,Acc ,15
3dd9e578dace13af ,332110062216 ,0.27960205 ,0.6500244 ,-0.16363525 ,3 ,Acc ,15
3dd9e578dace13af ,332211392841 ,0.27978516 ,0.64245605 ,-0.16247559 ,3 ,Acc ,15
3dd9e578dace13af ,332310891070 ,-0.14849854 ,0.16534424 ,-0.3847046 ,3 ,Acc ,15
3dd9e578dace13af ,332430458727 ,-0.15808105 ,0.18200684 ,-0.37097168 ,3 ,Acc ,15
3dd9e578dace13af ,332530139195 ,-0.18017578 ,0.20037842 ,-0.35791016 ,3 ,Acc ,15
3dd9e578dace13af ,332633733727 ,-0.18621826 ,0.2053833 ,-0.34802246 ,3 ,Acc ,15
3dd9e578dace13af ,332750832164 ,-0.19110107 ,0.20471191 ,-0.33343506 ,3 ,Acc ,15
3dd9e578dace13af ,332851282893 ,-0.2041626 ,0.20758057 ,-0.322937 ,3 ,Acc ,15
3dd9e578dace13af ,332951732320 ,-0.21398926 ,0.21057129 ,-0.3139038 ,3 ,Acc ,15
3dd9e578dace13af ,333071214976 ,-0.22094727 ,0.21124268 ,-0.30584717 ,3 ,Acc ,15
3dd9e578dace13af ,333191255601 ,-0.22253418 ,0.21087646 ,-0.29974365 ,3 ,Acc ,15
3dd9e578dace13af ,333311315810 ,-0.22247314 ,0.20916748 ,-0.29315186 ,3 ,Acc ,15
3dd9e578dace13af ,333410881330 ,-0.21954346 ,0.20812988 ,-0.28790283 ,3 ,Acc ,15
3dd9e578dace13af ,333511671955 ,-0.21582031 ,0.20599365 ,-0.2854004 ,3 ,Acc ,15
3dd9e578dace13af ,333611438414 ,-0.21636963 ,0.20788574 ,-0.28295898 ,3 ,Acc ,15
3dd9e578dace13af ,333731443518 ,-0.21740723 ,0.21160889 ,-0.28063965 ,3 ,Acc ,15
3dd9e578dace13af ,333831987216 ,-0.2189331 ,0.21539307 ,-0.2774048 ,3 ,Acc ,15
3dd9e578dace13af ,333870955549 ,-0.017364502 ,-0.24943542 ,-0.039916992 ,0 ,Acc ,10
3dd9e578dace13af ,333892434872 ,-2.4947581 ,-5.410896 ,7.9008656 ,3 ,Acc ,1
3dd9e578dace13af ,333933346643 ,-0.21844482 ,0.21905518 ,-0.27331543 ,3 ,Acc ,15
3dd9e578dace13af ,334053370341 ,-0.21905518 ,0.22271729 ,-0.26715088 ,3 ,Acc ,15
3dd9e578dace13af ,334176227736 ,-0.21948242 ,0.22259521 ,-0.26135254 ,3 ,Acc ,15
3dd9e578dace13af ,334294038830 ,-0.22125244 ,0.22381592 ,-0.25689697 ,3 ,Acc ,15
3dd9e578dace13af ,334412189091 ,-0.22460938 ,0.22546387 ,-0.25073242 ,3 ,Acc ,15
3dd9e578dace13af ,334512784611 ,-0.22717285 ,0.2263794 ,-0.24371338 ,3 ,Acc ,15
