3dd9e578dace13af ,620782212314 ,0.081848145 ,0.21966553 ,-0.9702759 ,3 ,Acc ,15
3dd9e578dace13af ,620902847574 ,0.07342529 ,0.2241211 ,-0.9700928 ,3 ,Acc ,15
3dd9e578dace13af ,621003078251 ,0.08703613 ,0.85754395 ,-0.506897 ,3 ,Acc ,15
3dd9e578dace13af ,621103238147 ,0.07788086 ,0.86590576 ,-0.4940796 ,3 ,Acc ,15
3dd9e578dace13af ,621203347783 ,0.07067871 ,0.86901855 ,-0.48962402 ,3 ,Acc ,15
3dd9e578dace13af ,621303200387 ,0.058166504 ,0.8742676 ,-0.4819336 ,3 ,Acc ,15
3dd9e578dace13af ,621403566689 ,0.044006348 ,0.87335205 ,-0.48510742 ,3 ,Acc ,15
3dd9e578dace13af ,621503590387 ,0.022338867 ,0.8751221 ,-0.4833374 ,3 ,Acc ,15
3dd9e578dace13af ,621603733355 ,-0.0068969727 ,0.8723755 ,-0.48828125 ,3 ,Acc ,15
3dd9e578dace13af ,621703708564 ,-0.041931152 ,0.87542725 ,-0.47906494 ,3 ,Acc ,15
3dd9e578dace13af ,621803894241 ,-0.08227539 ,0.87420654 ,-0.4706421 ,3 ,Acc ,15
3dd9e578dace13af ,621904026376 ,-0.11883545 ,0.8642578 ,-0.47320557 ,3 ,Acc ,15
3dd9e578dace13af ,622004143928 ,-0.15490723 ,0.85150146 ,-0.4767456 ,3 ,Acc ,15
3dd9e578dace13af ,622104224397 ,-0.18664551 ,0.84680176 ,-0.4666748 ,3 ,Acc ,15
3dd9e578dace13af ,622204349605 ,-0.20166016 ,0.8428345 ,-0.4619751 ,3 ,Acc ,15
3dd9e578dace13af ,622304423251 ,-0.20391846 ,0.83813477 ,-0.4666748 ,3 ,Acc ,15
3dd9e578dace13af ,622404586168 ,-0.19927979 ,0.83795166 ,-0.46862793 ,3 ,Acc ,15
3dd9e578dace13af ,622504507209 ,-0.18005371 ,0.84350586 ,-0.46728516 ,3 ,Acc ,15
3dd9e578dace13af ,622604785230 ,-0.16033936 ,0.84606934 ,-0.47088623 ,3 ,Acc ,15
3dd9e578dace13af ,622705377938 ,-0.14660645 ,0.847229 ,-0.47509766 ,3 ,Acc ,15
3dd9e578dace13af ,622825003147 ,-0.13476563 ,0.8475952 ,-0.4786377 ,3 ,Acc ,15
3dd9e578dace13af ,622945085282 ,-0.1307373 ,0.8477173 ,-0.4763794 ,3 ,Acc ,15
3dd9e578dace13af ,623065258042 ,-0.1496582 ,0.8451538 ,-0.46435547 ,3 ,Acc ,15
3dd9e578dace13af ,623185329084 ,-0.18920898 ,0.7863159 ,-0.51763916 ,3 ,Acc ,15
3dd9e578dace13af ,623305399032 ,-0.17694092 ,0.5973511 ,-0.6895752 ,3 ,Acc ,15
3dd9e578dace13af ,623405541480 ,-0.18518066 ,0.4979248 ,-0.7349243 ,3 ,Acc ,15
3dd9e578dace13af ,623505662365 ,-0.25830078 ,0.43347168 ,-0.7525635 ,3 ,Acc ,15
3dd9e578dace13af ,623605880855 ,-0.37634277 ,0.3425293 ,-0.7868042 ,3 ,Acc ,15
3dd9e578dace13af ,623705762365 ,-0.47106934 ,0.14520264 ,-0.83099365 ,3 ,Acc ,15
3dd9e578dace13af ,623784612938 ,5.5555267 ,-2.6182556 ,1.0620575 ,0 ,Acc ,10
3dd9e578dace13af ,623806061063 ,-0.55773926 ,0.10144043 ,-0.8112793 ,3 ,Acc ,15
3dd9e578dace13af ,623906197521 ,-0.58758545 ,0.057373047 ,-0.7927246 ,3 ,Acc ,15
3dd9e578dace13af ,624006639917 ,-0.6036377 ,0.02758789 ,-0.7739258 ,3 ,Acc ,15
3dd9e578dace13af ,624106346063 ,-0.5470581 ,0.0692749 ,-0.7874756 ,3 ,Acc ,15
3dd9e578dace13af ,624209518563 ,-0.5522461 ,0.03503418 ,-0.76556396 ,3 ,Acc ,15
3dd9e578dace13af ,624325933302 ,-0.5050049 ,0.028625488 ,-0.74853516 ,3 ,Acc ,15
3dd9e578dace13af ,624426563667 ,-0.43096924 ,0.051635742 ,-0.744751 ,3 ,Acc ,15
3dd9e578dace13af ,624527267208 ,-0.36541748 ,0.11053467 ,-0.7348633 ,3 ,Acc ,15
3dd9e578dace13af ,624646191219 ,-0.31341553 ,0.13189697 ,-0.7140503 ,3 ,Acc ,15
3dd9e578dace13af ,624746900802 ,-0.3031006 ,0.08673096 ,-0.73187256 ,3 ,Acc ,15
3dd9e578dace13af ,624847124917 ,-0.38970947 ,0.06561279 ,-0.7614746 ,3 ,Acc ,15
3dd9e578dace13af ,624947214708 ,-0.4420166 ,-0.03100586 ,-0.7624512 ,3 ,Acc ,15
3dd9e578dace13af ,625067284187 ,-0.50982666 ,-0.03326416 ,-0.75775146 ,3 ,Acc ,15
3dd9e578dace13af ,625187559812 ,-0.55578613 ,-0.07299805 ,-0.7316284 ,3 ,Acc ,15
3dd9e578dace13af ,625286952625 ,-0.55023193 ,-0.1161499 ,-0.708374 ,3 ,Acc ,15
3dd9e578dace13af ,625387599552 ,-0.5159912 ,-0.06768799 ,-0.704895 ,3 ,Acc ,15
3dd9e578dace13af ,625487158771 ,-0.43811035 ,0.00592041 ,-0.708374 ,3 ,Acc ,15
3dd9e578dace13af ,625587893406 ,-0.39031982 ,0.12231445 ,-0.67333984 ,3 ,Acc ,15
3dd9e578dace13af ,625687365906 ,-0.34436035 ,0.18359375 ,-0.6529541 ,3 ,Acc ,15
3dd9e578dace13af ,625788042989 ,-0.3614502 ,0.20916748 ,-0.67785645 ,3 ,Acc ,15
3dd9e578dace13af ,625908284864 ,-0.45428467 ,0.10040283 ,-0.7282715 ,3 ,Acc ,15
3dd9e578dace13af ,626008731375 ,-0.49493408 ,-0.02331543 ,-0.7462158 ,3 ,Acc ,15
3dd9e578dace13af ,626108483354 ,-0.5543213 ,-0.022277832 ,-0.75323486 ,3 ,Acc ,15
3dd9e578dace13af ,626208638979 ,-0.5887451 ,-0.042175293 ,-0.73638916 ,3 ,Acc ,15
3dd9e578dace13af ,626408784083 ,-0.50775146 ,-0.047729492 ,-0.7043457 ,3 ,Acc ,15
3dd9e578dace13af ,626508856322 ,-0.39178467 ,-0.036621094 ,-0.70513916 ,3 ,Acc ,15
3dd9e578dace13af ,626609043406 ,-0.29571533 ,0.026611328 ,-0.7029419 ,3 ,Acc ,15
3dd9e578dace13af ,626787930489 ,6.615158 ,4.278366 ,-7.71344 ,0 ,Acc ,10
3dd9e578dace13af ,627549953822 ,-0.28405762 ,-0.07873535 ,-0.60302734 ,3 ,Acc ,15
3dd9e578dace13af ,627670147207 ,-0.24359131 ,0.05456543 ,-0.572937 ,3 ,Acc ,15
3dd9e578dace13af ,627790183301 ,-0.3291626 ,0.13623047 ,-0.5663452 ,3 ,Acc ,15
3dd9e578dace13af ,627910439290 ,-0.35968018 ,-0.070251465 ,-0.583374 ,3 ,Acc ,15
3dd9e578dace13af ,628010646895 ,-0.39031982 ,-0.23022461 ,-0.57598877 ,3 ,Acc ,15
3dd9e578dace13af ,628110633717 ,-0.44677734 ,-0.3043213 ,-0.5698242 ,3 ,Acc ,15
3dd9e578dace13af ,628210891790 ,-0.43725586 ,-0.37628174 ,-0.53912354 ,3 ,Acc ,15
3dd9e578dace13af ,628310891790 ,-0.3814087 ,-0.3720703 ,-0.52142334 ,3 ,Acc ,15
3dd9e578dace13af ,628410959551 ,-0.29431152 ,-0.30316162 ,-0.52178955 ,3 ,Acc ,15
3dd9e578dace13af ,628510941894 ,-0.27746582 ,-0.14831543 ,-0.50994873 ,3 ,Acc ,15
3dd9e578dace13af ,628611203874 ,-0.26818848 ,-0.01373291 ,-0.47735596 ,3 ,Acc ,15
3dd9e578dace13af ,628711229394 ,-0.29089355 ,0.057556152 ,-0.4729004 ,3 ,Acc ,15
3dd9e578dace13af ,628811412676 ,-0.3345337 ,-0.0769043 ,-0.4961548 ,3 ,Acc ,15
3dd9e578dace13af ,628911461426 ,-0.3708496 ,-0.20880127 ,-0.52337646 ,3 ,Acc ,15
3dd9e578dace13af ,629011600853 ,-0.4401245 ,-0.28338623 ,-0.5454712 ,3 ,Acc ,15
3dd9e578dace13af ,629111858144 ,-0.4356079 ,-0.39105225 ,-0.50634766 ,3 ,Acc ,15
3dd9e578dace13af ,629211937571 ,-0.40478516 ,-0.42797852 ,-0.4574585 ,3 ,Acc ,15
3dd9e578dace13af ,629311861998 ,-0.34124756 ,-0.39257813 ,-0.43029785 ,3 ,Acc ,15
3dd9e578dace13af ,629412090175 ,-0.26586914 ,-0.28955078 ,-0.4360962 ,3 ,Acc ,15
3dd9e578dace13af ,629512289550 ,-0.28399658 ,-0.10852051 ,-0.42980957 ,3 ,Acc ,15
3dd9e578dace13af ,629612329915 ,-0.34765625 ,0.06652832 ,-0.41033936 ,3 ,Acc ,15
3dd9e578dace13af ,629712266842 ,-0.44909668 ,0.067871094 ,-0.43621826 ,3 ,Acc ,15
3dd9e578dace13af ,629791041686 ,3.1001434 ,0.7442627 ,-4.6904755 ,0 ,Acc ,10
3dd9e578dace13af ,630112867779 ,-0.39819336 ,-0.4439087 ,-0.42730713 ,3 ,Acc ,15
3dd9e578dace13af ,630212990904 ,-0.364563 ,-0.39239502 ,-0.40808105 ,3 ,Acc ,15
3dd9e578dace13af ,630312984862 ,-0.3123169 ,-0.27142334 ,-0.39538574 ,3 ,Acc ,15
3dd9e578dace13af ,630413158456 ,-0.32000732 ,-0.09436035 ,-0.3581543 ,3 ,Acc ,15
3dd9e578dace13af ,630532391425 ,-0.32470703 ,0.0670166 ,-0.29541016 ,3 ,Acc ,15
3dd9e578dace13af ,630633225592 ,-0.36846924 ,0.07733154 ,-0.33996582 ,3 ,Acc ,15
3dd9e578dace13af ,630753322310 ,-0.38482666 ,-0.15527344 ,-0.4274292 ,3 ,Acc ,15
3dd9e578dace13af ,630873520435 ,-0.3793335 ,-0.32165527 ,-0.47027588 ,3 ,Acc ,15
3dd9e578dace13af ,630973091477 ,-0.43322754 ,-0.347229 ,-0.47717285 ,3 ,Acc ,15
3dd9e578dace13af ,631073844081 ,-0.39782715 ,-0.39678955 ,-0.442688 ,3 ,Acc ,15
3dd9e578dace13af ,631173258404 ,-0.36950684 ,-0.34918213 ,-0.40118408 ,3 ,Acc ,15
3dd9e578dace13af ,632015194133 ,-0.411438 ,-0.42138672 ,-0.3890381 ,3 ,Acc ,15
3dd9e578dace13af ,632595307882 ,-0.45239258 ,0.019470215 ,-0.29284668 ,3 ,Acc ,15
3dd9e578dace13af ,632715504705 ,-0.38702393 ,-0.2539673 ,-0.35858154 ,3 ,Acc ,15
3dd9e578dace13af ,632794397726 ,2.4989624 ,1.7788544 ,-0.9730377 ,0 ,Acc ,10
3dd9e578dace13af ,632815514184 ,-0.4282837 ,-0.3383789 ,-0.39733887 ,3 ,Acc ,15
3dd9e578dace13af ,632915751736 ,-0.4645996 ,-0.36999512 ,-0.38867188 ,3 ,Acc ,15
3dd9e578dace13af ,633015861736 ,-0.41918945 ,-0.40246582 ,-0.33355713 ,3 ,Acc ,15
3dd9e578dace13af ,633216177257 ,-0.38116455 ,-0.15338135 ,-0.27685547 ,3 ,Acc ,15
3dd9e578dace13af ,633316669809 ,-0.41644287 ,0.03918457 ,-0.19561768 ,3 ,Acc ,15
3dd9e578dace13af ,633416349288 ,-0.42645264 ,0.15551758 ,-0.13195801 ,3 ,Acc ,15
3dd9e578dace13af ,633516857465 ,-0.4753418 ,0.08557129 ,-0.20074463 ,3 ,Acc ,15
3dd9e578dace13af ,633616464080 ,-0.44470215 ,-0.1586914 ,-0.28485107 ,3 ,Acc ,15
3dd9e578dace13af ,633717018820 ,-0.38519287 ,-0.34295654 ,-0.3189087 ,3 ,Acc ,15
3dd9e578dace13af ,633837271372 ,-0.4642334 ,-0.36828613 ,-0.33459473 ,3 ,Acc ,15
3dd9e578dace13af ,633957368663 ,-0.41833496 ,-0.39208984 ,-0.2849121 ,3 ,Acc ,15
3dd9e578dace13af ,634077031528 ,-0.40594482 ,-0.25787354 ,-0.2514038 ,3 ,Acc ,15
3dd9e578dace13af ,634197152726 ,-0.43145752 ,-0.034851074 ,-0.19537354 ,3 ,Acc ,15
3dd9e578dace13af ,634317258455 ,-0.41375732 ,0.10668945 ,-0.13104248 ,3 ,Acc ,15
3dd9e578dace13af ,634417436528 ,-0.447937 ,0.13275146 ,-0.15814209 ,3 ,Acc ,15
3dd9e578dace13af ,634517466319 ,-0.475708 ,-0.020935059 ,-0.24316406 ,3 ,Acc ,15
3dd9e578dace13af ,634617731475 ,-0.3866577 ,-0.24853516 ,-0.28546143 ,3 ,Acc ,15
3dd9e578dace13af ,634717685486 ,-0.4393921 ,-0.3168335 ,-0.30981445 ,3 ,Acc ,15
3dd9e578dace13af ,634817921996 ,-0.46173096 ,-0.3511963 ,-0.30029297 ,3 ,Acc ,15
3dd9e578dace13af ,634917947309 ,-0.39855957 ,-0.36968994 ,-0.2609253 ,3 ,Acc ,15
3dd9e578dace13af ,635018043507 ,-0.4091797 ,-0.2468872 ,-0.23059082 ,3 ,Acc ,15
3dd9e578dace13af ,635118351788 ,-0.43536377 ,-0.062072754 ,-0.1729126 ,3 ,Acc ,15
3dd9e578dace13af ,635218281163 ,-0.41680908 ,0.072143555 ,-0.094177246 ,3 ,Acc ,15
3dd9e578dace13af ,635318347986 ,-0.39990234 ,0.15258789 ,-0.06689453 ,3 ,Acc ,15
3dd9e578dace13af ,635418570798 ,-0.46673584 ,0.12652588 ,-0.1251831 ,3 ,Acc ,15
3dd9e578dace13af ,635518582985 ,-0.4800415 ,-0.070739746 ,-0.21118164 ,3 ,Acc ,15
3dd9e578dace13af ,635618788871 ,-0.4202881 ,-0.25500488 ,-0.2522583 ,3 ,Acc ,15
3dd9e578dace13af ,635718707308 ,-0.47155762 ,-0.31585693 ,-0.27911377 ,3 ,Acc ,15
3dd9e578dace13af ,635797679340 ,4.103653 ,-1.1726837 ,1.7153473 ,0 ,Acc ,10
3dd9e578dace13af ,635919162777 ,-0.44122314 ,-0.31481934 ,-0.21765137 ,3 ,Acc ,15
3dd9e578dace13af ,636019219339 ,-0.43878174 ,-0.17047119 ,-0.1842041 ,3 ,Acc ,15
3dd9e578dace13af ,636119404027 ,-0.4588623 ,0.007507324 ,-0.115356445 ,3 ,Acc ,15
3dd9e578dace13af ,636219395902 ,-0.43011475 ,0.12896729 ,-0.038391113 ,3 ,Acc ,15
3dd9e578dace13af ,636319391319 ,-0.43811035 ,0.18011475 ,-0.035949707 ,3 ,Acc ,15
3dd9e578dace13af ,636419638610 ,-0.5074463 ,0.0826416 ,-0.111816406 ,3 ,Acc ,15
3dd9e578dace13af ,636519694235 ,-0.43603516 ,-0.14849854 ,-0.1817627 ,3 ,Acc ,15
3dd9e578dace13af ,636619855641 ,-0.43328857 ,-0.27893066 ,-0.21801758 ,3 ,Acc ,15
3dd9e578dace13af ,636719997464 ,-0.46221924 ,-0.3258667 ,-0.21600342 ,3 ,Acc ,15
3dd9e578dace13af ,636820180589 ,-0.42077637 ,-0.3505249 ,-0.17895508 ,3 ,Acc ,15
3dd9e578dace13af ,636920134704 ,-0.40716553 ,-0.2631836 ,-0.14978027 ,3 ,Acc ,15
3dd9e578dace13af ,637020264860 ,-0.41937256 ,-0.090026855 ,-0.121398926 ,3 ,Acc ,15
3dd9e578dace13af ,637520876422 ,-0.414917 ,-0.18933105 ,-0.14990234 ,3 ,Acc ,15
3dd9e578dace13af ,637620935276 ,-0.44940186 ,-0.2857666 ,-0.16748047 ,3 ,Acc ,15
3dd9e578dace13af ,637720989755 ,-0.46038818 ,-0.3320923 ,-0.15014648 ,3 ,Acc ,15
3dd9e578dace13af ,637821217776 ,-0.40649414 ,-0.32757568 ,-0.1104126 ,3 ,Acc ,15
3dd9e578dace13af ,637921138818 ,-0.4036255 ,-0.20635986 ,-0.08215332 ,3 ,Acc ,15
3dd9e578dace13af ,638021422880 ,-0.4465332 ,-0.0126953125 ,-0.05633545 ,3 ,Acc ,15
3dd9e578dace13af ,638121513193 ,-0.48223877 ,0.14727783 ,0.014160156 ,3 ,Acc ,15
3dd9e578dace13af ,638221620068 ,-0.47265625 ,0.22125244 ,0.04260254 ,3 ,Acc ,15
3dd9e578dace13af ,638321731109 ,-0.52783203 ,0.14465332 ,-0.018859863 ,3 ,Acc ,15
3dd9e578dace13af ,638421882411 ,-0.484375 ,-0.067871094 ,-0.0892334 ,3 ,Acc ,15
3dd9e578dace13af ,638521861995 ,-0.43884277 ,-0.22149658 ,-0.12109375 ,3 ,Acc ,15
3dd9e578dace13af ,638622015588 ,-0.47937012 ,-0.28479004 ,-0.1272583 ,3 ,Acc ,15
3dd9e578dace13af ,638722184495 ,-0.44073486 ,-0.32476807 ,-0.11682129 ,3 ,Acc ,15
3dd9e578dace13af ,638800988609 ,6.6417694 ,2.621399 ,-1.4952393 ,0 ,Acc ,10
3dd9e578dace13af ,638922197463 ,-0.40374756 ,-0.07922363 ,-0.08465576 ,3 ,Acc ,15
3dd9e578dace13af ,639022486109 ,-0.47058105 ,0.11920166 ,0.00592041 ,3 ,Acc ,15
3dd9e578dace13af ,639122599807 ,-0.41711426 ,0.24768066 ,0.09790039 ,3 ,Acc ,15
3dd9e578dace13af ,639222607359 ,-0.40942383 ,0.2824707 ,0.099975586 ,3 ,Acc ,15
3dd9e578dace13af ,639322668609 ,-0.50512695 ,0.14813232 ,0.03387451 ,3 ,Acc ,15
3dd9e578dace13af ,639422894078 ,-0.3970337 ,-0.09887695 ,-0.043395996 ,3 ,Acc ,15
3dd9e578dace13af ,639522906942 ,-0.38305664 ,-0.22332764 ,-0.0793457 ,3 ,Acc ,15
3dd9e578dace13af ,639623163453 ,-0.46899414 ,-0.26171875 ,-0.078552246 ,3 ,Acc ,15
3dd9e578dace13af ,639723133036 ,-0.4321289 ,-0.29766846 ,-0.045837402 ,3 ,Acc ,15
3dd9e578dace13af ,639823319755 ,-0.37628174 ,-0.22491455 ,0.005004883 ,3 ,Acc ,15
3dd9e578dace13af ,639923381213 ,-0.39959717 ,-0.049682617 ,0.049682617 ,3 ,Acc ,15
3dd9e578dace13af ,640023558973 ,-0.44750977 ,0.13452148 ,0.12860107 ,3 ,Acc ,15
3dd9e578dace13af ,640123592202 ,-0.44622803 ,0.25463867 ,0.18743896 ,3 ,Acc ,15
3dd9e578dace13af ,640223761161 ,-0.47930908 ,0.23944092 ,0.16381836 ,3 ,Acc ,15
3dd9e578dace13af ,640323808921 ,-0.5130615 ,0.04864502 ,0.050964355 ,3 ,Acc ,15
3dd9e578dace13af ,640424022984 ,-0.41412354 ,-0.16229248 ,-0.04309082 ,3 ,Acc ,15
3dd9e578dace13af ,640523879234 ,-0.45532227 ,-0.24127197 ,-0.07171631 ,3 ,Acc ,15
3dd9e578dace13af ,640624186265 ,-0.5549927 ,-0.24108887 ,-0.08660889 ,3 ,Acc ,15
3dd9e578dace13af ,640724339286 ,-0.5214844 ,-0.23474121 ,-0.06616211 ,3 ,Acc ,15
3dd9e578dace13af ,640824424702 ,-0.46917725 ,-0.14904785 ,0.004211426 ,3 ,Acc ,15
3dd9e578dace13af ,640924395744 ,-0.44299316 ,0.0025634766 ,0.05432129 ,3 ,Acc ,15
3dd9e578dace13af ,641024616525 ,-0.47155762 ,0.16564941 ,0.13116455 ,3 ,Acc ,15
3dd9e578dace13af ,641124669390 ,-0.45629883 ,0.2772827 ,0.21917725 ,3 ,Acc ,15
3dd9e578dace13af ,641224842046 ,-0.44812012 ,0.2800293 ,0.22363281 ,3 ,Acc ,15
3dd9e578dace13af ,641324841629 ,-0.5496216 ,0.11224365 ,0.117370605 ,3 ,Acc ,15
3dd9e578dace13af ,641425098608 ,-0.4550171 ,-0.12915039 ,0.018615723 ,3 ,Acc ,15
3dd9e578dace13af ,641525094858 ,-0.32073975 ,-0.23388672 ,0.039794922 ,3 ,Acc ,15
3dd9e578dace13af ,641625276316 ,-0.31567383 ,-0.26861572 ,0.09790039 ,3 ,Acc ,15
3dd9e578dace13af ,641725282306 ,-0.17279053 ,-0.28985596 ,0.16021729 ,3 ,Acc ,15
3dd9e578dace13af ,641804079129 ,8.065735 ,-2.4176636 ,-9.3354645 ,0 ,Acc ,10
3dd9e578dace13af ,641925519389 ,0.027954102 ,-0.16052246 ,0.17504883 ,3 ,Acc ,15
3dd9e578dace13af ,642025726785 ,0.048950195 ,-0.103759766 ,0.18804932 ,3 ,Acc ,15
3dd9e578dace13af ,642125781368 ,0.12670898 ,-0.12011719 ,0.25219727 ,3 ,Acc ,15
3dd9e578dace13af ,642225940483 ,0.23516846 ,-0.15148926 ,0.36309814 ,3 ,Acc ,15
3dd9e578dace13af ,642326521837 ,0.31591797 ,-0.17468262 ,0.49450684 ,3 ,Acc ,15
3dd9e578dace13af ,642446522566 ,0.37530518 ,-0.17767334 ,0.5772705 ,3 ,Acc ,15
3dd9e578dace13af ,642566656785 ,0.52563477 ,-0.16430664 ,0.49279785 ,3 ,Acc ,15
3dd9e578dace13af ,642686799806 ,0.7546387 ,-0.13964844 ,0.3380127 ,3 ,Acc ,15
3dd9e578dace13af ,642807002201 ,0.8641968 ,-0.13562012 ,0.23254395 ,3 ,Acc ,15
3dd9e578dace13af ,642927116472 ,0.8949585 ,-0.13745117 ,0.20751953 ,3 ,Acc ,15
3dd9e578dace13af ,643047219545 ,0.897583 ,-0.10491943 ,0.27954102 ,3 ,Acc ,15
3dd9e578dace13af ,643167288712 ,0.8330078 ,-0.09991455 ,0.4456787 ,3 ,Acc ,15
3dd9e578dace13af ,643287602358 ,0.7050781 ,-0.19525146 ,0.59747314 ,3 ,Acc ,15
3dd9e578dace13af ,643407519389 ,0.6478882 ,-0.24627686 ,0.66864014 ,3 ,Acc ,15
3dd9e578dace13af ,643527736628 ,0.71203613 ,-0.2288208 ,0.5953369 ,3 ,Acc ,15
3dd9e578dace13af ,643627424545 ,0.8798828 ,-0.11340332 ,0.4126587 ,3 ,Acc ,15
3dd9e578dace13af ,643727854232 ,0.9400635 ,-0.07287598 ,0.28363037 ,3 ,Acc ,15
3dd9e578dace13af ,643827609128 ,0.91534424 ,-0.12347412 ,0.21807861 ,3 ,Acc ,15
3dd9e578dace13af ,643928357514 ,0.9215698 ,-0.13275146 ,0.17858887 ,3 ,Acc ,15
3dd9e578dace13af ,644048301211 ,0.92370605 ,-0.1408081 ,0.25689697 ,3 ,Acc ,15
3dd9e578dace13af ,644168484857 ,0.83776855 ,-0.16882324 ,0.44885254 ,3 ,Acc ,15
3dd9e578dace13af ,644288586940 ,0.68273926 ,-0.28198242 ,0.61151123 ,3 ,Acc ,15
3dd9e578dace13af ,644387478711 ,0.60375977 ,-0.30615234 ,0.69299316 ,3 ,Acc ,15
3dd9e578dace13af ,644488526367 ,0.60668945 ,-0.2987671 ,0.66955566 ,3 ,Acc ,15
3dd9e578dace13af ,644608316628 ,0.76123047 ,-0.22064209 ,0.4932251 ,3 ,Acc ,15
3dd9e578dace13af ,644728535065 ,0.91119385 ,-0.12054443 ,0.3289795 ,3 ,Acc ,15
3dd9e578dace13af ,644807365117 ,5.083008 ,-5.826782 ,12.911987 ,0 ,Acc ,10
3dd9e578dace13af ,644828727097 ,0.92492676 ,-0.1694336 ,0.2532959 ,3 ,Acc ,15
3dd9e578dace13af ,644928859701 ,0.9283447 ,-0.18695068 ,0.24304199 ,3 ,Acc ,15
3dd9e578dace13af ,645028934857 ,0.91119385 ,-0.17749023 ,0.3272705 ,3 ,Acc ,15
3dd9e578dace13af ,645129080742 ,0.88342285 ,-0.10845947 ,0.45306396 ,3 ,Acc ,15
3dd9e578dace13af ,645229128815 ,0.80804443 ,-0.17626953 ,0.55737305 ,3 ,Acc ,15
3dd9e578dace13af ,645329204596 ,0.7041626 ,-0.27581787 ,0.6382446 ,3 ,Acc ,15
3dd9e578dace13af ,645429146523 ,0.6321411 ,-0.34051514 ,0.6455078 ,3 ,Acc ,15
3dd9e578dace13af ,645529409857 ,0.71051025 ,-0.3209839 ,0.5317993 ,3 ,Acc ,15
3dd9e578dace13af ,645629452200 ,0.8634033 ,-0.19122314 ,0.4050293 ,3 ,Acc ,15
3dd9e578dace13af ,645729427513 ,0.89489746 ,-0.17010498 ,0.3059082 ,3 ,Acc ,15
3dd9e578dace13af ,645829703242 ,0.8874512 ,-0.18981934 ,0.2612915 ,3 ,Acc ,15
3dd9e578dace13af ,645929878190 ,0.9069214 ,-0.18572998 ,0.2730713 ,3 ,Acc ,15
3dd9e578dace13af ,646030086575 ,0.87908936 ,-0.21160889 ,0.36895752 ,3 ,Acc ,15
3dd9e578dace13af ,646130254804 ,0.78271484 ,-0.29400635 ,0.49816895 ,3 ,Acc ,15
3dd9e578dace13af ,646230295325 ,0.68133545 ,-0.3930664 ,0.5734253 ,3 ,Acc ,15
3dd9e578dace13af ,646330519440 ,0.63134766 ,-0.41796875 ,0.6081543 ,3 ,Acc ,15
3dd9e578dace13af ,646430357669 ,0.68707275 ,-0.3796997 ,0.5463867 ,3 ,Acc ,15
3dd9e578dace13af ,646530423450 ,0.8199463 ,-0.27392578 ,0.45025635 ,3 ,Acc ,15
3dd9e578dace13af ,646630492773 ,0.88134766 ,-0.21386719 ,0.359375 ,3 ,Acc ,15
3dd9e578dace13af ,646730707460 ,0.8897095 ,-0.22607422 ,0.30010986 ,3 ,Acc ,15
3dd9e578dace13af ,646830864127 ,0.90740967 ,-0.22210693 ,0.2841797 ,3 ,Acc ,15
3dd9e578dace13af ,646930847721 ,0.8930664 ,-0.23596191 ,0.3494873 ,3 ,Acc ,15
3dd9e578dace13af ,647031051939 ,0.8275757 ,-0.26324463 ,0.47601318 ,3 ,Acc ,15
3dd9e578dace13af ,647131362148 ,0.7223511 ,-0.3466797 ,0.57403564 ,3 ,Acc ,15
3dd9e578dace13af ,647231394908 ,0.6361084 ,-0.38659668 ,0.6411743 ,3 ,Acc ,15
3dd9e578dace13af ,647331377512 ,0.6170654 ,-0.41186523 ,0.61260986 ,3 ,Acc ,15
3dd9e578dace13af ,647431401002 ,0.7470093 ,-0.3538208 ,0.48986816 ,3 ,Acc ,15
3dd9e578dace13af ,647531562356 ,0.8787842 ,-0.23736572 ,0.3895874 ,3 ,Acc ,15
3dd9e578dace13af ,647631510012 ,0.90283203 ,-0.25073242 ,0.2947998 ,3 ,Acc ,15
3dd9e578dace13af ,647731816835 ,0.91137695 ,-0.26898193 ,0.25579834 ,3 ,Acc ,15
3dd9e578dace13af ,647810638502 ,8.439987 ,-4.0795593 ,12.90303 ,0 ,Acc ,10
3dd9e578dace13af ,647831859127 ,0.9104614 ,-0.26538086 ,0.30047607 ,3 ,Acc ,15
3dd9e578dace13af ,647932244231 ,0.8578491 ,-0.2861328 ,0.41723633 ,3 ,Acc ,15
3dd9e578dace13af ,648032277199 ,0.7526245 ,-0.3517456 ,0.5372925 ,3 ,Acc ,15
3dd9e578dace13af ,648132297616 ,0.647583 ,-0.40527344 ,0.6258545 ,3 ,Acc ,15
3dd9e578dace13af ,648232380481 ,0.58673096 ,-0.42974854 ,0.66204834 ,3 ,Acc ,15
3dd9e578dace13af ,648332464543 ,0.642334 ,-0.43969727 ,0.5740967 ,3 ,Acc ,15
3dd9e578dace13af ,648432495533 ,0.7969971 ,-0.3295288 ,0.47546387 ,3 ,Acc ,15
3dd9e578dace13af ,648532519908 ,0.87353516 ,-0.28552246 ,0.3618164 ,3 ,Acc ,15
3dd9e578dace13af ,648632690949 ,0.9069824 ,-0.27923584 ,0.2659912 ,3 ,Acc ,15
3dd9e578dace13af ,648732896470 ,0.9234619 ,-0.2645874 ,0.25598145 ,3 ,Acc ,15
3dd9e578dace13af ,648832933137 ,0.88671875 ,-0.29382324 ,0.3441162 ,3 ,Acc ,15
3dd9e578dace13af ,648932990272 ,0.789917 ,-0.35638428 ,0.48083496 ,3 ,Acc ,15
3dd9e578dace13af ,649033109647 ,0.6621704 ,-0.45794678 ,0.567749 ,3 ,Acc ,15
3dd9e578dace13af ,649133344959 ,0.5831299 ,-0.4887085 ,0.62750244 ,3 ,Acc ,15
3dd9e578dace13af ,649233548553 ,0.60498047 ,-0.48529053 ,0.58947754 ,3 ,Acc ,15
3dd9e578dace13af ,649333542616 ,0.7425537 ,-0.40576172 ,0.49139404 ,3 ,Acc ,15
3dd9e578dace13af ,649433701366 ,0.8482666 ,-0.32092285 ,0.3904419 ,3 ,Acc ,15
3dd9e578dace13af ,649533777303 ,0.88067627 ,-0.31158447 ,0.29278564 ,3 ,Acc ,15
3dd9e578dace13af ,649634016053 ,0.9002075 ,-0.30670166 ,0.26000977 ,3 ,Acc ,15
3dd9e578dace13af ,649733989334 ,0.8815918 ,-0.3338623 ,0.30212402 ,3 ,Acc ,15
3dd9e578dace13af ,649834183657 ,0.8243408 ,-0.35577393 ,0.42626953 ,3 ,Acc ,15
3dd9e578dace13af ,649934180115 ,0.70739746 ,-0.442688 ,0.534729 ,3 ,Acc ,15
3dd9e578dace13af ,650034411209 ,0.5779419 ,-0.5314331 ,0.6067505 ,3 ,Acc ,15
3dd9e578dace13af ,650134472615 ,0.5296631 ,-0.54992676 ,0.6278076 ,3 ,Acc ,15
3dd9e578dace13af ,650234660324 ,0.6171875 ,-0.5256958 ,0.5274658 ,3 ,Acc ,15
3dd9e578dace13af ,650334714542 ,0.7850342 ,-0.38671875 ,0.45281982 ,3 ,Acc ,15
3dd9e578dace13af ,650434792407 ,0.8417969 ,-0.35528564 ,0.33892822 ,3 ,Acc ,15
3dd9e578dace13af ,650534863501 ,0.875 ,-0.321167 ,0.2689209 ,3 ,Acc ,15
3dd9e578dace13af ,650635093865 ,0.9020386 ,-0.28900146 ,0.28814697 ,3 ,Acc ,15
3dd9e578dace13af ,650754534855 ,0.82141113 ,-0.3945923 ,0.39215088 ,3 ,Acc ,15
3dd9e578dace13af ,650813921157 ,2.3083344 ,-0.76431274 ,6.3604126 ,0 ,Acc ,10
3dd9e578dace13af ,650855246105 ,0.7050781 ,-0.47479248 ,0.51623535 ,3 ,Acc ,15
3dd9e578dace13af ,650975397094 ,0.57470703 ,-0.5460205 ,0.60546875 ,3 ,Acc ,15
3dd9e578dace13af ,651095370323 ,0.5343628 ,-0.5779419 ,0.6053467 ,3 ,Acc ,15
3dd9e578dace13af ,651195022146 ,0.65875244 ,-0.5319214 ,0.50946045 ,3 ,Acc ,15
3dd9e578dace13af ,651295734125 ,0.81103516 ,-0.3925171 ,0.4267578 ,3 ,Acc ,15
3dd9e578dace13af ,651395125792 ,0.8727417 ,-0.3463745 ,0.3270874 ,3 ,Acc ,15
3dd9e578dace13af ,651495900740 ,0.8881836 ,-0.3572998 ,0.26049805 ,3 ,Acc ,15
3dd9e578dace13af ,651595382198 ,0.8897705 ,-0.35559082 ,0.2802124 ,3 ,Acc ,15
3dd9e578dace13af ,651696095271 ,0.8344116 ,-0.40496826 ,0.36956787 ,3 ,Acc ,15
3dd9e578dace13af ,651816206313 ,0.6981201 ,-0.4882202 ,0.5148926 ,3 ,Acc ,15
3dd9e578dace13af ,651936422927 ,0.55426025 ,-0.5875244 ,0.5791626 ,3 ,Acc ,15
3dd9e578dace13af ,652036441052 ,0.51971436 ,-0.59869385 ,0.5957031 ,3 ,Acc ,15
3dd9e578dace13af ,652136678917 ,0.62023926 ,-0.57769775 ,0.50061035 ,3 ,Acc ,15
3dd9e578dace13af ,652236818865 ,0.7775879 ,-0.4607544 ,0.4142456 ,3 ,Acc ,15
3dd9e578dace13af ,652336767979 ,0.857605 ,-0.39544678 ,0.31585693 ,3 ,Acc ,15
3dd9e578dace13af ,652437022667 ,0.8826904 ,-0.38256836 ,0.2538452 ,3 ,Acc ,15
3dd9e578dace13af ,652537034802 ,0.87677 ,-0.3850708 ,0.28430176 ,3 ,Acc ,15
3dd9e578dace13af ,652637213083 ,0.807251 ,-0.44696045 ,0.3803711 ,3 ,Acc ,15
3dd9e578dace13af ,652737291104 ,0.66748047 ,-0.550354 ,0.48840332 ,3 ,Acc ,15
3dd9e578dace13af ,652837396156 ,0.5203247 ,-0.63916016 ,0.5549927 ,3 ,Acc ,15
3dd9e578dace13af ,652937415218 ,0.45147705 ,-0.65319824 ,0.5991821 ,3 ,Acc ,15
3dd9e578dace13af ,653037620375 ,0.51916504 ,-0.6361084 ,0.5477295 ,3 ,Acc ,15
3dd9e578dace13af ,653137780635 ,0.68585205 ,-0.5494385 ,0.4489746 ,3 ,Acc ,15
3dd9e578dace13af ,653237834645 ,0.8082886 ,-0.45355225 ,0.36645508 ,3 ,Acc ,15
3dd9e578dace13af ,653337835166 ,0.8588257 ,-0.4243164 ,0.27886963 ,3 ,Acc ,15
3dd9e578dace13af ,653438100635 ,0.8682251 ,-0.43719482 ,0.21484375 ,3 ,Acc ,15
3dd9e578dace13af ,653538207874 ,0.8457031 ,-0.4644165 ,0.24987793 ,3 ,Acc ,15
3dd9e578dace13af ,653638292093 ,0.78601074 ,-0.49517822 ,0.36212158 ,3 ,Acc ,15
3dd9e578dace13af ,653738271937 ,0.6824951 ,-0.55285645 ,0.46569824 ,3 ,Acc ,15
3dd9e578dace13af ,653817027666 ,0.29927063 ,1.1694641 ,3.9739532 ,0 ,Acc ,10
3dd9e578dace13af ,653838458291 ,0.5805664 ,-0.60217285 ,0.5336304 ,3 ,Acc ,15
3dd9e578dace13af ,653938446103 ,0.5321045 ,-0.61035156 ,0.56781006 ,3 ,Acc ,15
3dd9e578dace13af ,654038743864 ,0.55474854 ,-0.63812256 ,0.49468994 ,3 ,Acc ,15
3dd9e578dace13af ,654138863603 ,0.66522217 ,-0.5906372 ,0.4315796 ,3 ,Acc ,15
3dd9e578dace13af ,654238987041 ,0.7632446 ,-0.52819824 ,0.3587036 ,3 ,Acc ,15
3dd9e578dace13af ,654339083187 ,0.8300781 ,-0.4873047 ,0.26708984 ,3 ,Acc ,15
3dd9e578dace13af ,654439152093 ,0.84436035 ,-0.46539307 ,0.26220703 ,3 ,Acc ,15
3dd9e578dace13af ,654539234280 ,0.8065796 ,-0.506897 ,0.30297852 ,3 ,Acc ,15
3dd9e578dace13af ,654639363968 ,0.76013184 ,-0.48266602 ,0.4309082 ,3 ,Acc ,15
3dd9e578dace13af ,654739312666 ,0.6722412 ,-0.54260254 ,0.5031738 ,3 ,Acc ,15
3dd9e578dace13af ,654839555218 ,0.5639038 ,-0.6053467 ,0.5549927 ,3 ,Acc ,15
3dd9e578dace13af ,654939492093 ,0.4876709 ,-0.65441895 ,0.56030273 ,3 ,Acc ,15
3dd9e578dace13af ,655039807405 ,0.5255127 ,-0.67456055 ,0.49163818 ,3 ,Acc ,15
3dd9e578dace13af ,655139988395 ,0.64941406 ,-0.6135254 ,0.43530273 ,3 ,Acc ,15
3dd9e578dace13af ,655240138082 ,0.75665283 ,-0.55804443 ,0.3305664 ,3 ,Acc ,15
3dd9e578dace13af ,655340065426 ,0.8295288 ,-0.48168945 ,0.28112793 ,3 ,Acc ,15
3dd9e578dace13af ,655440212822 ,0.8234253 ,-0.49542236 ,0.27496338 ,3 ,Acc ,15
3dd9e578dace13af ,655540277874 ,0.7807617 ,-0.5253296 ,0.33813477 ,3 ,Acc ,15
3dd9e578dace13af ,655640455165 ,0.6937866 ,-0.5725708 ,0.4319458 ,3 ,Acc ,15
3dd9e578dace13af ,655740422092 ,0.5748291 ,-0.6409302 ,0.49725342 ,3 ,Acc ,15
3dd9e578dace13af ,655840697509 ,0.49188232 ,-0.6529541 ,0.5626221 ,3 ,Acc ,15
3dd9e578dace13af ,655940864957 ,0.4784546 ,-0.6868286 ,0.51660156 ,3 ,Acc ,15
3dd9e578dace13af ,656040947248 ,0.5578003 ,-0.6694946 ,0.45880127 ,3 ,Acc ,15
3dd9e578dace13af ,656141009905 ,0.651062 ,-0.6477661 ,0.34509277 ,3 ,Acc ,15
3dd9e578dace13af ,656241186363 ,0.7529907 ,-0.59313965 ,0.2364502 ,3 ,Acc ,15
3dd9e578dace13af ,656341127144 ,0.79626465 ,-0.5690918 ,0.17303467 ,3 ,Acc ,15
3dd9e578dace13af ,656441423707 ,0.76379395 ,-0.6099243 ,0.17260742 ,3 ,Acc ,15
3dd9e578dace13af ,656541364227 ,0.7069702 ,-0.6347046 ,0.2850952 ,3 ,Acc ,15
3dd9e578dace13af ,656641538030 ,0.59069824 ,-0.68255615 ,0.37194824 ,3 ,Acc ,15
3dd9e578dace13af ,656741591519 ,0.47058105 ,-0.7189331 ,0.43554688 ,3 ,Acc ,15
3dd9e578dace13af ,656820444800 ,1.9092407 ,2.3456116 ,2.9078522 ,0 ,Acc ,10
3dd9e578dace13af ,656941826259 ,0.42034912 ,-0.72766113 ,0.385437 ,3 ,Acc ,15
3dd9e578dace13af ,657042010269 ,0.5418701 ,-0.7006836 ,0.31304932 ,3 ,Acc ,15
3dd9e578dace13af ,657142148029 ,0.64263916 ,-0.6655884 ,0.24914551 ,3 ,Acc ,15
3dd9e578dace13af ,657242235477 ,0.6499634 ,-0.6795044 ,0.11694336 ,3 ,Acc ,15
3dd9e578dace13af ,657342239852 ,0.6593628 ,-0.68182373 ,0.043823242 ,3 ,Acc ,15
3dd9e578dace13af ,657442484123 ,0.6590576 ,-0.68963623 ,0.07922363 ,3 ,Acc ,15
3dd9e578dace13af ,657542459019 ,0.6014404 ,-0.70581055 ,0.17626953 ,3 ,Acc ,15
3dd9e578dace13af ,657642616935 ,0.51293945 ,-0.70721436 ,0.28326416 ,3 ,Acc ,15
3dd9e578dace13af ,657742589227 ,0.42193604 ,-0.7037964 ,0.371521 ,3 ,Acc ,15
3dd9e578dace13af ,657842798289 ,0.35461426 ,-0.690979 ,0.42034912 ,3 ,Acc ,15
3dd9e578dace13af ,657942858758 ,0.32769775 ,-0.71447754 ,0.33532715 ,3 ,Acc ,15
3dd9e578dace13af ,658343379591 ,0.637146 ,-0.7114868 ,0.059448242 ,3 ,Acc ,15
3dd9e578dace13af ,658443481050 ,0.6553955 ,-0.7020874 ,0.14630127 ,3 ,Acc ,15
3dd9e578dace13af ,658543463914 ,0.5961914 ,-0.7182007 ,0.2420044 ,3 ,Acc ,15
3dd9e578dace13af ,658644239435 ,0.5227661 ,-0.70581055 ,0.3623047 ,3 ,Acc ,15
3dd9e578dace13af ,658762988133 ,0.39569092 ,-0.7109375 ,0.44378662 ,3 ,Acc ,15
3dd9e578dace13af ,658863841466 ,0.3303833 ,-0.7036743 ,0.49194336 ,3 ,Acc ,15
3dd9e578dace13af ,658963838393 ,0.33081055 ,-0.71173096 ,0.4675293 ,3 ,Acc ,15
3dd9e578dace13af ,659064104852 ,0.39239502 ,-0.72839355 ,0.38604736 ,3 ,Acc ,15
3dd9e578dace13af ,659164125685 ,0.4208374 ,-0.7595215 ,0.27563477 ,3 ,Acc ,15
3dd9e578dace13af ,659264277143 ,0.28479004 ,-0.81292725 ,0.29107666 ,3 ,Acc ,15
3dd9e578dace13af ,659365659747 ,0.09893799 ,-0.8201904 ,0.45367432 ,3 ,Acc ,15
3dd9e578dace13af ,659483752039 ,-0.07019043 ,-0.7307129 ,0.6532593 ,3 ,Acc ,15
3dd9e578dace13af ,659584609695 ,-0.11932373 ,-0.70977783 ,0.6828003 ,3 ,Acc ,15
3dd9e578dace13af ,659684678705 ,-0.1217041 ,-0.6987915 ,0.7000122 ,3 ,Acc ,15
3dd9e578dace13af ,659784972716 ,-0.10632324 ,-0.6851196 ,0.71875 ,3 ,Acc ,15
3dd9e578dace13af ,659823709955 ,-2.0006561 ,5.032135 ,6.293518 ,0 ,Acc ,10
3dd9e578dace13af ,659887374487 ,-0.09539795 ,-0.6669922 ,0.7381592 ,3 ,Acc ,15
3dd9e578dace13af ,660004541101 ,-0.09069824 ,-0.631897 ,0.76867676 ,3 ,Acc ,15
3dd9e578dace13af ,660105126049 ,-0.07977295 ,-0.6403198 ,0.76068115 ,3 ,Acc ,15
3dd9e578dace13af ,660207714591 ,-0.09362793 ,-0.63952637 ,0.7579956 ,3 ,Acc ,15
3dd9e578dace13af ,660324843549 ,-0.11010742 ,-0.6484375 ,0.7441406 ,3 ,Acc ,15
3dd9e578dace13af ,660425466934 ,-0.11834717 ,-0.6593628 ,0.7324219 ,3 ,Acc ,15
3dd9e578dace13af ,660526913653 ,-0.17895508 ,-0.23059082 ,0.9562378 ,3 ,Acc ,15
3dd9e578dace13af ,660645974955 ,-0.16809082 ,-0.23999023 ,0.95599365 ,3 ,Acc ,15
3dd9e578dace13af ,660745809695 ,-0.15130615 ,-0.2298584 ,0.960083 ,3 ,Acc ,15
3dd9e578dace13af ,660847597090 ,-0.14703369 ,-0.20465088 ,0.9627075 ,3 ,Acc ,15
3dd9e578dace13af ,660965558028 ,-0.14611816 ,-0.1986084 ,0.95880127 ,3 ,Acc ,15
3dd9e578dace13af ,661066192247 ,-0.13397217 ,-0.22753906 ,0.94836426 ,3 ,Acc ,15
3dd9e578dace13af ,661166577299 ,-0.10723877 ,-0.22644043 ,0.9481201 ,3 ,Acc ,15
3dd9e578dace13af ,661266228288 ,-0.0793457 ,-0.21002197 ,0.95495605 ,3 ,Acc ,15
3dd9e578dace13af ,661386354226 ,-0.047851563 ,-0.199646 ,0.9588623 ,3 ,Acc ,15
3dd9e578dace13af ,661506360996 ,-0.046813965 ,-0.20922852 ,0.95495605 ,3 ,Acc ,15
3dd9e578dace13af ,661606126048 ,-0.043701172 ,-0.24468994 ,0.9416504 ,3 ,Acc ,15
3dd9e578dace13af ,661706950059 ,-0.028076172 ,-0.2498169 ,0.9289551 ,3 ,Acc ,15
3dd9e578dace13af ,661806507038 ,-0.0059814453 ,-0.23931885 ,0.9108887 ,3 ,Acc ,15
3dd9e578dace13af ,661906971048 ,0.013366699 ,-0.24212646 ,0.8689575 ,3 ,Acc ,15
