3dd9e578dace13af ,1910778784623 ,-0.3517456 ,-0.34503174 ,0.7652588 ,3 ,Acc ,15
3dd9e578dace13af ,1910880412540 ,-0.3513794 ,-0.3511963 ,0.76690674 ,3 ,Acc ,15
3dd9e578dace13af ,1910981025404 ,-0.3378296 ,-0.3262329 ,0.7878418 ,3 ,Acc ,15
3dd9e578dace13af ,1911081320352 ,-0.3250122 ,-0.30334473 ,0.8076782 ,3 ,Acc ,15
3dd9e578dace13af ,1911184712904 ,-0.30981445 ,-0.29779053 ,0.8043213 ,3 ,Acc ,15
3dd9e578dace13af ,1911283845092 ,-0.24371338 ,-0.30792236 ,0.76641846 ,3 ,Acc ,15
3dd9e578dace13af ,1911385069831 ,-0.2355957 ,-0.4890747 ,0.59716797 ,3 ,Acc ,15
3dd9e578dace13af ,1911505214258 ,-0.1560669 ,-0.6277466 ,0.3479004 ,3 ,Acc ,15
3dd9e578dace13af ,1911625301289 ,0.081726074 ,-0.6486206 ,0.2524414 ,3 ,Acc ,15
3dd9e578dace13af ,1911745438112 ,0.12799072 ,-0.67211914 ,0.2241211 ,3 ,Acc ,15
3dd9e578dace13af ,1911845004102 ,0.09289551 ,-0.6852417 ,0.262146 ,3 ,Acc ,15
3dd9e578dace13af ,1911945664414 ,0.056518555 ,-0.6463623 ,0.36236572 ,3 ,Acc ,15
3dd9e578dace13af ,1912045191133 ,-0.013061523 ,-0.5950928 ,0.45513916 ,3 ,Acc ,15
3dd9e578dace13af ,1912145847227 ,-0.049072266 ,-0.54382324 ,0.5470581 ,3 ,Acc ,15
3dd9e578dace13af ,1912245627383 ,-0.04437256 ,-0.49798584 ,0.59436035 ,3 ,Acc ,15
3dd9e578dace13af ,1912346137747 ,-0.07397461 ,-0.538208 ,0.51586914 ,3 ,Acc ,15
3dd9e578dace13af ,1912466221081 ,0.043701172 ,-0.5904541 ,0.4543457 ,3 ,Acc ,15
3dd9e578dace13af ,1912586404414 ,0.12097168 ,-0.619751 ,0.39544678 ,3 ,Acc ,15
3dd9e578dace13af ,1912685850091 ,0.08630371 ,-0.6704712 ,0.2980957 ,3 ,Acc ,15
3dd9e578dace13af ,1912786741758 ,0.05407715 ,-0.6882324 ,0.28485107 ,3 ,Acc ,15
3dd9e578dace13af ,1912886180143 ,-0.028015137 ,-0.68981934 ,0.3173828 ,3 ,Acc ,15
3dd9e578dace13af ,1912986795403 ,-0.08343506 ,-0.6432495 ,0.41503906 ,3 ,Acc ,15
3dd9e578dace13af ,1913086326185 ,-0.12902832 ,-0.5749512 ,0.52563477 ,3 ,Acc ,15
3dd9e578dace13af ,1913186954049 ,-0.17633057 ,-0.5155029 ,0.59814453 ,3 ,Acc ,15
3dd9e578dace13af ,1913307148841 ,-0.19952393 ,-0.52752686 ,0.5578003 ,3 ,Acc ,15
3dd9e578dace13af ,1913427277851 ,-0.046691895 ,-0.6157837 ,0.41381836 ,3 ,Acc ,15
3dd9e578dace13af ,1913581617122 ,-1.4494629 ,0.49736023 ,0.75382996 ,0 ,Acc ,10
3dd9e578dace13af ,1913943510038 ,0.15350342 ,-0.58514404 ,0.5218506 ,3 ,Acc ,15
3dd9e578dace13af ,1914042955195 ,0.11053467 ,-0.48260498 ,0.62646484 ,3 ,Acc ,15
3dd9e578dace13af ,1914162385715 ,-0.048217773 ,-0.4215088 ,0.6738281 ,3 ,Acc ,15
3dd9e578dace13af ,1914268149986 ,-0.18310547 ,-0.46362305 ,0.6378174 ,3 ,Acc ,15
3dd9e578dace13af ,1914368012903 ,-0.122802734 ,-0.54351807 ,0.59198 ,3 ,Acc ,15
3dd9e578dace13af ,1914468431392 ,0.12695313 ,-0.54437256 ,0.6020508 ,3 ,Acc ,15
3dd9e578dace13af ,1914568562017 ,0.22814941 ,-0.602417 ,0.5237427 ,3 ,Acc ,15
3dd9e578dace13af ,1914688023580 ,0.33691406 ,-0.59802246 ,0.51116943 ,3 ,Acc ,15
3dd9e578dace13af ,1914788828059 ,0.37322998 ,-0.5567627 ,0.55462646 ,3 ,Acc ,15
3dd9e578dace13af ,1914908880507 ,0.309021 ,-0.46795654 ,0.6489868 ,3 ,Acc ,15
3dd9e578dace13af ,1915029012278 ,0.1194458 ,-0.45996094 ,0.7128906 ,3 ,Acc ,15
3dd9e578dace13af ,1915149138528 ,-0.039733887 ,-0.45532227 ,0.7553711 ,3 ,Acc ,15
3dd9e578dace13af ,1915264920975 ,-0.0390625 ,-0.47485352 ,0.73272705 ,3 ,Acc ,15
3dd9e578dace13af ,1915370368007 ,0.16864014 ,-0.45507813 ,0.7172241 ,3 ,Acc ,15
3dd9e578dace13af ,1915488856965 ,0.2845459 ,-0.55529785 ,0.5904541 ,3 ,Acc ,15
3dd9e578dace13af ,1915609108319 ,0.397583 ,-0.54473877 ,0.5562134 ,3 ,Acc ,15
3dd9e578dace13af ,1915709781809 ,0.4058838 ,-0.5114746 ,0.585022 ,3 ,Acc ,15
3dd9e578dace13af ,1915809161496 ,0.25073242 ,-0.48101807 ,0.66851807 ,3 ,Acc ,15
3dd9e578dace13af ,1915910001965 ,0.072265625 ,-0.5013428 ,0.7171631 ,3 ,Acc ,15
3dd9e578dace13af ,1916030080819 ,-0.027832031 ,-0.46014404 ,0.79785156 ,3 ,Acc ,15
3dd9e578dace13af ,1916150192954 ,-0.05682373 ,-0.4430542 ,0.8185425 ,3 ,Acc ,15
3dd9e578dace13af ,1916270370038 ,0.09667969 ,-0.5161133 ,0.72369385 ,3 ,Acc ,15
3dd9e578dace13af ,1916371433735 ,0.32073975 ,-0.48242188 ,0.66693115 ,3 ,Acc ,15
3dd9e578dace13af ,1916489959465 ,0.38562012 ,-0.5237427 ,0.5950928 ,3 ,Acc ,15
3dd9e578dace13af ,1916590748944 ,0.4189453 ,-0.5258789 ,0.59625244 ,3 ,Acc ,15
3dd9e578dace13af ,1916587437121 ,1.9798126 ,-2.1105804 ,2.5698395 ,0 ,Acc ,10
3dd9e578dace13af ,1916706047277 ,0.38568115 ,-0.49224854 ,0.66674805 ,3 ,Acc ,15
3dd9e578dace13af ,1916807835402 ,0.22924805 ,-0.48876953 ,0.7393799 ,3 ,Acc ,15
3dd9e578dace13af ,1916911099412 ,0.0569458 ,-0.5059204 ,0.78601074 ,3 ,Acc ,15
3dd9e578dace13af ,1917031140194 ,-0.0703125 ,-0.49822998 ,0.81481934 ,3 ,Acc ,15
3dd9e578dace13af ,1917151309464 ,-0.046447754 ,-0.52948 ,0.7671509 ,3 ,Acc ,15
3dd9e578dace13af ,1917271453996 ,0.2255249 ,-0.48162842 ,0.7458496 ,3 ,Acc ,15
3dd9e578dace13af ,1917372546652 ,0.35321045 ,-0.4683838 ,0.7197876 ,3 ,Acc ,15
3dd9e578dace13af ,1917489196131 ,0.40100098 ,-0.5241089 ,0.65600586 ,3 ,Acc ,15
3dd9e578dace13af ,1917591753943 ,0.4537964 ,-0.4794922 ,0.6658325 ,3 ,Acc ,15
3dd9e578dace13af ,1917691266027 ,0.32263184 ,-0.5098877 ,0.70599365 ,3 ,Acc ,15
3dd9e578dace13af ,1917792156600 ,0.08728027 ,-0.5670166 ,0.7336426 ,3 ,Acc ,15
3dd9e578dace13af ,1917912100714 ,-0.046813965 ,-0.5153198 ,0.809021 ,3 ,Acc ,15
3dd9e578dace13af ,1918026405974 ,-0.10571289 ,-0.5253906 ,0.79992676 ,3 ,Acc ,15
3dd9e578dace13af ,1918131764308 ,-0.00793457 ,-0.54333496 ,0.7714844 ,3 ,Acc ,15
3dd9e578dace13af ,1918232415454 ,0.2255249 ,-0.47955322 ,0.77612305 ,3 ,Acc ,15
3dd9e578dace13af ,1918332018058 ,0.31518555 ,-0.52056885 ,0.7090454 ,3 ,Acc ,15
3dd9e578dace13af ,1918432761235 ,0.32940674 ,-0.57177734 ,0.6421509 ,3 ,Acc ,15
3dd9e578dace13af ,1918532170453 ,0.38336182 ,-0.53131104 ,0.6543579 ,3 ,Acc ,15
3dd9e578dace13af ,1918632883214 ,0.29553223 ,-0.5246582 ,0.7144165 ,3 ,Acc ,15
3dd9e578dace13af ,1918753049932 ,0.15075684 ,-0.5117798 ,0.78674316 ,3 ,Acc ,15
3dd9e578dace13af ,1918872419412 ,0.032104492 ,-0.47387695 ,0.84820557 ,3 ,Acc ,15
3dd9e578dace13af ,1918974300557 ,-0.04156494 ,-0.47253418 ,0.8517456 ,3 ,Acc ,15
3dd9e578dace13af ,1919073826912 ,-0.019958496 ,-0.54541016 ,0.795166 ,3 ,Acc ,15
3dd9e578dace13af ,1919174528370 ,0.18286133 ,-0.5041504 ,0.79248047 ,3 ,Acc ,15
3dd9e578dace13af ,1919273817068 ,0.34313965 ,-0.46484375 ,0.7558594 ,3 ,Acc ,15
3dd9e578dace13af ,1919374712589 ,0.39001465 ,-0.5093384 ,0.6937866 ,3 ,Acc ,15
3dd9e578dace13af ,1919474342432 ,0.42468262 ,-0.49847412 ,0.6939697 ,3 ,Acc ,15
3dd9e578dace13af ,1919574977328 ,0.36743164 ,-0.47833252 ,0.7493286 ,3 ,Acc ,15
3dd9e578dace13af ,1919606416859 ,7.391815 ,2.5564117 ,-3.8162384 ,0 ,Acc ,10
3dd9e578dace13af ,1919688722172 ,0.1984253 ,-0.46148682 ,0.8261719 ,3 ,Acc ,15
3dd9e578dace13af ,1919789886182 ,0.045715332 ,-0.48284912 ,0.852417 ,3 ,Acc ,15
3dd9e578dace13af ,1919892423422 ,-0.072753906 ,-0.48443604 ,0.8578491 ,3 ,Acc ,15
3dd9e578dace13af ,1919994707276 ,-0.09515381 ,-0.56829834 ,0.79351807 ,3 ,Acc ,15
3dd9e578dace13af ,1920093944724 ,0.09411621 ,-0.5692749 ,0.77630615 ,3 ,Acc ,15
3dd9e578dace13af ,1920194914724 ,0.32110596 ,-0.42260742 ,0.8123169 ,3 ,Acc ,15
3dd9e578dace13af ,1920311371703 ,0.4055786 ,-0.52008057 ,0.70581055 ,3 ,Acc ,15
3dd9e578dace13af ,1920414123838 ,0.45410156 ,-0.49499512 ,0.70147705 ,3 ,Acc ,15
3dd9e578dace13af ,1920515389307 ,0.38891602 ,-0.47235107 ,0.7558594 ,3 ,Acc ,15
3dd9e578dace13af ,1920635536130 ,0.13604736 ,-0.53082275 ,0.8053589 ,3 ,Acc ,15
3dd9e578dace13af ,1920755669203 ,-0.053344727 ,-0.52612305 ,0.8399048 ,3 ,Acc ,15
3dd9e578dace13af ,1920875826859 ,-0.15496826 ,-0.5070801 ,0.8446655 ,3 ,Acc ,15
3dd9e578dace13af ,1920976360609 ,0.50128174 ,-0.59906006 ,0.30981445 ,3 ,Acc ,15
3dd9e578dace13af ,1921093835765 ,0.70861816 ,-0.5163574 ,0.1159668 ,3 ,Acc ,15
3dd9e578dace13af ,1921195805661 ,0.84521484 ,-0.41156006 ,-1.8310547E-4 ,3 ,Acc ,15
3dd9e578dace13af ,1921315755661 ,0.83691406 ,-0.39904785 ,-0.095947266 ,3 ,Acc ,15
3dd9e578dace13af ,1921430032952 ,0.8234253 ,-0.4477539 ,-0.033813477 ,3 ,Acc ,15
3dd9e578dace13af ,1921534751806 ,0.76708984 ,-0.49249268 ,0.10650635 ,3 ,Acc ,15
3dd9e578dace13af ,1921636204202 ,0.65649414 ,-0.5494385 ,0.2647705 ,3 ,Acc ,15
3dd9e578dace13af ,1921756233317 ,0.51434326 ,-0.61291504 ,0.40350342 ,3 ,Acc ,15
3dd9e578dace13af ,1921855816181 ,0.4616089 ,-0.61938477 ,0.4336548 ,3 ,Acc ,15
3dd9e578dace13af ,1921956689515 ,0.5274048 ,-0.5907593 ,0.31292725 ,3 ,Acc ,15
3dd9e578dace13af ,1922076609254 ,0.77697754 ,-0.47991943 ,0.109802246 ,3 ,Acc ,15
3dd9e578dace13af ,1922177755087 ,0.8324585 ,-0.41607666 ,-0.017089844 ,3 ,Acc ,15
3dd9e578dace13af ,1922294204046 ,0.7994995 ,-0.43450928 ,-0.06060791 ,3 ,Acc ,15
3dd9e578dace13af ,1922396949827 ,0.84002686 ,-0.4317627 ,-0.0053710938 ,3 ,Acc ,15
3dd9e578dace13af ,1922517067483 ,0.7785034 ,-0.49243164 ,0.15325928 ,3 ,Acc ,15
3dd9e578dace13af ,1922613261546 ,0.63035583 ,-3.70813 ,4.2512207 ,0 ,Acc ,10
3dd9e578dace13af ,1922633093004 ,0.5969238 ,-0.61242676 ,0.31402588 ,3 ,Acc ,15
3dd9e578dace13af ,1922734206285 ,0.47076416 ,-0.6675415 ,0.42285156 ,3 ,Acc ,15
3dd9e578dace13af ,1922855884931 ,0.4420166 ,-0.673645 ,0.4046631 ,3 ,Acc ,15
3dd9e578dace13af ,1922957599202 ,0.6119995 ,-0.6119385 ,0.26757813 ,3 ,Acc ,15
3dd9e578dace13af ,1923057114254 ,0.79693604 ,-0.4946289 ,0.12213135 ,3 ,Acc ,15
3dd9e578dace13af ,1923157936077 ,0.80078125 ,-0.45544434 ,0.010498047 ,3 ,Acc ,15
3dd9e578dace13af ,1923276675660 ,0.7963867 ,-0.4595337 ,-0.03540039 ,3 ,Acc ,15
3dd9e578dace13af ,1923378449774 ,0.8322754 ,-0.46331787 ,0.03302002 ,3 ,Acc ,15
3dd9e578dace13af ,1923476668941 ,0.7454834 ,-0.5368042 ,0.16589355 ,3 ,Acc ,15
3dd9e578dace13af ,1923579235191 ,0.57733154 ,-0.65185547 ,0.2845459 ,3 ,Acc ,15
3dd9e578dace13af ,1923697828420 ,0.43469238 ,-0.70910645 ,0.41485596 ,3 ,Acc ,15
3dd9e578dace13af ,1923798615972 ,0.41186523 ,-0.71325684 ,0.39105225 ,3 ,Acc ,15
3dd9e578dace13af ,1923897982118 ,0.5592041 ,-0.652771 ,0.2699585 ,3 ,Acc ,15
3dd9e578dace13af ,1923998688628 ,0.74298096 ,-0.54193115 ,0.12109375 ,3 ,Acc ,15
3dd9e578dace13af ,1924098253264 ,0.795105 ,-0.46887207 ,-0.007385254 ,3 ,Acc ,15
3dd9e578dace13af ,1924198940139 ,0.80718994 ,-0.46850586 ,-0.035888672 ,3 ,Acc ,15
3dd9e578dace13af ,1924319100555 ,0.8166504 ,-0.48358154 ,0.057800293 ,3 ,Acc ,15
3dd9e578dace13af ,1924439175139 ,0.6766968 ,-0.58721924 ,0.20214844 ,3 ,Acc ,15
3dd9e578dace13af ,1924559351597 ,0.5117798 ,-0.69207764 ,0.35229492 ,3 ,Acc ,15
3dd9e578dace13af ,1924658868003 ,0.43847656 ,-0.71343994 ,0.44714355 ,3 ,Acc ,15
3dd9e578dace13af ,1924759489722 ,0.47174072 ,-0.5479126 ,0.4229126 ,3 ,Acc ,15
3dd9e578dace13af ,1924859062795 ,0.58862305 ,-0.5076904 ,0.25335693 ,3 ,Acc ,15
3dd9e578dace13af ,1924959776545 ,0.74884033 ,-0.44519043 ,0.10534668 ,3 ,Acc ,15
3dd9e578dace13af ,1925079863993 ,0.7496338 ,-0.42144775 ,-0.04333496 ,3 ,Acc ,15
3dd9e578dace13af ,1925180964670 ,0.788147 ,-0.41308594 ,-0.04058838 ,3 ,Acc ,15
3dd9e578dace13af ,1925299506076 ,0.7116699 ,-0.46435547 ,0.08081055 ,3 ,Acc ,15
3dd9e578dace13af ,1925400275034 ,0.6048584 ,-0.5231323 ,0.2286377 ,3 ,Acc ,15
3dd9e578dace13af ,1925520345711 ,0.480896 ,-0.58410645 ,0.4109497 ,3 ,Acc ,15
3dd9e578dace13af ,1925624168888 ,-3.0782623 ,2.2424927 ,-0.7464752 ,0 ,Acc ,10
3dd9e578dace13af ,1925627514722 ,0.4411621 ,-0.564209 ,0.5186157 ,3 ,Acc ,15
3dd9e578dace13af ,1925739388159 ,0.51086426 ,-0.51849365 ,0.39190674 ,3 ,Acc ,15
3dd9e578dace13af ,1925840668680 ,0.666626 ,-0.4730835 ,0.15905762 ,3 ,Acc ,15
3dd9e578dace13af ,1925960817065 ,0.7733154 ,-0.43914795 ,0.02709961 ,3 ,Acc ,15
3dd9e578dace13af ,1926060360398 ,0.7537842 ,-0.45062256 ,-0.045837402 ,3 ,Acc ,15
3dd9e578dace13af ,1926161101180 ,0.7698364 ,-0.45599365 ,-0.06335449 ,3 ,Acc ,15
3dd9e578dace13af ,1926281150346 ,0.708313 ,-0.51483154 ,0.054138184 ,3 ,Acc ,15
3dd9e578dace13af ,1926382275555 ,0.59069824 ,-0.55633545 ,0.2154541 ,3 ,Acc ,15
3dd9e578dace13af ,1926500789200 ,0.43945313 ,-0.62054443 ,0.36535645 ,3 ,Acc ,15
3dd9e578dace13af ,1926601487898 ,0.40026855 ,-0.62561035 ,0.45196533 ,3 ,Acc ,15
3dd9e578dace13af ,1926701042534 ,0.41436768 ,-0.6170044 ,0.38568115 ,3 ,Acc ,15
3dd9e578dace13af ,1926801874096 ,0.5708618 ,-0.5666504 ,0.21673584 ,3 ,Acc ,15
3dd9e578dace13af ,1926921876961 ,0.7337036 ,-0.51867676 ,0.09320068 ,3 ,Acc ,15
3dd9e578dace13af ,1927041996648 ,0.6984253 ,-0.52752686 ,-0.038635254 ,3 ,Acc ,15
3dd9e578dace13af ,1927162143940 ,0.74243164 ,-0.5289917 ,-0.053710938 ,3 ,Acc ,15
3dd9e578dace13af ,1927282294252 ,0.6565552 ,-0.5750122 ,0.07684326 ,3 ,Acc ,15
3dd9e578dace13af ,1927382750815 ,0.52960205 ,-0.5923462 ,0.23596191 ,3 ,Acc ,15
3dd9e578dace13af ,1927482442898 ,0.4005127 ,-0.61517334 ,0.34368896 ,3 ,Acc ,15
3dd9e578dace13af ,1927584347794 ,0.34381104 ,-0.7064209 ,0.3788452 ,3 ,Acc ,15
3dd9e578dace13af ,1927702175137 ,0.3774414 ,-0.6880493 ,0.3322754 ,3 ,Acc ,15
3dd9e578dace13af ,1927802943835 ,0.5281372 ,-0.65405273 ,0.175354 ,3 ,Acc ,15
3dd9e578dace13af ,1927922934877 ,0.6899414 ,-0.6052246 ,0.055114746 ,3 ,Acc ,15
3dd9e578dace13af ,1928043095450 ,0.7149658 ,-0.6078491 ,-0.016296387 ,3 ,Acc ,15
3dd9e578dace13af ,1928163243835 ,0.739624 ,-0.6068115 ,0.0053710938 ,3 ,Acc ,15
3dd9e578dace13af ,1928279657481 ,0.65234375 ,-0.6491089 ,0.13824463 ,3 ,Acc ,15
3dd9e578dace13af ,1928384306127 ,0.50061035 ,-0.68133545 ,0.23779297 ,3 ,Acc ,15
3dd9e578dace13af ,1928480864668 ,0.36297607 ,-0.7277832 ,0.31652832 ,3 ,Acc ,15
3dd9e578dace13af ,1928603672220 ,0.36730957 ,-0.7088623 ,0.45776367 ,3 ,Acc ,15
3dd9e578dace13af ,1928639389460 ,-2.4814148 ,3.5186005 ,2.533722 ,0 ,Acc ,10
3dd9e578dace13af ,1928722001439 ,0.44940186 ,-0.7154541 ,0.33776855 ,3 ,Acc ,15
3dd9e578dace13af ,1928823447637 ,0.6113281 ,-0.6610718 ,0.20080566 ,3 ,Acc ,15
3dd9e578dace13af ,1928923826543 ,0.6956177 ,-0.62353516 ,0.17059326 ,3 ,Acc ,15
3dd9e578dace13af ,1929023555189 ,0.6966553 ,-0.63494873 ,0.15002441 ,3 ,Acc ,15
3dd9e578dace13af ,1929123831647 ,0.74676514 ,-0.6102295 ,0.19818115 ,3 ,Acc ,15
3dd9e578dace13af ,1929223795033 ,0.76031494 ,-0.57940674 ,0.29162598 ,3 ,Acc ,15
3dd9e578dace13af ,1929323846751 ,0.75061035 ,-0.5128174 ,0.39886475 ,3 ,Acc ,15
3dd9e578dace13af ,1929423831074 ,0.7553711 ,-0.3984375 ,0.47540283 ,3 ,Acc ,15
3dd9e578dace13af ,1929524736335 ,0.7399292 ,-0.30810547 ,0.5449219 ,3 ,Acc ,15
3dd9e578dace13af ,1929623989043 ,0.6777954 ,-0.22973633 ,0.59259033 ,3 ,Acc ,15
3dd9e578dace13af ,1929724704616 ,0.56463623 ,-0.24304199 ,0.60961914 ,3 ,Acc ,15
3dd9e578dace13af ,1929823833157 ,0.45672607 ,-0.2966919 ,0.58935547 ,3 ,Acc ,15
3dd9e578dace13af ,1929925140970 ,0.37872314 ,-0.35699463 ,0.5366211 ,3 ,Acc ,15
3dd9e578dace13af ,1930043886751 ,0.3449707 ,-0.2919922 ,0.5102539 ,3 ,Acc ,15
3dd9e578dace13af ,1930143826439 ,0.3982544 ,-0.09020996 ,0.522583 ,3 ,Acc ,15
3dd9e578dace13af ,1930245648626 ,0.425354 ,0.030639648 ,0.53808594 ,3 ,Acc ,15
3dd9e578dace13af ,1930363722168 ,0.46148682 ,0.060546875 ,0.5463257 ,3 ,Acc ,15
3dd9e578dace13af ,1930464996855 ,0.42962646 ,0.05596924 ,0.53497314 ,3 ,Acc ,15
3dd9e578dace13af ,1930565811230 ,0.4029541 ,-0.036376953 ,0.48608398 ,3 ,Acc ,15
3dd9e578dace13af ,1930665407949 ,0.33172607 ,-0.11462402 ,0.42687988 ,3 ,Acc ,15
3dd9e578dace13af ,1930786916386 ,0.25109863 ,-0.17852783 ,0.34179688 ,3 ,Acc ,15
3dd9e578dace13af ,1930905640501 ,0.2175293 ,-0.18920898 ,0.33251953 ,3 ,Acc ,15
3dd9e578dace13af ,1931006381855 ,0.3010254 ,-0.1642456 ,0.4375 ,3 ,Acc ,15
3dd9e578dace13af ,1931126404407 ,0.3579712 ,0.018005371 ,0.56726074 ,3 ,Acc ,15
3dd9e578dace13af ,1931225964771 ,0.40319824 ,0.10119629 ,0.5952759 ,3 ,Acc ,15
3dd9e578dace13af ,1931326628313 ,0.4749756 ,0.103637695 ,0.5789795 ,3 ,Acc ,15
3dd9e578dace13af ,1931426173157 ,0.45855713 ,0.13964844 ,0.5647583 ,3 ,Acc ,15
3dd9e578dace13af ,1931526848730 ,0.4277954 ,0.09887695 ,0.524353 ,3 ,Acc ,15
3dd9e578dace13af ,1931643606178 ,7.6614532 ,4.017975 ,-7.718521 ,0 ,Acc ,10
3dd9e578dace13af ,1931646926646 ,0.333313 ,-0.02709961 ,0.43536377 ,3 ,Acc ,15
3dd9e578dace13af ,1931764607896 ,0.28967285 ,-0.13787842 ,0.3081665 ,3 ,Acc ,15
3dd9e578dace13af ,1931866862427 ,0.2581787 ,-0.17938232 ,0.26776123 ,3 ,Acc ,15
3dd9e578dace13af ,1931970290605 ,0.30419922 ,-0.17144775 ,0.3428955 ,3 ,Acc ,15
3dd9e578dace13af ,1932087499979 ,0.33184814 ,-9.765625E-4 ,0.4744873 ,3 ,Acc ,15
3dd9e578dace13af ,1932204772896 ,0.38201904 ,0.078125 ,0.5380249 ,3 ,Acc ,15
3dd9e578dace13af ,1932307075917 ,0.44812012 ,0.08074951 ,0.5471802 ,3 ,Acc ,15
3dd9e578dace13af ,1932408350917 ,0.42382813 ,0.1373291 ,0.5321655 ,3 ,Acc ,15
3dd9e578dace13af ,1932528404511 ,0.37591553 ,0.0736084 ,0.47979736 ,3 ,Acc ,15
3dd9e578dace13af ,1932651079094 ,0.31811523 ,-0.058776855 ,0.3751831 ,3 ,Acc ,15
3dd9e578dace13af ,1932766058990 ,0.25042725 ,-0.16265869 ,0.27191162 ,3 ,Acc ,15
3dd9e578dace13af ,1932867747635 ,0.27722168 ,-0.23370361 ,0.26098633 ,3 ,Acc ,15
3dd9e578dace13af ,1932971396854 ,0.36193848 ,-0.18182373 ,0.3395996 ,3 ,Acc ,15
3dd9e578dace13af ,1933088578521 ,0.34613037 ,0.042419434 ,0.4574585 ,3 ,Acc ,15
3dd9e578dace13af ,1933189672375 ,0.40942383 ,0.09625244 ,0.51361084 ,3 ,Acc ,15
3dd9e578dace13af ,1933289287896 ,0.44952393 ,0.119018555 ,0.5246582 ,3 ,Acc ,15
3dd9e578dace13af ,1933389909666 ,0.40905762 ,0.15283203 ,0.49938965 ,3 ,Acc ,15
3dd9e578dace13af ,1933508361698 ,0.35266113 ,0.05279541 ,0.43414307 ,3 ,Acc ,15
3dd9e578dace13af ,1933612094614 ,0.29351807 ,-0.06689453 ,0.34509277 ,3 ,Acc ,15
3dd9e578dace13af ,1933729196593 ,0.22375488 ,-0.16485596 ,0.23760986 ,3 ,Acc ,15
3dd9e578dace13af ,1933850919354 ,0.27746582 ,-0.25280762 ,0.21820068 ,3 ,Acc ,15
3dd9e578dace13af ,1933969523052 ,0.35968018 ,-0.13861084 ,0.33117676 ,3 ,Acc ,15
3dd9e578dace13af ,1934068985968 ,0.3555298 ,0.05883789 ,0.44311523 ,3 ,Acc ,15
3dd9e578dace13af ,1934169717531 ,0.40039063 ,0.13867188 ,0.48620605 ,3 ,Acc ,15
3dd9e578dace13af ,1934274241593 ,0.41131592 ,0.18127441 ,0.46862793 ,3 ,Acc ,15
3dd9e578dace13af ,1934390933104 ,0.38970947 ,0.11968994 ,0.43103027 ,3 ,Acc ,15
3dd9e578dace13af ,1934509524197 ,0.32513428 ,-0.031188965 ,0.34472656 ,3 ,Acc ,15
3dd9e578dace13af ,1934610171072 ,0.26800537 ,-0.12689209 ,0.2501831 ,3 ,Acc ,15
3dd9e578dace13af ,1934663878729 ,11.044846 ,4.1804657 ,-9.646927 ,0 ,Acc ,10
3dd9e578dace13af ,1934724741124 ,0.23596191 ,-0.2345581 ,0.18029785 ,3 ,Acc ,15
3dd9e578dace13af ,1934829861906 ,0.3015747 ,-0.26275635 ,0.20465088 ,3 ,Acc ,15
3dd9e578dace13af ,1934930548155 ,0.3949585 ,-0.12731934 ,0.30059814 ,3 ,Acc ,15
3dd9e578dace13af ,1935030032114 ,0.40734863 ,0.055725098 ,0.40124512 ,3 ,Acc ,15
3dd9e578dace13af ,1935130698416 ,0.43981934 ,0.14422607 ,0.43597412 ,3 ,Acc ,15
3dd9e578dace13af ,1935248235030 ,0.45495605 ,0.19732666 ,0.43145752 ,3 ,Acc ,15
3dd9e578dace13af ,1935350349562 ,0.40441895 ,0.16418457 ,0.39642334 ,3 ,Acc ,15
3dd9e578dace13af ,1935451095759 ,0.36254883 ,0.010131836 ,0.33666992 ,3 ,Acc ,15
3dd9e578dace13af ,1935571269926 ,0.31695557 ,-0.14953613 ,0.21765137 ,3 ,Acc ,15
3dd9e578dace13af ,1935690761957 ,0.2609253 ,-0.24676514 ,0.14758301 ,3 ,Acc ,15
3dd9e578dace13af ,1935791954770 ,0.32556152 ,-0.2625122 ,0.1720581 ,3 ,Acc ,15
3dd9e578dace13af ,1935911037738 ,0.36730957 ,-0.07922363 ,0.2871704 ,3 ,Acc ,15
3dd9e578dace13af ,1936011721488 ,0.3605957 ,0.084106445 ,0.3640747 ,3 ,Acc ,15
3dd9e578dace13af ,1936111220082 ,0.4133911 ,0.13757324 ,0.3894043 ,3 ,Acc ,15
3dd9e578dace13af ,1936225579770 ,0.41906738 ,0.18060303 ,0.37878418 ,3 ,Acc ,15
3dd9e578dace13af ,1936332074613 ,0.38085938 ,0.13427734 ,0.3414917 ,3 ,Acc ,15
3dd9e578dace13af ,1936452212165 ,0.3156128 ,0.002319336 ,0.27191162 ,3 ,Acc ,15
3dd9e578dace13af ,1936572287686 ,0.28588867 ,-0.10974121 ,0.18365479 ,3 ,Acc ,15
3dd9e578dace13af ,1936671877999 ,0.2736206 ,-0.1821289 ,0.14752197 ,3 ,Acc ,15
3dd9e578dace13af ,1936793565446 ,0.36242676 ,-0.18774414 ,0.18151855 ,3 ,Acc ,15
3dd9e578dace13af ,1936912159926 ,0.3751831 ,-0.030944824 ,0.26538086 ,3 ,Acc ,15
3dd9e578dace13af ,1937012830446 ,0.378479 ,0.09887695 ,0.32904053 ,3 ,Acc ,15
3dd9e578dace13af ,1937132854613 ,0.38897705 ,0.18579102 ,0.34283447 ,3 ,Acc ,15
3dd9e578dace13af ,1937253044405 ,0.35980225 ,0.17944336 ,0.31176758 ,3 ,Acc ,15
3dd9e578dace13af ,1937372411800 ,0.3237915 ,0.039855957 ,0.24822998 ,3 ,Acc ,15
3dd9e578dace13af ,1937472752998 ,0.3104248 ,-0.07611084 ,0.16210938 ,3 ,Acc ,15
3dd9e578dace13af ,1937573329092 ,0.26934814 ,-0.15820313 ,0.101501465 ,3 ,Acc ,15
3dd9e578dace13af ,1937669112529 ,14.47908 ,4.944336 ,-8.6970215 ,0 ,Acc ,10
3dd9e578dace13af ,1937687667529 ,0.31506348 ,-0.22131348 ,0.1126709 ,3 ,Acc ,15
3dd9e578dace13af ,1937813817634 ,0.39794922 ,-0.1282959 ,0.19793701 ,3 ,Acc ,15
3dd9e578dace13af ,1937933788727 ,0.37329102 ,0.05041504 ,0.28997803 ,3 ,Acc ,15
3dd9e578dace13af ,1938053086331 ,0.43963623 ,0.12664795 ,0.3258667 ,3 ,Acc ,15
3dd9e578dace13af ,1938153028258 ,0.4255371 ,0.18157959 ,0.31402588 ,3 ,Acc ,15
3dd9e578dace13af ,1938253224092 ,0.3899536 ,0.15100098 ,0.27630615 ,3 ,Acc ,15
3dd9e578dace13af ,1938374214925 ,0.3258667 ,-0.0040283203 ,0.21026611 ,3 ,Acc ,15
3dd9e578dace13af ,1938492258310 ,0.32177734 ,-0.16900635 ,0.09472656 ,3 ,Acc ,15
3dd9e578dace13af ,1938614511331 ,0.2949829 ,-0.2756958 ,0.032714844 ,3 ,Acc ,15
3dd9e578dace13af ,1938713825810 ,0.37091064 ,-0.2590332 ,0.060791016 ,3 ,Acc ,15
3dd9e578dace13af ,1938814909821 ,0.37457275 ,-0.09588623 ,0.14764404 ,3 ,Acc ,15
3dd9e578dace13af ,1938934885654 ,0.3649292 ,0.08203125 ,0.26226807 ,3 ,Acc ,15
3dd9e578dace13af ,1939054972269 ,0.4248047 ,0.14904785 ,0.2763672 ,3 ,Acc ,15
3dd9e578dace13af ,1939175105602 ,0.39562988 ,0.16339111 ,0.24127197 ,3 ,Acc ,15
3dd9e578dace13af ,1939295277633 ,0.35784912 ,0.039794922 ,0.1953125 ,3 ,Acc ,15
3dd9e578dace13af ,1939396351018 ,0.3456421 ,-0.125 ,0.1138916 ,3 ,Acc ,15
3dd9e578dace13af ,1939514853675 ,0.3053589 ,-0.26263428 ,0.0043945313 ,3 ,Acc ,15
3dd9e578dace13af ,1939615183414 ,0.31085205 ,-0.3206787 ,-0.015380859 ,3 ,Acc ,15
3dd9e578dace13af ,1939715196487 ,0.4081421 ,-0.25872803 ,0.03314209 ,3 ,Acc ,15
3dd9e578dace13af ,1939815970133 ,0.40264893 ,-0.08239746 ,0.13696289 ,3 ,Acc ,15
3dd9e578dace13af ,1939935963258 ,0.45263672 ,0.07867432 ,0.22918701 ,3 ,Acc ,15
3dd9e578dace13af ,1940056136174 ,0.45721436 ,0.15447998 ,0.24090576 ,3 ,Acc ,15
3dd9e578dace13af ,1940176270549 ,0.43249512 ,0.1352539 ,0.20587158 ,3 ,Acc ,15
3dd9e578dace13af ,1940296341851 ,0.36669922 ,-0.010559082 ,0.14257813 ,3 ,Acc ,15
3dd9e578dace13af ,1940397439351 ,0.36029053 ,-0.16729736 ,0.045043945 ,3 ,Acc ,15
3dd9e578dace13af ,1940516029612 ,0.34161377 ,-0.303833 ,-0.06402588 ,3 ,Acc ,15
3dd9e578dace13af ,1940616682164 ,0.36523438 ,-0.34155273 ,-0.07891846 ,3 ,Acc ,15
3dd9e578dace13af ,1940693141435 ,11.620605 ,3.0232697 ,-2.7140503 ,0 ,Acc ,10
3dd9e578dace13af ,1940731042268 ,0.41864014 ,-0.17736816 ,0.02178955 ,3 ,Acc ,15
3dd9e578dace13af ,1940831763414 ,0.32989502 ,0.029968262 ,0.13360596 ,3 ,Acc ,15
3dd9e578dace13af ,1940936977268 ,0.39160156 ,0.10699463 ,0.16186523 ,3 ,Acc ,15
3dd9e578dace13af ,1941057215445 ,0.41577148 ,0.14630127 ,0.1472168 ,3 ,Acc ,15
3dd9e578dace13af ,1941177276226 ,0.37145996 ,0.10656738 ,0.13549805 ,3 ,Acc ,15
3dd9e578dace13af ,1941297418309 ,0.36669922 ,-0.08642578 ,0.06738281 ,3 ,Acc ,15
3dd9e578dace13af ,1941398529195 ,0.3638916 ,-0.22521973 ,-0.025756836 ,3 ,Acc ,15
3dd9e578dace13af ,1941517006486 ,0.3312378 ,-0.33258057 ,-0.1104126 ,3 ,Acc ,15
3dd9e578dace13af ,1941617810965 ,0.3848877 ,-0.34381104 ,-0.10797119 ,3 ,Acc ,15
3dd9e578dace13af ,1941737919663 ,0.41333008 ,-0.16540527 ,-9.765625E-4 ,3 ,Acc ,15
3dd9e578dace13af ,1941858044090 ,0.42645264 ,0.0061035156 ,0.103759766 ,3 ,Acc ,15
3dd9e578dace13af ,1941975513049 ,0.48583984 ,0.10192871 ,0.15692139 ,3 ,Acc ,15
3dd9e578dace13af ,1942078219715 ,0.4366455 ,0.16131592 ,0.16711426 ,3 ,Acc ,15
3dd9e578dace13af ,1942178375080 ,0.44891357 ,0.068359375 ,0.11621094 ,3 ,Acc ,15
3dd9e578dace13af ,1942277982996 ,0.45819092 ,-0.11456299 ,0.019470215 ,3 ,Acc ,15
3dd9e578dace13af ,1942378616955 ,0.4071045 ,-0.26434326 ,-0.097839355 ,3 ,Acc ,15
3dd9e578dace13af ,1942498732840 ,0.34552002 ,-0.3864746 ,-0.18890381 ,3 ,Acc ,15
3dd9e578dace13af ,1942599887267 ,0.40478516 ,-0.39538574 ,-0.17602539 ,3 ,Acc ,15
3dd9e578dace13af ,1942718331173 ,0.4727173 ,-0.18762207 ,-0.036987305 ,3 ,Acc ,15
3dd9e578dace13af ,1942838559819 ,0.4328003 ,0.032470703 ,0.10827637 ,3 ,Acc ,15
3dd9e578dace13af ,1942939152423 ,0.50634766 ,0.060546875 ,0.095825195 ,3 ,Acc ,15
3dd9e578dace13af ,1943059400340 ,0.48797607 ,0.08886719 ,0.08099365 ,3 ,Acc ,15
3dd9e578dace13af ,1943175428413 ,0.42333984 ,0.009094238 ,0.026062012 ,3 ,Acc ,15
3dd9e578dace13af ,1943279001954 ,0.43566895 ,-0.16760254 ,-0.06402588 ,3 ,Acc ,15
3dd9e578dace13af ,1943379762475 ,0.39996338 ,-0.30596924 ,-0.1529541 ,3 ,Acc ,15
3dd9e578dace13af ,1943496172944 ,0.35076904 ,-0.40759277 ,-0.20983887 ,3 ,Acc ,15
3dd9e578dace13af ,1943600907319 ,0.47644043 ,0.5814209 ,0.43048096 ,3 ,Acc ,15
3dd9e578dace13af ,1943696742163 ,3.0380096 ,-8.284012 ,5.0676727 ,0 ,Acc ,10
3dd9e578dace13af ,1943714220756 ,0.3786621 ,0.7434082 ,0.46032715 ,3 ,Acc ,15
3dd9e578dace13af ,1943820321954 ,0.2705078 ,0.88793945 ,0.3287964 ,3 ,Acc ,15
3dd9e578dace13af ,1943940245965 ,0.34136963 ,0.8216553 ,0.4472046 ,3 ,Acc ,15
3dd9e578dace13af ,1944060409246 ,0.33312988 ,0.8588867 ,0.38287354 ,3 ,Acc ,15
3dd9e578dace13af ,1944180492683 ,0.3624878 ,0.8297119 ,0.38586426 ,3 ,Acc ,15
3dd9e578dace13af ,1944280084975 ,0.44354248 ,0.68170166 ,0.47045898 ,3 ,Acc ,15
3dd9e578dace13af ,1944380802735 ,0.5074463 ,0.5581665 ,0.4595337 ,3 ,Acc ,15
3dd9e578dace13af ,1944500893881 ,0.51971436 ,0.47302246 ,0.43725586 ,3 ,Acc ,15
3dd9e578dace13af ,1944601986225 ,0.51556396 ,0.4650879 ,0.53778076 ,3 ,Acc ,15
3dd9e578dace13af ,1944720525600 ,0.42858887 ,0.69592285 ,0.51293945 ,3 ,Acc ,15
3dd9e578dace13af ,1944821337058 ,0.3557129 ,0.8147583 ,0.43780518 ,3 ,Acc ,15
3dd9e578dace13af ,1944941372370 ,0.41412354 ,0.70928955 ,0.5687256 ,3 ,Acc ,15
3dd9e578dace13af ,1945061532735 ,0.42230225 ,0.72473145 ,0.5430908 ,3 ,Acc ,15
3dd9e578dace13af ,1945161057475 ,0.44451904 ,0.71191406 ,0.52545166 ,3 ,Acc ,15
3dd9e578dace13af ,1945261666745 ,0.49230957 ,0.5784302 ,0.58374023 ,3 ,Acc ,15
3dd9e578dace13af ,1945361214662 ,0.53912354 ,0.4399414 ,0.5786133 ,3 ,Acc ,15
3dd9e578dace13af ,1945461937683 ,0.5429077 ,0.3574829 ,0.5510254 ,3 ,Acc ,15
3dd9e578dace13af ,1945574857058 ,0.5343628 ,0.34753418 ,0.5996704 ,3 ,Acc ,15
3dd9e578dace13af ,1945681564870 ,0.48809814 ,0.5192261 ,0.6553955 ,3 ,Acc ,15
3dd9e578dace13af ,1945781680495 ,0.41815186 ,0.69903564 ,0.5647583 ,3 ,Acc ,15
3dd9e578dace13af ,1945881784818 ,0.43023682 ,0.63775635 ,0.6359863 ,3 ,Acc ,15
3dd9e578dace13af ,1945982567630 ,0.46051025 ,0.56866455 ,0.6815796 ,3 ,Acc ,15
3dd9e578dace13af ,1946081942110 ,0.4673462 ,0.62719727 ,0.62072754 ,3 ,Acc ,15
3dd9e578dace13af ,1946182435026 ,0.49090576 ,0.58795166 ,0.61376953 ,3 ,Acc ,15
3dd9e578dace13af ,1946282277630 ,0.4736328 ,0.5392456 ,0.5982666 ,3 ,Acc ,15
3dd9e578dace13af ,1946382673359 ,0.47320557 ,0.45654297 ,0.5881958 ,3 ,Acc ,15
3dd9e578dace13af ,1946498846693 ,0.47406006 ,0.37072754 ,0.5788574 ,3 ,Acc ,15
3dd9e578dace13af ,1946603220078 ,0.494812 ,0.34069824 ,0.6358032 ,3 ,Acc ,15
3dd9e578dace13af ,1946699117995 ,1.3547058 ,-6.921402 ,1.5603027 ,0 ,Acc ,10
3dd9e578dace13af ,1946718064922 ,0.48468018 ,0.50805664 ,0.6539917 ,3 ,Acc ,15
3dd9e578dace13af ,1946820122161 ,0.45617676 ,0.62561035 ,0.61486816 ,3 ,Acc ,15
3dd9e578dace13af ,1946922945911 ,0.4790039 ,0.59020996 ,0.64642334 ,3 ,Acc ,15
3dd9e578dace13af ,1947023453776 ,0.48883057 ,0.6312256 ,0.5994873 ,3 ,Acc ,15
3dd9e578dace13af ,1947143755442 ,0.4887085 ,0.6769409 ,0.53448486 ,3 ,Acc ,15
3dd9e578dace13af ,1947263146745 ,0.50439453 ,0.59002686 ,0.553772 ,3 ,Acc ,15
3dd9e578dace13af ,1947384014349 ,0.49487305 ,0.4845581 ,0.5523071 ,3 ,Acc ,15
3dd9e578dace13af ,1947504117630 ,0.4824829 ,0.4126587 ,0.5216675 ,3 ,Acc ,15
3dd9e578dace13af ,1947605263255 ,0.47888184 ,0.41046143 ,0.5252075 ,3 ,Acc ,15
3dd9e578dace13af ,1947723848203 ,0.5279541 ,0.42803955 ,0.5814209 ,3 ,Acc ,15
3dd9e578dace13af ,1947823839036 ,0.5692749 ,0.40808105 ,0.57806396 ,3 ,Acc ,15
3dd9e578dace13af ,1947923839348 ,0.6176758 ,0.29058838 ,0.5359497 ,3 ,Acc ,15
3dd9e578dace13af ,1948024750442 ,0.6329956 ,0.14501953 ,0.42004395 ,3 ,Acc ,15
3dd9e578dace13af ,1948139753723 ,0.58221436 ,0.010498047 ,0.23583984 ,3 ,Acc ,15
3dd9e578dace13af ,1948244298827 ,0.5533447 ,-0.012329102 ,0.15447998 ,3 ,Acc ,15
3dd9e578dace13af ,1948344989452 ,0.56073 ,-0.008911133 ,0.11541748 ,3 ,Acc ,15
3dd9e578dace13af ,1948465262942 ,0.54608154 ,0.0017700195 ,0.08300781 ,3 ,Acc ,15
3dd9e578dace13af ,1948585310911 ,0.51397705 ,0.014892578 ,0.076660156 ,3 ,Acc ,15
3dd9e578dace13af ,1948705508931 ,0.5218506 ,0.017150879 ,0.08258057 ,3 ,Acc ,15
3dd9e578dace13af ,1948806559713 ,0.5136719 ,0.022705078 ,0.07989502 ,3 ,Acc ,15
3dd9e578dace13af ,1948925237838 ,0.35687256 ,-0.1928711 ,-0.041015625 ,3 ,Acc ,15
3dd9e578dace13af ,1949025835546 ,0.34576416 ,-0.18713379 ,-0.037841797 ,3 ,Acc ,15
3dd9e578dace13af ,1949146133775 ,0.33685303 ,-0.17956543 ,-0.03729248 ,3 ,Acc ,15
3dd9e578dace13af ,1949266216692 ,0.32769775 ,-0.17211914 ,-0.039001465 ,3 ,Acc ,15
3dd9e578dace13af ,1949384169087 ,0.32104492 ,-0.16821289 ,-0.037963867 ,3 ,Acc ,15
3dd9e578dace13af ,1949506481900 ,0.32141113 ,-0.17480469 ,-0.045898438 ,3 ,Acc ,15
