3dd9e578dace13af ,882508473172 ,-0.3242798 ,-0.39819336 ,0.55773926 ,3 ,Acc ,15
3dd9e578dace13af ,885515179681 ,1.9312134 ,-7.543579 ,5.9611206 ,0 ,Acc ,9
3dd9e578dace13af ,885531093171 ,-0.26385498 ,-0.3470459 ,0.55615234 ,3 ,Acc ,15
3dd9e578dace13af ,885894482441 ,-0.39971924 ,-0.50354004 ,0.5072632 ,3 ,Acc ,15
3dd9e578dace13af ,886015609785 ,-0.477417 ,-0.43780518 ,0.5397949 ,3 ,Acc ,15
3dd9e578dace13af ,886117509368 ,-0.37695313 ,-0.12359619 ,0.6967163 ,3 ,Acc ,15
3dd9e578dace13af ,886235304889 ,-0.45648193 ,-0.18188477 ,0.7394409 ,3 ,Acc ,15
3dd9e578dace13af ,886336005827 ,-0.4104004 ,-0.20184326 ,0.7871094 ,3 ,Acc ,15
3dd9e578dace13af ,886436763535 ,-0.39575195 ,-0.22833252 ,0.80352783 ,3 ,Acc ,15
3dd9e578dace13af ,886556963900 ,-0.383667 ,-0.23699951 ,0.8145752 ,3 ,Acc ,15
3dd9e578dace13af ,886677018691 ,-0.34991455 ,-0.272583 ,0.8040161 ,3 ,Acc ,15
3dd9e578dace13af ,886797371712 ,-0.35247803 ,-0.27148438 ,0.8040161 ,3 ,Acc ,15
3dd9e578dace13af ,886896744941 ,-0.3515625 ,-0.27685547 ,0.80474854 ,3 ,Acc ,15
3dd9e578dace13af ,886996754993 ,-0.350708 ,-0.27722168 ,0.8071289 ,3 ,Acc ,15
3dd9e578dace13af ,887096745201 ,-0.35003662 ,-0.27545166 ,0.8088989 ,3 ,Acc ,15
3dd9e578dace13af ,887196750722 ,-0.3511963 ,-0.27178955 ,0.8100586 ,3 ,Acc ,15
3dd9e578dace13af ,887318772753 ,-0.3527832 ,-0.26776123 ,0.81207275 ,3 ,Acc ,15
3dd9e578dace13af ,887437872753 ,-0.3690796 ,-0.20910645 ,0.80670166 ,3 ,Acc ,15
3dd9e578dace13af ,887558118691 ,-0.336792 ,-0.20629883 ,0.7542114 ,3 ,Acc ,15
3dd9e578dace13af ,887677948482 ,-0.27349854 ,-0.3017578 ,0.7093506 ,3 ,Acc ,15
3dd9e578dace13af ,887779499524 ,-0.22039795 ,-0.3413086 ,0.7072754 ,3 ,Acc ,15
3dd9e578dace13af ,887897759420 ,-0.17706299 ,-0.3446045 ,0.7133789 ,3 ,Acc ,15
3dd9e578dace13af ,887998561087 ,-0.17218018 ,-0.35351563 ,0.7151489 ,3 ,Acc ,15
3dd9e578dace13af ,888099742701 ,-0.18170166 ,-0.355896 ,0.72076416 ,3 ,Acc ,15
3dd9e578dace13af ,888218104732 ,-0.18597412 ,-0.34222412 ,0.72924805 ,3 ,Acc ,15
3dd9e578dace13af ,888319943691 ,-0.18707275 ,-0.348938 ,0.72991943 ,3 ,Acc ,15
3dd9e578dace13af ,888420157128 ,-0.18945313 ,-0.368042 ,0.72558594 ,3 ,Acc ,15
3dd9e578dace13af ,888520088638 ,-0.18859863 ,-0.371521 ,0.7248535 ,3 ,Acc ,15
3dd9e578dace13af ,888518424784 ,1.3170166 ,-7.3106537 ,6.4023438 ,0 ,Acc ,9
3dd9e578dace13af ,888535184107 ,1.5370775 ,-7.311892 ,6.05733 ,3 ,Acc ,1
3dd9e578dace13af ,888638961763 ,-0.22668457 ,-0.43518066 ,0.6937256 ,3 ,Acc ,15
3dd9e578dace13af ,888757071815 ,-0.37042236 ,-0.6195679 ,0.5311279 ,3 ,Acc ,15
3dd9e578dace13af ,888858699003 ,-0.40252686 ,-0.63012695 ,0.49786377 ,3 ,Acc ,15
3dd9e578dace13af ,888979328847 ,-0.41644287 ,-0.62005615 ,0.47998047 ,3 ,Acc ,15
3dd9e578dace13af ,889079753326 ,-0.4189453 ,-0.6113281 ,0.47491455 ,3 ,Acc ,15
3dd9e578dace13af ,889179599732 ,-0.4267578 ,-0.60217285 ,0.47735596 ,3 ,Acc ,15
3dd9e578dace13af ,889279898274 ,-0.4309082 ,-0.5949707 ,0.48010254 ,3 ,Acc ,15
3dd9e578dace13af ,889397346815 ,-0.46313477 ,-0.5998535 ,0.46374512 ,3 ,Acc ,15
3dd9e578dace13af ,889499424888 ,-0.49920654 ,-0.5979614 ,0.44232178 ,3 ,Acc ,15
3dd9e578dace13af ,889600147284 ,-0.53326416 ,-0.60162354 ,0.4029541 ,3 ,Acc ,15
3dd9e578dace13af ,889721206086 ,-0.54693604 ,-0.64501953 ,0.32531738 ,3 ,Acc ,15
3dd9e578dace13af ,889840506919 ,-0.5339966 ,-0.7112427 ,0.2857666 ,3 ,Acc ,15
3dd9e578dace13af ,889939908534 ,-0.52563477 ,-0.76226807 ,0.24047852 ,3 ,Acc ,15
3dd9e578dace13af ,890058077648 ,-0.50567627 ,-0.8024292 ,0.21417236 ,3 ,Acc ,15
3dd9e578dace13af ,890160855096 ,-0.48883057 ,-0.81518555 ,0.2253418 ,3 ,Acc ,15
3dd9e578dace13af ,890281111763 ,-0.47802734 ,-0.82421875 ,0.22851563 ,3 ,Acc ,15
3dd9e578dace13af ,890401198690 ,-0.48120117 ,-0.8253174 ,0.22369385 ,3 ,Acc ,15
3dd9e578dace13af ,890522519679 ,-0.48388672 ,-0.8225708 ,0.22399902 ,3 ,Acc ,15
3dd9e578dace13af ,890641274002 ,-0.48284912 ,-0.82250977 ,0.21203613 ,3 ,Acc ,15
3dd9e578dace13af ,890740797075 ,-0.48425293 ,-0.8220215 ,0.20501709 ,3 ,Acc ,15
3dd9e578dace13af ,890841555565 ,-0.48620605 ,-0.8201294 ,0.20550537 ,3 ,Acc ,15
3dd9e578dace13af ,890941126971 ,-0.48651123 ,-0.8189087 ,0.20263672 ,3 ,Acc ,15
3dd9e578dace13af ,891041665512 ,-0.4883423 ,-0.81829834 ,0.20013428 ,3 ,Acc ,15
3dd9e578dace13af ,891162382335 ,-0.48986816 ,-0.8171997 ,0.19787598 ,3 ,Acc ,15
3dd9e578dace13af ,891281954992 ,-0.49353027 ,-0.81500244 ,0.19714355 ,3 ,Acc ,15
3dd9e578dace13af ,891402267544 ,-0.49798584 ,-0.81311035 ,0.19482422 ,3 ,Acc ,15
3dd9e578dace13af ,891521687387 ,1.7594452 ,-5.3423004 ,-8.033325 ,0 ,Acc ,9
3dd9e578dace13af ,891523352960 ,-0.50079346 ,-0.8116455 ,0.19366455 ,3 ,Acc ,15
3dd9e578dace13af ,891538047179 ,2.303222 ,-5.2528787 ,-7.953538 ,3 ,Acc ,1
3dd9e578dace13af ,891641700304 ,-0.50457764 ,-0.8098755 ,0.19256592 ,3 ,Acc ,15
3dd9e578dace13af ,891759089523 ,-0.5065918 ,-0.8069458 ,0.1942749 ,3 ,Acc ,15
3dd9e578dace13af ,891861223429 ,-0.48693848 ,-0.7739258 ,0.27612305 ,3 ,Acc ,15
3dd9e578dace13af ,891962663377 ,-0.4706421 ,-0.73791504 ,0.32720947 ,3 ,Acc ,15
3dd9e578dace13af ,892078913272 ,-0.46972656 ,-0.70703125 ,0.34222412 ,3 ,Acc ,15
3dd9e578dace13af ,892182349366 ,-0.4605713 ,-0.68188477 ,0.3720703 ,3 ,Acc ,15
3dd9e578dace13af ,892283183897 ,-0.43884277 ,-0.6526489 ,0.4163208 ,3 ,Acc ,15
3dd9e578dace13af ,892403214106 ,-0.42242432 ,-0.62109375 ,0.46166992 ,3 ,Acc ,15
3dd9e578dace13af ,892524420199 ,-0.34362793 ,-0.5762329 ,0.5548706 ,3 ,Acc ,15
3dd9e578dace13af ,892643460199 ,-0.30151367 ,-0.61260986 ,0.5941162 ,3 ,Acc ,15
3dd9e578dace13af ,892742924887 ,-0.23626709 ,-0.57562256 ,0.671875 ,3 ,Acc ,15
3dd9e578dace13af ,892863055199 ,-0.15429688 ,-0.3560791 ,0.81140137 ,3 ,Acc ,15
3dd9e578dace13af ,892963853637 ,-0.15411377 ,-0.27386475 ,0.84246826 ,3 ,Acc ,15
3dd9e578dace13af ,893084089105 ,-0.13598633 ,-0.24841309 ,0.86016846 ,3 ,Acc ,15
3dd9e578dace13af ,893204073897 ,-0.12750244 ,-0.24395752 ,0.86865234 ,3 ,Acc ,15
3dd9e578dace13af ,893325268428 ,-0.06915283 ,-0.3078003 ,0.8457031 ,3 ,Acc ,15
3dd9e578dace13af ,893441060928 ,-0.06555176 ,-0.31384277 ,0.84606934 ,3 ,Acc ,15
3dd9e578dace13af ,893543971866 ,-0.0637207 ,-0.3131714 ,0.8499756 ,3 ,Acc ,15
3dd9e578dace13af ,893644606189 ,-0.060913086 ,-0.31402588 ,0.8529053 ,3 ,Acc ,15
3dd9e578dace13af ,893744127439 ,-0.060668945 ,-0.3128662 ,0.8563843 ,3 ,Acc ,15
3dd9e578dace13af ,893844182230 ,-0.06744385 ,-0.30645752 ,0.854187 ,3 ,Acc ,15
3dd9e578dace13af ,893944231084 ,-0.13269043 ,-0.3217163 ,0.81451416 ,3 ,Acc ,15
3dd9e578dace13af ,894045094990 ,-0.25183105 ,-0.3776245 ,0.7590332 ,3 ,Acc ,15
3dd9e578dace13af ,894164918532 ,-0.39990234 ,-0.37738037 ,0.8121338 ,3 ,Acc ,15
3dd9e578dace13af ,894285311084 ,-0.41815186 ,-0.6374512 ,0.56744385 ,3 ,Acc ,15
3dd9e578dace13af ,894405289157 ,-0.60131836 ,0.1204834 ,0.7883301 ,3 ,Acc ,15
3dd9e578dace13af ,894504870563 ,-0.487854 ,-0.2921753 ,0.78601074 ,3 ,Acc ,15
3dd9e578dace13af ,894540721136 ,-8.583267 ,-3.3469238 ,3.3609314 ,0 ,Acc ,9
3dd9e578dace13af ,894543085824 ,-11.228806 ,0.46926352 ,7.240066 ,3 ,Acc ,1
3dd9e578dace13af ,894619257699 ,-0.44213867 ,-0.39093018 ,0.7811279 ,3 ,Acc ,15
3dd9e578dace13af ,894723354730 ,-0.40515137 ,-0.5043335 ,0.7238159 ,3 ,Acc ,15
3dd9e578dace13af ,894844702126 ,-0.40185547 ,-0.6209717 ,0.6399536 ,3 ,Acc ,15
3dd9e578dace13af ,894945236032 ,-0.4570923 ,-0.5171509 ,0.7186279 ,3 ,Acc ,15
3dd9e578dace13af ,895046045355 ,-0.5054321 ,-0.49169922 ,0.7069092 ,3 ,Acc ,15
3dd9e578dace13af ,895166283480 ,-0.5952759 ,-0.35888672 ,0.71850586 ,3 ,Acc ,15
3dd9e578dace13af ,895285512230 ,-0.66955566 ,-0.25360107 ,0.6972046 ,3 ,Acc ,15
3dd9e578dace13af ,895406530042 ,-0.75927734 ,-0.15124512 ,0.6312866 ,3 ,Acc ,15
3dd9e578dace13af ,895527659209 ,-0.80023193 ,-0.1361084 ,0.57543945 ,3 ,Acc ,15
3dd9e578dace13af ,895646827698 ,-0.82818604 ,-0.064331055 ,0.55029297 ,3 ,Acc ,15
3dd9e578dace13af ,895766841969 ,-0.850708 ,0.018676758 ,0.520874 ,3 ,Acc ,15
3dd9e578dace13af ,895887019938 ,-0.8630371 ,0.18737793 ,0.46850586 ,3 ,Acc ,15
3dd9e578dace13af ,896007097542 ,-0.8236084 ,0.09979248 ,0.55737305 ,3 ,Acc ,15
3dd9e578dace13af ,896126903688 ,-0.78619385 ,0.06036377 ,0.61413574 ,3 ,Acc ,15
3dd9e578dace13af ,896226812125 ,-0.79211426 ,0.08660889 ,0.59417725 ,3 ,Acc ,15
3dd9e578dace13af ,896328566396 ,-0.7930298 ,0.13720703 ,0.5576782 ,3 ,Acc ,15
3dd9e578dace13af ,896743655094 ,-0.74383545 ,0.15026855 ,0.42736816 ,3 ,Acc ,15
3dd9e578dace13af ,897204776812 ,-0.70666504 ,0.10357666 ,0.6602173 ,3 ,Acc ,15
3dd9e578dace13af ,897328347958 ,-0.70251465 ,0.09313965 ,0.65093994 ,3 ,Acc ,15
3dd9e578dace13af ,897428073270 ,-0.6990967 ,0.04949951 ,0.6542969 ,3 ,Acc ,15
3dd9e578dace13af ,897529241083 ,-0.71533203 ,0.023742676 ,0.6553955 ,3 ,Acc ,15
3dd9e578dace13af ,897542605354 ,-9.388275 ,-2.80484 ,-0.40434265 ,0 ,Acc ,9
3dd9e578dace13af ,897544478375 ,-6.0716953 ,-2.6384103 ,-0.4261679 ,3 ,Acc ,1
3dd9e578dace13af ,897649059572 ,-0.7394409 ,0.16015625 ,0.6395874 ,3 ,Acc ,15
3dd9e578dace13af ,897769142281 ,-0.68756104 ,0.5172119 ,0.49487305 ,3 ,Acc ,15
3dd9e578dace13af ,897889217333 ,-0.61395264 ,0.6312256 ,0.43878174 ,3 ,Acc ,15
3dd9e578dace13af ,898009357749 ,-0.61608887 ,0.4911499 ,0.5413208 ,3 ,Acc ,15
3dd9e578dace13af ,898108782489 ,-0.65130615 ,0.29882813 ,0.60369873 ,3 ,Acc ,15
3dd9e578dace13af ,898209032437 ,-0.6502075 ,0.25354004 ,0.5650635 ,3 ,Acc ,15
3dd9e578dace13af ,898309040926 ,-0.6352539 ,0.23718262 ,0.5177002 ,3 ,Acc ,15
3dd9e578dace13af ,898429084676 ,-0.7121582 ,0.2033081 ,0.52337646 ,3 ,Acc ,15
3dd9e578dace13af ,898530704676 ,-0.74224854 ,0.28271484 ,0.53778076 ,3 ,Acc ,15
3dd9e578dace13af ,898647967749 ,-0.8209839 ,0.25164795 ,0.5090332 ,3 ,Acc ,15
3dd9e578dace13af ,898749484155 ,-0.8336792 ,0.20715332 ,0.51086426 ,3 ,Acc ,15
3dd9e578dace13af ,898850475301 ,-0.848999 ,0.19525146 ,0.489563 ,3 ,Acc ,15
3dd9e578dace13af ,898970403843 ,-0.82977295 ,0.20770264 ,0.51794434 ,3 ,Acc ,15
3dd9e578dace13af ,899069887957 ,-0.8260498 ,0.23553467 ,0.5105591 ,3 ,Acc ,15
3dd9e578dace13af ,899170665561 ,-0.80340576 ,0.23278809 ,0.5477295 ,3 ,Acc ,15
3dd9e578dace13af ,899270011863 ,-0.7630615 ,0.17474365 ,0.6212158 ,3 ,Acc ,15
3dd9e578dace13af ,899370776603 ,-0.74835205 ,0.07354736 ,0.65667725 ,3 ,Acc ,15
3dd9e578dace13af ,899470231343 ,-0.7546387 ,0.05883789 ,0.6535034 ,3 ,Acc ,15
3dd9e578dace13af ,899571091707 ,-0.72869873 ,0.15106201 ,0.65808105 ,3 ,Acc ,15
3dd9e578dace13af ,899691114103 ,-0.6972046 ,0.19232178 ,0.675354 ,3 ,Acc ,15
3dd9e578dace13af ,899811360040 ,-0.6842041 ,0.29193115 ,0.64959717 ,3 ,Acc ,15
3dd9e578dace13af ,899910781603 ,-0.67022705 ,0.43511963 ,0.5626221 ,3 ,Acc ,15
3dd9e578dace13af ,900011465717 ,-0.583374 ,0.5985718 ,0.43579102 ,3 ,Acc ,15
3dd9e578dace13af ,900128923009 ,-0.52075195 ,0.6140747 ,0.33685303 ,3 ,Acc ,15
3dd9e578dace13af ,900231094311 ,-0.54803467 ,0.49884033 ,0.3718872 ,3 ,Acc ,15
3dd9e578dace13af ,900332913530 ,-0.5935669 ,0.36566162 ,0.4005127 ,3 ,Acc ,15
3dd9e578dace13af ,900452118269 ,-0.6923218 ,0.31140137 ,0.40930176 ,3 ,Acc ,15
3dd9e578dace13af ,900549721394 ,-9.316742 ,-1.5223389 ,-2.6553497 ,0 ,Acc ,9
3dd9e578dace13af ,900552114675 ,-7.73806 ,-2.2026656 ,0.40222588 ,3 ,Acc ,1
3dd9e578dace13af ,900567013425 ,-0.6196289 ,0.5164795 ,0.4133911 ,3 ,Acc ,15
3dd9e578dace13af ,900671540873 ,-0.49334717 ,0.7368164 ,0.3007202 ,3 ,Acc ,15
3dd9e578dace13af ,900791634623 ,-0.40875244 ,0.84521484 ,0.25585938 ,3 ,Acc ,15
3dd9e578dace13af ,900892485769 ,-0.4411621 ,0.81726074 ,0.2678833 ,3 ,Acc ,15
3dd9e578dace13af ,900991921394 ,-0.51153564 ,0.67077637 ,0.35754395 ,3 ,Acc ,15
3dd9e578dace13af ,901111988946 ,-0.61798096 ,0.48199463 ,0.33465576 ,3 ,Acc ,15
3dd9e578dace13af ,901232200769 ,-0.62561035 ,0.4262085 ,0.21203613 ,3 ,Acc ,15
3dd9e578dace13af ,901333999727 ,-0.62524414 ,0.43640137 ,0.23425293 ,3 ,Acc ,15
3dd9e578dace13af ,901453049363 ,-0.62609863 ,0.46643066 ,0.43829346 ,3 ,Acc ,15
3dd9e578dace13af ,901573261654 ,-0.59698486 ,0.40997314 ,0.666687 ,3 ,Acc ,15
3dd9e578dace13af ,901693217227 ,-0.59661865 ,0.49456787 ,0.6260376 ,3 ,Acc ,15
3dd9e578dace13af ,901792787540 ,-0.539917 ,0.625 ,0.5587158 ,3 ,Acc ,15
3dd9e578dace13af ,901892773894 ,-0.5354614 ,0.64733887 ,0.5362549 ,3 ,Acc ,15
3dd9e578dace13af ,901992944519 ,-0.5689697 ,0.55566406 ,0.56170654 ,3 ,Acc ,15
3dd9e578dace13af ,902093709154 ,-0.5961914 ,0.42980957 ,0.5184326 ,3 ,Acc ,15
3dd9e578dace13af ,902213682279 ,-0.6555176 ,0.27459717 ,0.47387695 ,3 ,Acc ,15
3dd9e578dace13af ,902313327071 ,-0.6948242 ,0.18878174 ,0.5421753 ,3 ,Acc ,15
3dd9e578dace13af ,902414062800 ,-0.6565552 ,0.19506836 ,0.68670654 ,3 ,Acc ,15
3dd9e578dace13af ,902535268008 ,-0.56915283 ,0.4300537 ,0.6951904 ,3 ,Acc ,15
3dd9e578dace13af ,902654318477 ,-0.5029297 ,0.54241943 ,0.6685791 ,3 ,Acc ,15
3dd9e578dace13af ,902753818164 ,-0.50177 ,0.5003052 ,0.69036865 ,3 ,Acc ,15
3dd9e578dace13af ,902854639935 ,-0.54467773 ,0.4909668 ,0.67578125 ,3 ,Acc ,15
3dd9e578dace13af ,902954003633 ,-0.55841064 ,0.46099854 ,0.67755127 ,3 ,Acc ,15
3dd9e578dace13af ,903054763320 ,-0.61260986 ,0.33648682 ,0.64190674 ,3 ,Acc ,15
3dd9e578dace13af ,903154221185 ,-0.6625366 ,0.22039795 ,0.57977295 ,3 ,Acc ,15
3dd9e578dace13af ,903255064935 ,-0.6500244 ,0.1963501 ,0.56744385 ,3 ,Acc ,15
3dd9e578dace13af ,903375079049 ,-0.6293335 ,0.28125 ,0.6248169 ,3 ,Acc ,15
3dd9e578dace13af ,903495288476 ,-0.56451416 ,0.4578247 ,0.66516113 ,3 ,Acc ,15
3dd9e578dace13af ,903552998424 ,-7.7151794 ,6.023941 ,-0.5984955 ,0 ,Acc ,9
3dd9e578dace13af ,903555397591 ,-11.7268 ,-0.59376204 ,-1.910573 ,3 ,Acc ,1
3dd9e578dace13af ,903609491028 ,-0.49334717 ,0.5117798 ,0.70233154 ,3 ,Acc ,15
3dd9e578dace13af ,903714835403 ,-0.4703369 ,0.5285034 ,0.6972656 ,3 ,Acc ,15
3dd9e578dace13af ,903815289153 ,-0.5159912 ,0.55322266 ,0.65063477 ,3 ,Acc ,15
3dd9e578dace13af ,903933370664 ,-0.5261841 ,0.5126953 ,0.6623535 ,3 ,Acc ,15
3dd9e578dace13af ,904035200768 ,-0.56866455 ,0.4053955 ,0.6364136 ,3 ,Acc ,15
3dd9e578dace13af ,904136561185 ,-0.60443115 ,0.32214355 ,0.58251953 ,3 ,Acc ,15
3dd9e578dace13af ,904255297382 ,-0.5862427 ,0.32110596 ,0.56970215 ,3 ,Acc ,15
3dd9e578dace13af ,904355304414 ,-0.58551025 ,0.36364746 ,0.6312866 ,3 ,Acc ,15
3dd9e578dace13af ,904456894153 ,-0.5410156 ,0.44769287 ,0.6878052 ,3 ,Acc ,15
3dd9e578dace13af ,904576984466 ,-0.47277832 ,0.50683594 ,0.7200928 ,3 ,Acc ,15
3dd9e578dace13af ,904697083268 ,-0.47192383 ,0.53533936 ,0.6903076 ,3 ,Acc ,15
3dd9e578dace13af ,904817134101 ,-0.5061035 ,0.5336914 ,0.6760254 ,3 ,Acc ,15
3dd9e578dace13af ,904932443736 ,-0.5274658 ,0.5005493 ,0.666687 ,3 ,Acc ,15
3dd9e578dace13af ,905035303424 ,-0.5755005 ,0.3949585 ,0.6409302 ,3 ,Acc ,15
3dd9e578dace13af ,905135167747 ,-0.5906372 ,0.32531738 ,0.6272583 ,3 ,Acc ,15
3dd9e578dace13af ,905257749778 ,-0.5791626 ,0.31658936 ,0.67822266 ,3 ,Acc ,15
3dd9e578dace13af ,905377699153 ,-0.5469971 ,0.44256592 ,0.6807251 ,3 ,Acc ,15
3dd9e578dace13af ,905476786497 ,-0.52783203 ,0.53253174 ,0.65600586 ,3 ,Acc ,15
3dd9e578dace13af ,905576749413 ,-0.47991943 ,0.60705566 ,0.6328125 ,3 ,Acc ,15
3dd9e578dace13af ,905698044934 ,-0.47503662 ,0.58483887 ,0.6514282 ,3 ,Acc ,15
3dd9e578dace13af ,905818284517 ,-0.47503662 ,0.5605469 ,0.6773071 ,3 ,Acc ,15
3dd9e578dace13af ,905937422746 ,-0.52783203 ,0.46240234 ,0.6824951 ,3 ,Acc ,15
3dd9e578dace13af ,906036728423 ,-0.56744385 ,0.38781738 ,0.6569824 ,3 ,Acc ,15
3dd9e578dace13af ,906136883475 ,-0.55981445 ,0.35375977 ,0.67315674 ,3 ,Acc ,15
3dd9e578dace13af ,906258683423 ,-0.5375366 ,0.42321777 ,0.69091797 ,3 ,Acc ,15
3dd9e578dace13af ,906378893163 ,-0.48291016 ,0.47528076 ,0.7206421 ,3 ,Acc ,15
3dd9e578dace13af ,906498677434 ,-0.45251465 ,0.37957764 ,0.8063965 ,3 ,Acc ,15
3dd9e578dace13af ,906556248163 ,-5.790924 ,7.455124 ,2.656433 ,0 ,Acc ,9
3dd9e578dace13af ,906558645559 ,-11.597513 ,-4.7261543 ,-0.19632454 ,3 ,Acc ,1
3dd9e578dace13af ,906612811288 ,-0.4227295 ,0.49609375 ,0.7439575 ,3 ,Acc ,15
3dd9e578dace13af ,906718064673 ,-0.4519043 ,0.5532837 ,0.68725586 ,3 ,Acc ,15
3dd9e578dace13af ,906818827538 ,-0.465271 ,0.54229736 ,0.699646 ,3 ,Acc ,15
3dd9e578dace13af ,906936422329 ,-0.5064087 ,0.4697876 ,0.70251465 ,3 ,Acc ,15
3dd9e578dace13af ,907038539933 ,-0.548645 ,0.4699707 ,0.62957764 ,3 ,Acc ,15
3dd9e578dace13af ,907158585298 ,-0.55529785 ,0.4975586 ,0.60980225 ,3 ,Acc ,15
3dd9e578dace13af ,907259380194 ,-0.5147095 ,0.5322876 ,0.6403198 ,3 ,Acc ,15
3dd9e578dace13af ,907379432537 ,-0.45654297 ,0.44866943 ,0.7652588 ,3 ,Acc ,15
3dd9e578dace13af ,907497498423 ,-0.3930664 ,0.37438965 ,0.83258057 ,3 ,Acc ,15
3dd9e578dace13af ,907597867121 ,-0.38848877 ,0.46923828 ,0.7704468 ,3 ,Acc ,15
3dd9e578dace13af ,907699791652 ,-0.42016602 ,0.50531006 ,0.73968506 ,3 ,Acc ,15
3dd9e578dace13af ,907819983266 ,-0.44140625 ,0.4751587 ,0.7605591 ,3 ,Acc ,15
3dd9e578dace13af ,907940663735 ,-0.50128174 ,0.41992188 ,0.73150635 ,3 ,Acc ,15
3dd9e578dace13af ,908060192902 ,-0.48114014 ,0.39300537 ,0.7385864 ,3 ,Acc ,15
3dd9e578dace13af ,908180253423 ,-0.46105957 ,0.34259033 ,0.8015747 ,3 ,Acc ,15
3dd9e578dace13af ,908300553839 ,-0.4257202 ,0.4212036 ,0.8008423 ,3 ,Acc ,15
3dd9e578dace13af ,908399916287 ,-0.39996338 ,0.48266602 ,0.767395 ,3 ,Acc ,15
3dd9e578dace13af ,908500635922 ,-0.3630371 ,0.4852295 ,0.7576294 ,3 ,Acc ,15
3dd9e578dace13af ,908600166704 ,-0.37927246 ,0.4862671 ,0.73583984 ,3 ,Acc ,15
3dd9e578dace13af ,908700926547 ,-0.40264893 ,0.53656006 ,0.7194214 ,3 ,Acc ,15
3dd9e578dace13af ,908820989516 ,-0.42962646 ,0.5126953 ,0.7418213 ,3 ,Acc ,15
3dd9e578dace13af ,908940678579 ,-0.50561523 ,0.4362793 ,0.7208252 ,3 ,Acc ,15
3dd9e578dace13af ,909040624672 ,-0.49682617 ,0.4375 ,0.706604 ,3 ,Acc ,15
3dd9e578dace13af ,909160697016 ,-0.47784424 ,0.45214844 ,0.72595215 ,3 ,Acc ,15
3dd9e578dace13af ,909261526964 ,-0.44213867 ,0.55578613 ,0.6954346 ,3 ,Acc ,15
3dd9e578dace13af ,909360898578 ,-0.4206543 ,0.6010132 ,0.67926025 ,3 ,Acc ,15
3dd9e578dace13af ,909461607797 ,-0.3776245 ,0.61779785 ,0.6804199 ,3 ,Acc ,15
3dd9e578dace13af ,909561190297 ,-0.35705566 ,0.6553955 ,0.6324463 ,3 ,Acc ,15
3dd9e578dace13af ,909559526912 ,-1.7644501 ,9.5815735 ,-1.1181488 ,0 ,Acc ,9
3dd9e578dace13af ,909561918682 ,-13.148955 ,-2.930503 ,0.50757074 ,3 ,Acc ,1
3dd9e578dace13af ,909661958214 ,-0.37200928 ,0.6436157 ,0.6491089 ,3 ,Acc ,15
3dd9e578dace13af ,909782013057 ,-0.4093628 ,0.61846924 ,0.66967773 ,3 ,Acc ,15
3dd9e578dace13af ,909902286547 ,-0.48260498 ,0.58569336 ,0.6062012 ,3 ,Acc ,15
3dd9e578dace13af ,910022305193 ,-0.49475098 ,0.52801514 ,0.64001465 ,3 ,Acc ,15
3dd9e578dace13af ,910138581859 ,-0.38183594 ,0.6170654 ,0.67523193 ,3 ,Acc ,15
3dd9e578dace13af ,910238510870 ,-0.29986572 ,0.5582886 ,0.77282715 ,3 ,Acc ,15
3dd9e578dace13af ,910343697484 ,-0.34631348 ,0.5342407 ,0.7614746 ,3 ,Acc ,15
3dd9e578dace13af ,910460628057 ,-0.38623047 ,0.6248779 ,0.6608887 ,3 ,Acc ,15
3dd9e578dace13af ,910561568890 ,-0.37872314 ,0.6635742 ,0.61572266 ,3 ,Acc ,15
3dd9e578dace13af ,910662966547 ,-0.3687744 ,0.65270996 ,0.6446533 ,3 ,Acc ,15
3dd9e578dace13af ,910783297224 ,-0.37121582 ,0.57733154 ,0.7272339 ,3 ,Acc ,15
3dd9e578dace13af ,910903252328 ,-0.44519043 ,0.4580078 ,0.76379395 ,3 ,Acc ,15
3dd9e578dace13af ,911023495817 ,-0.45159912 ,0.47485352 ,0.7468262 ,3 ,Acc ,15
3dd9e578dace13af ,911140639203 ,-0.40509033 ,0.6958618 ,0.588562 ,3 ,Acc ,15
3dd9e578dace13af ,911246122432 ,-0.3571167 ,0.69873047 ,0.5700073 ,3 ,Acc ,15
3dd9e578dace13af ,911363133057 ,-0.13665771 ,0.33947754 ,0.4937744 ,3 ,Acc ,15
3dd9e578dace13af ,911463644515 ,-0.111328125 ,0.277771 ,0.46636963 ,3 ,Acc ,15
3dd9e578dace13af ,911584031650 ,-0.17321777 ,0.32470703 ,0.5390625 ,3 ,Acc ,15
3dd9e578dace13af ,911704098057 ,-0.29803467 ,0.6192627 ,0.6325073 ,3 ,Acc ,15
3dd9e578dace13af ,911824343473 ,-0.30334473 ,0.7913208 ,0.5231323 ,3 ,Acc ,15
3dd9e578dace13af ,911945443682 ,-0.29992676 ,0.7680054 ,0.55841064 ,3 ,Acc ,15
3dd9e578dace13af ,912064610504 ,-0.31188965 ,0.73254395 ,0.60388184 ,3 ,Acc ,15
3dd9e578dace13af ,912163956286 ,-0.2816162 ,0.68951416 ,0.6672363 ,3 ,Acc ,15
3dd9e578dace13af ,912264410713 ,-0.29644775 ,0.6405029 ,0.70843506 ,3 ,Acc ,15
3dd9e578dace13af ,912364179358 ,-0.33380127 ,0.6333618 ,0.69750977 ,3 ,Acc ,15
3dd9e578dace13af ,912463228265 ,-0.3414917 ,0.56585693 ,0.7498779 ,3 ,Acc ,15
3dd9e578dace13af ,912564393890 ,-0.3161621 ,0.5888672 ,0.74346924 ,3 ,Acc ,15
3dd9e578dace13af ,912562731650 ,-4.334198 ,8.734589 ,1.0449524 ,0 ,Acc ,9
3dd9e578dace13af ,912565121442 ,-9.595961 ,-2.3223755 ,0.641646 ,3 ,Acc ,1
3dd9e578dace13af ,912665162848 ,-0.29241943 ,0.649353 ,0.6933594 ,3 ,Acc ,15
3dd9e578dace13af ,912785582796 ,-0.28051758 ,0.67578125 ,0.6641846 ,3 ,Acc ,15
3dd9e578dace13af ,912905115869 ,-0.28851318 ,0.7229004 ,0.6222534 ,3 ,Acc ,15
3dd9e578dace13af ,913004910296 ,-0.31030273 ,0.697876 ,0.6451416 ,3 ,Acc ,15
3dd9e578dace13af ,913105721285 ,-0.33050537 ,0.6296997 ,0.6934204 ,3 ,Acc ,15
3dd9e578dace13af ,913225438785 ,-0.31610107 ,0.5726929 ,0.7398071 ,3 ,Acc ,15
3dd9e578dace13af ,913342050244 ,-0.26202393 ,0.59869385 ,0.7562866 ,3 ,Acc ,15
3dd9e578dace13af ,913445294983 ,-0.23937988 ,0.6534424 ,0.7140503 ,3 ,Acc ,15
3dd9e578dace13af ,913559580816 ,-0.20721436 ,0.57629395 ,0.7739258 ,3 ,Acc ,15
3dd9e578dace13af ,913666400712 ,-0.17327881 ,0.536438 ,0.7913208 ,3 ,Acc ,15
3dd9e578dace13af ,913786315764 ,-0.21575928 ,0.60668945 ,0.7076416 ,3 ,Acc ,15
3dd9e578dace13af ,913906580139 ,-0.2296753 ,0.6312256 ,0.7192383 ,3 ,Acc ,15
3dd9e578dace13af ,914026662118 ,-0.27441406 ,0.53118896 ,0.8015137 ,3 ,Acc ,15
3dd9e578dace13af ,914146421910 ,-0.3383789 ,0.48028564 ,0.80023193 ,3 ,Acc ,15
3dd9e578dace13af ,914266918993 ,-0.32739258 ,0.55163574 ,0.75549316 ,3 ,Acc ,15
3dd9e578dace13af ,914387064774 ,-0.25994873 ,0.5881958 ,0.765625 ,3 ,Acc ,15
3dd9e578dace13af ,914501305295 ,-0.14990234 ,0.55688477 ,0.79345703 ,3 ,Acc ,15
3dd9e578dace13af ,914606570139 ,-0.15264893 ,0.6057129 ,0.72424316 ,3 ,Acc ,15
3dd9e578dace13af ,914706713889 ,-0.20507813 ,0.5786133 ,0.73773193 ,3 ,Acc ,15
3dd9e578dace13af ,914806709462 ,-0.23376465 ,0.50531006 ,0.786499 ,3 ,Acc ,15
3dd9e578dace13af ,914906714930 ,-0.25177002 ,0.47961426 ,0.7973633 ,3 ,Acc ,15
3dd9e578dace13af ,915027823472 ,-0.27960205 ,0.48199463 ,0.80041504 ,3 ,Acc ,15
3dd9e578dace13af ,915148446753 ,-0.24523926 ,0.60009766 ,0.7429199 ,3 ,Acc ,15
3dd9e578dace13af ,915268053993 ,-0.21929932 ,0.55755615 ,0.7897949 ,3 ,Acc ,15
3dd9e578dace13af ,915388117847 ,-0.2119751 ,0.49176025 ,0.84277344 ,3 ,Acc ,15
3dd9e578dace13af ,915508284045 ,-0.16113281 ,0.47601318 ,0.86431885 ,3 ,Acc ,15
3dd9e578dace13af ,915563185920 ,-2.0475464 ,7.955017 ,5.3567963 ,0 ,Acc ,9
3dd9e578dace13af ,915584283941 ,-13.172897 ,-2.0494366 ,-1.5179238 ,3 ,Acc ,1
3dd9e578dace13af ,915622465347 ,-0.12335205 ,0.4492798 ,0.87805176 ,3 ,Acc ,15
3dd9e578dace13af ,915727592170 ,-0.13531494 ,0.49273682 ,0.8353882 ,3 ,Acc ,15
3dd9e578dace13af ,915828694930 ,-0.14801025 ,0.49401855 ,0.8236084 ,3 ,Acc ,15
3dd9e578dace13af ,915928023263 ,-0.14111328 ,0.4668579 ,0.8282471 ,3 ,Acc ,15
3dd9e578dace13af ,916028799722 ,-0.13079834 ,0.46350098 ,0.81121826 ,3 ,Acc ,15
3dd9e578dace13af ,916146339878 ,-0.16064453 ,0.5437622 ,0.7453003 ,3 ,Acc ,15
3dd9e578dace13af ,916266697326 ,-0.12982178 ,0.5904541 ,0.75531006 ,3 ,Acc ,15
3dd9e578dace13af ,916368559357 ,-0.13873291 ,0.6045532 ,0.7751465 ,3 ,Acc ,15
3dd9e578dace13af ,916469406492 ,-0.16851807 ,0.5997925 ,0.7819824 ,3 ,Acc ,15
3dd9e578dace13af ,916568803211 ,-0.63482666 ,0.44940186 ,0.46984863 ,3 ,Acc ,15
3dd9e578dace13af ,916688853628 ,-0.6211548 ,0.47631836 ,0.4788208 ,3 ,Acc ,15
3dd9e578dace13af ,916807153003 ,-0.57873535 ,0.6123047 ,0.42773438 ,3 ,Acc ,15
3dd9e578dace13af ,916909714513 ,-0.56243896 ,0.6729126 ,0.39196777 ,3 ,Acc ,15
3dd9e578dace13af ,917009242325 ,-0.5876465 ,0.64733887 ,0.43951416 ,3 ,Acc ,15
3dd9e578dace13af ,917110077482 ,-0.5755005 ,0.6668091 ,0.4472046 ,3 ,Acc ,15
3dd9e578dace13af ,917230423002 ,-0.5420532 ,0.7297363 ,0.39746094 ,3 ,Acc ,15
3dd9e578dace13af ,917350706075 ,-0.53027344 ,0.72076416 ,0.4154663 ,3 ,Acc ,15
3dd9e578dace13af ,917470989982 ,-0.5487671 ,0.65844727 ,0.43328857 ,3 ,Acc ,15
3dd9e578dace13af ,917590645086 ,-0.5817261 ,0.567688 ,0.43798828 ,3 ,Acc ,15
3dd9e578dace13af ,917706429513 ,-0.58428955 ,0.51898193 ,0.43719482 ,3 ,Acc ,15
3dd9e578dace13af ,917810160763 ,-0.529541 ,0.5482178 ,0.44256592 ,3 ,Acc ,15
3dd9e578dace13af ,917941633471 ,-0.4729004 ,0.61157227 ,0.48376465 ,3 ,Acc ,15
3dd9e578dace13af ,918050358471 ,-0.4769287 ,0.63134766 ,0.48132324 ,3 ,Acc ,15
3dd9e578dace13af ,918152020763 ,-0.49090576 ,0.640625 ,0.49853516 ,3 ,Acc ,15
3dd9e578dace13af ,918271236596 ,-0.5230713 ,0.65283203 ,0.5363159 ,3 ,Acc ,15
3dd9e578dace13af ,918391668106 ,-0.4668579 ,0.767334 ,0.41937256 ,3 ,Acc ,15
3dd9e578dace13af ,918511517221 ,-0.47686768 ,0.7321167 ,0.4249878 ,3 ,Acc ,15
3dd9e578dace13af ,918568892481 ,-8.010651 ,2.8623352 ,-4.879196 ,0 ,Acc ,9
3dd9e578dace13af ,918587719773 ,-11.544841 ,-1.2162545 ,-2.1212628 ,3 ,Acc ,1
3dd9e578dace13af ,918625817689 ,-0.51226807 ,0.6824341 ,0.3831787 ,3 ,Acc ,15
3dd9e578dace13af ,918731054200 ,-0.49957275 ,0.6531372 ,0.3170166 ,3 ,Acc ,15
3dd9e578dace13af ,918831769616 ,-0.52679443 ,0.6069336 ,0.319458 ,3 ,Acc ,15
3dd9e578dace13af ,918931327585 ,-0.51226807 ,0.5650635 ,0.41577148 ,3 ,Acc ,15
3dd9e578dace13af ,919031652064 ,-0.47210693 ,0.6055298 ,0.4841919 ,3 ,Acc ,15
3dd9e578dace13af ,919149789825 ,-0.43530273 ,0.67749023 ,0.5217285 ,3 ,Acc ,15
3dd9e578dace13af ,919251356960 ,-0.4234619 ,0.65185547 ,0.58288574 ,3 ,Acc ,15
3dd9e578dace13af ,919353464512 ,-0.42126465 ,0.6101074 ,0.6446533 ,3 ,Acc ,15
3dd9e578dace13af ,919472504460 ,-0.4008789 ,0.64385986 ,0.6375122 ,3 ,Acc ,15
3dd9e578dace13af ,919571924564 ,-0.42285156 ,0.66052246 ,0.6051636 ,3 ,Acc ,15
3dd9e578dace13af ,919672813731 ,-0.449646 ,0.6310425 ,0.59716797 ,3 ,Acc ,15
3dd9e578dace13af ,919792876231 ,-0.44177246 ,0.6331177 ,0.50787354 ,3 ,Acc ,15
3dd9e578dace13af ,919892394408 ,-0.45916748 ,0.6107178 ,0.45751953 ,3 ,Acc ,15
3dd9e578dace13af ,919993120710 ,-0.46484375 ,0.5914917 ,0.4616089 ,3 ,Acc ,15
3dd9e578dace13af ,920113182689 ,-0.4430542 ,0.6119995 ,0.5001221 ,3 ,Acc ,15
3dd9e578dace13af ,920229710553 ,-0.40423584 ,0.67700195 ,0.5350952 ,3 ,Acc ,15
3dd9e578dace13af ,920332762533 ,-0.39465332 ,0.6807251 ,0.56744385 ,3 ,Acc ,15
3dd9e578dace13af ,920433532324 ,-0.40118408 ,0.67211914 ,0.5888672 ,3 ,Acc ,15
3dd9e578dace13af ,920533028314 ,-0.39215088 ,0.66937256 ,0.6119995 ,3 ,Acc ,15
3dd9e578dace13af ,920633972064 ,-0.3768921 ,0.7182617 ,0.5715332 ,3 ,Acc ,15
3dd9e578dace13af ,920754988730 ,-0.37664795 ,0.7338257 ,0.5371704 ,3 ,Acc ,15
3dd9e578dace13af ,920874104616 ,-0.40863037 ,0.6713257 ,0.532959 ,3 ,Acc ,15
3dd9e578dace13af ,920994124199 ,-0.4100952 ,0.6706543 ,0.45318604 ,3 ,Acc ,15
3dd9e578dace13af ,921111368261 ,-0.4239502 ,0.62158203 ,0.46069336 ,3 ,Acc ,15
3dd9e578dace13af ,921213817063 ,-0.4451294 ,0.60028076 ,0.5054321 ,3 ,Acc ,15
3dd9e578dace13af ,921314014772 ,-0.41223145 ,0.642334 ,0.56469727 ,3 ,Acc ,15
3dd9e578dace13af ,921413963105 ,-0.36218262 ,0.7137451 ,0.5541382 ,3 ,Acc ,15
3dd9e578dace13af ,921514754720 ,-0.3513794 ,0.6951904 ,0.6022949 ,3 ,Acc ,15
3dd9e578dace13af ,921572916126 ,-6.2761536 ,7.400818 ,-1.4170074 ,0 ,Acc ,9
3dd9e578dace13af ,921591324615 ,-9.490616 ,-2.8634653 ,-0.02873042 ,3 ,Acc ,1
3dd9e578dace13af ,921629643834 ,-0.34906006 ,0.6656494 ,0.651001 ,3 ,Acc ,15
3dd9e578dace13af ,921734349980 ,-0.34643555 ,0.6951904 ,0.62597656 ,3 ,Acc ,15
3dd9e578dace13af ,921835133990 ,-0.35394287 ,0.74884033 ,0.55218506 ,3 ,Acc ,15
3dd9e578dace13af ,921956392480 ,-0.37390137 ,0.7229614 ,0.53552246 ,3 ,Acc ,15
3dd9e578dace13af ,922075483417 ,-0.36132813 ,0.6968994 ,0.50177 ,3 ,Acc ,15
3dd9e578dace13af ,922194621542 ,-0.37164307 ,0.64416504 ,0.5037842 ,3 ,Acc ,15
3dd9e578dace13af ,922295226178 ,-0.5397339 ,0.55236816 ,0.3982544 ,3 ,Acc ,15
3dd9e578dace13af ,922395813000 ,-0.5623169 ,0.5527954 ,0.42803955 ,3 ,Acc ,15
3dd9e578dace13af ,922515842167 ,-0.44854736 ,0.7441406 ,0.39697266 ,3 ,Acc ,15
3dd9e578dace13af ,922615298365 ,-0.29937744 ,0.8925171 ,0.25860596 ,3 ,Acc ,15
3dd9e578dace13af ,922716039355 ,-0.2720337 ,0.9071655 ,0.22283936 ,3 ,Acc ,15
3dd9e578dace13af ,922836191438 ,-0.24560547 ,0.9012451 ,0.16418457 ,3 ,Acc ,15
3dd9e578dace13af ,922957368469 ,-0.17944336 ,0.9049072 ,0.070495605 ,3 ,Acc ,15
3dd9e578dace13af ,923075299354 ,-0.17578125 ,0.8409424 ,-0.06341553 ,3 ,Acc ,15
3dd9e578dace13af ,923493015813 ,0.10467529 ,0.6652832 ,-0.6097412 ,3 ,Acc ,15
3dd9e578dace13af ,923610941958 ,0.110839844 ,0.5960083 ,-0.69348145 ,3 ,Acc ,15
3dd9e578dace13af ,923717109094 ,0.13848877 ,0.5449219 ,-0.75720215 ,3 ,Acc ,15
3dd9e578dace13af ,923837348052 ,0.23815918 ,0.43188477 ,-0.81622314 ,3 ,Acc ,15
3dd9e578dace13af ,923958414510 ,0.2399292 ,0.40319824 ,-0.82666016 ,3 ,Acc ,15
3dd9e578dace13af ,924058589667 ,0.2154541 ,0.44476318 ,-0.80773926 ,3 ,Acc ,15
3dd9e578dace13af ,924158667583 ,0.32995605 ,0.36846924 ,-0.8138428 ,3 ,Acc ,15
3dd9e578dace13af ,924277747531 ,0.48150635 ,0.17779541 ,-0.8183594 ,3 ,Acc ,15
3dd9e578dace13af ,924397102427 ,0.46124268 ,0.16473389 ,-0.829895 ,3 ,Acc ,15
3dd9e578dace13af ,924497387531 ,0.39794922 ,0.24853516 ,-0.850708 ,3 ,Acc ,15
3dd9e578dace13af ,924575713260 ,-6.6755676 ,-3.3798523 ,6.3390503 ,0 ,Acc ,9
3dd9e578dace13af ,924593736645 ,-11.736377 ,-0.41180268 ,-2.0733786 ,3 ,Acc ,1
3dd9e578dace13af ,924611497635 ,0.2906494 ,0.26330566 ,-0.9098511 ,3 ,Acc ,15
3dd9e578dace13af ,924717958052 ,0.22424316 ,0.30804443 ,-0.9232178 ,3 ,Acc ,15
3dd9e578dace13af ,924838281437 ,0.2312622 ,0.28125 ,-0.93048096 ,3 ,Acc ,15
3dd9e578dace13af ,924937773989 ,0.28503418 ,0.2949829 ,-0.8914795 ,3 ,Acc ,15
3dd9e578dace13af ,925038613416 ,0.29473877 ,0.38580322 ,-0.76483154 ,3 ,Acc ,15
3dd9e578dace13af ,925156278520 ,0.32513428 ,0.38946533 ,-0.72210693 ,3 ,Acc ,15
3dd9e578dace13af ,925279060656 ,0.27490234 ,0.47021484 ,-0.66748047 ,3 ,Acc ,15
3dd9e578dace13af ,925398946854 ,0.29431152 ,0.4888916 ,-0.5749512 ,3 ,Acc ,15
3dd9e578dace13af ,925519133781 ,0.37780762 ,0.45715332 ,-0.61505127 ,3 ,Acc ,15
3dd9e578dace13af ,925621396645 ,0.31115723 ,0.39154053 ,-0.7573242 ,3 ,Acc ,15
3dd9e578dace13af ,925738704718 ,0.17608643 ,0.3850708 ,-0.86395264 ,3 ,Acc ,15
3dd9e578dace13af ,925839483624 ,0.11376953 ,0.3764038 ,-0.89398193 ,3 ,Acc ,15
3dd9e578dace13af ,925938948416 ,0.07098389 ,0.40722656 ,-0.87390137 ,3 ,Acc ,15
3dd9e578dace13af ,926039076801 ,0.13562012 ,0.4451294 ,-0.8135376 ,3 ,Acc ,15
3dd9e578dace13af ,926160838989 ,0.25378418 ,0.4293213 ,-0.74090576 ,3 ,Acc ,15
3dd9e578dace13af ,926279845030 ,0.27435303 ,0.4996338 ,-0.5980835 ,3 ,Acc ,15
3dd9e578dace13af ,926400080082 ,0.3774414 ,0.49719238 ,-0.5130615 ,3 ,Acc ,15
3dd9e578dace13af ,926520131384 ,0.42590332 ,0.44152832 ,-0.5994873 ,3 ,Acc ,15
3dd9e578dace13af ,926640367947 ,0.25402832 ,0.39282227 ,-0.77093506 ,3 ,Acc ,15
3dd9e578dace13af ,926760698728 ,0.107666016 ,0.42578125 ,-0.84436035 ,3 ,Acc ,15
3dd9e578dace13af ,926859884978 ,0.039367676 ,0.42730713 ,-0.8587036 ,3 ,Acc ,15
3dd9e578dace13af ,926961695811 ,0.0670166 ,0.44335938 ,-0.8245239 ,3 ,Acc ,15
3dd9e578dace13af ,927080763572 ,0.22875977 ,0.41497803 ,-0.7553711 ,3 ,Acc ,15
3dd9e578dace13af ,927180236280 ,0.31756592 ,0.43017578 ,-0.6673584 ,3 ,Acc ,15
3dd9e578dace13af ,927300370707 ,0.37609863 ,0.42974854 ,-0.5540161 ,3 ,Acc ,15
3dd9e578dace13af ,927401109301 ,0.36627197 ,0.44885254 ,-0.5354004 ,3 ,Acc ,15
3dd9e578dace13af ,927521306280 ,0.35699463 ,0.42468262 ,-0.6314087 ,3 ,Acc ,15
3dd9e578dace13af ,927579045394 ,-8.212357 ,-2.4548645 ,4.764557 ,0 ,Acc ,9
3dd9e578dace13af ,927597236801 ,-8.963891 ,-0.49799395 ,-1.3599066 ,3 ,Acc ,1
3dd9e578dace13af ,927637062790 ,0.2512207 ,0.39416504 ,-0.76049805 ,3 ,Acc ,15
3dd9e578dace13af ,927740857946 ,0.16229248 ,0.3828125 ,-0.83673096 ,3 ,Acc ,15
3dd9e578dace13af ,927841692425 ,0.093566895 ,0.38861084 ,-0.8586426 ,3 ,Acc ,15
3dd9e578dace13af ,927941022634 ,0.11779785 ,0.4000244 ,-0.8320923 ,3 ,Acc ,15
3dd9e578dace13af ,928041805915 ,0.24786377 ,0.34881592 ,-0.7826538 ,3 ,Acc ,15
3dd9e578dace13af ,928159591332 ,0.29138184 ,0.39868164 ,-0.6767578 ,3 ,Acc ,15
3dd9e578dace13af ,928261463207 ,0.3527832 ,0.38208008 ,-0.59503174 ,3 ,Acc ,15
3dd9e578dace13af ,928363210082 ,0.48291016 ,0.30462646 ,-0.56469727 ,3 ,Acc ,15
3dd9e578dace13af ,928482360238 ,0.41723633 ,0.30932617 ,-0.6652832 ,3 ,Acc ,15
3dd9e578dace13af ,928602418727 ,0.2503662 ,0.3400879 ,-0.78308105 ,3 ,Acc ,15
3dd9e578dace13af ,928701825081 ,0.19335938 ,0.3649292 ,-0.83776855 ,3 ,Acc ,15
3dd9e578dace13af ,928802743311 ,0.16448975 ,0.33099365 ,-0.885376 ,3 ,Acc ,15
3dd9e578dace13af ,928902042946 ,0.12890625 ,0.3996582 ,-0.835083 ,3 ,Acc ,15
3dd9e578dace13af ,929002843623 ,0.10638428 ,0.53027344 ,-0.62750244 ,3 ,Acc ,15
3dd9e578dace13af ,929123007217 ,0.3283081 ,0.43780518 ,-0.50006104 ,3 ,Acc ,15
3dd9e578dace13af ,929243080862 ,0.35211182 ,0.47540283 ,-0.421875 ,3 ,Acc ,15
3dd9e578dace13af ,929364301435 ,0.20275879 ,0.4937744 ,-0.3413086 ,3 ,Acc ,15
3dd9e578dace13af ,929483332737 ,0.25665283 ,0.5114746 ,-0.44659424 ,3 ,Acc ,15
3dd9e578dace13af ,929598544925 ,0.26989746 ,0.3914795 ,-0.66619873 ,3 ,Acc ,15
3dd9e578dace13af ,929702918987 ,0.20678711 ,0.3550415 ,-0.79541016 ,3 ,Acc ,15
3dd9e578dace13af ,929803676435 ,0.13104248 ,0.3480835 ,-0.85980225 ,3 ,Acc ,15
3dd9e578dace13af ,929903207164 ,0.11206055 ,0.36914063 ,-0.845459 ,3 ,Acc ,15
3dd9e578dace13af ,930003999039 ,0.1642456 ,0.3973999 ,-0.7597046 ,3 ,Acc ,15
3dd9e578dace13af ,930123988102 ,0.28326416 ,0.40618896 ,-0.60162354 ,3 ,Acc ,15
3dd9e578dace13af ,930244221331 ,0.34448242 ,0.42114258 ,-0.43823242 ,3 ,Acc ,15
3dd9e578dace13af ,930365388987 ,0.40563965 ,0.4251709 ,-0.35827637 ,3 ,Acc ,15
3dd9e578dace13af ,930484502685 ,0.38806152 ,0.4013672 ,-0.4985962 ,3 ,Acc ,15
3dd9e578dace13af ,930579011383 ,-7.723419 ,-1.8378906 ,5.756836 ,0 ,Acc ,9
3dd9e578dace13af ,930599860341 ,0.24206543 ,0.3772583 ,-0.694397 ,3 ,Acc ,15
3dd9e578dace13af ,930600547841 ,-8.379706 ,-1.1348516 ,0.7422025 ,3 ,Acc ,1
3dd9e578dace13af ,930704097060 ,0.18133545 ,0.3965454 ,-0.77905273 ,3 ,Acc ,15
3dd9e578dace13af ,930804897060 ,0.14111328 ,0.36676025 ,-0.8180542 ,3 ,Acc ,15
3dd9e578dace13af ,930924142893 ,0.15802002 ,0.40124512 ,-0.7489624 ,3 ,Acc ,15
3dd9e578dace13af ,931026574976 ,0.2682495 ,0.3928833 ,-0.651001 ,3 ,Acc ,15
3dd9e578dace13af ,931145050601 ,0.3336792 ,0.40594482 ,-0.49291992 ,3 ,Acc ,15
3dd9e578dace13af ,931245305862 ,0.33880615 ,0.3980713 ,-0.3470459 ,3 ,Acc ,15
3dd9e578dace13af ,931363008830 ,0.4360962 ,0.40533447 ,-0.35845947 ,3 ,Acc ,15
3dd9e578dace13af ,931464015653 ,0.3953247 ,0.3287964 ,-0.5332031 ,3 ,Acc ,15
3dd9e578dace13af ,931566666643 ,0.26757813 ,0.3310547 ,-0.692749 ,3 ,Acc ,15
3dd9e578dace13af ,931685801330 ,0.16900635 ,0.34417725 ,-0.807251 ,3 ,Acc ,15
3dd9e578dace13af ,931805836799 ,0.11920166 ,0.35253906 ,-0.8064575 ,3 ,Acc ,15
3dd9e578dace13af ,931909084820 ,0.16583252 ,0.3932495 ,-0.68444824 ,3 ,Acc ,15
3dd9e578dace13af ,932025470184 ,0.31732178 ,0.37677002 ,-0.48931885 ,3 ,Acc ,15
3dd9e578dace13af ,932126133518 ,0.39337158 ,0.35980225 ,-0.34222412 ,3 ,Acc ,15
3dd9e578dace13af ,932228845236 ,0.41662598 ,0.38623047 ,-0.27844238 ,3 ,Acc ,15
3dd9e578dace13af ,932345780132 ,0.4309082 ,0.3696289 ,-0.38720703 ,3 ,Acc ,15
3dd9e578dace13af ,932446567059 ,0.3708496 ,0.31207275 ,-0.5805054 ,3 ,Acc ,15
3dd9e578dace13af ,932546031695 ,0.2498169 ,0.35766602 ,-0.71850586 ,3 ,Acc ,15
3dd9e578dace13af ,932646878674 ,0.18811035 ,0.3657837 ,-0.77630615 ,3 ,Acc ,15
3dd9e578dace13af ,932767973934 ,0.1984253 ,0.3418579 ,-0.75512695 ,3 ,Acc ,15
3dd9e578dace13af ,932883178882 ,0.27282715 ,0.34881592 ,-0.62768555 ,3 ,Acc ,15
3dd9e578dace13af ,932986481694 ,0.37451172 ,0.34552002 ,-0.5239258 ,3 ,Acc ,15
3dd9e578dace13af ,933087219142 ,0.44604492 ,0.328125 ,-0.39019775 ,3 ,Acc ,15
3dd9e578dace13af ,933207422944 ,0.48132324 ,0.3515625 ,-0.28125 ,3 ,Acc ,15
3dd9e578dace13af ,933327474923 ,0.46929932 ,0.3139038 ,-0.43408203 ,3 ,Acc ,15
3dd9e578dace13af ,933447762475 ,0.33648682 ,0.2767334 ,-0.65045166 ,3 ,Acc ,15
3dd9e578dace13af ,933546744715 ,0.20721436 ,0.33184814 ,-0.74645996 ,3 ,Acc ,15
3dd9e578dace13af ,933585124611 ,-6.0857086 ,-3.2258759 ,6.980545 ,0 ,Acc ,9
3dd9e578dace13af ,933604046902 ,-9.706094 ,-0.15801731 ,-1.7286136 ,3 ,Acc ,1
3dd9e578dace13af ,933666480965 ,0.15429688 ,0.34301758 ,-0.7507324 ,3 ,Acc ,15
3dd9e578dace13af ,933769073829 ,0.1998291 ,0.36767578 ,-0.63500977 ,3 ,Acc ,15
3dd9e578dace13af ,933888204559 ,0.35906982 ,0.34136963 ,-0.46984863 ,3 ,Acc ,15
3dd9e578dace13af ,934006985079 ,0.38226318 ,0.34869385 ,-0.28466797 ,3 ,Acc ,15
3dd9e578dace13af ,934107572892 ,0.3793335 ,0.36169434 ,-0.18981934 ,3 ,Acc ,15
3dd9e578dace13af ,934208453829 ,0.42248535 ,0.35760498 ,-0.2796631 ,3 ,Acc ,15
3dd9e578dace13af ,934307781850 ,0.3546753 ,0.29077148 ,-0.48468018 ,3 ,Acc ,15
3dd9e578dace13af ,934428060340 ,0.23413086 ,0.33374023 ,-0.6640625 ,3 ,Acc ,15
3dd9e578dace13af ,934546205079 ,0.18933105 ,0.3040161 ,-0.76013184 ,3 ,Acc ,15
3dd9e578dace13af ,934649071069 ,0.16894531 ,0.32434082 ,-0.720459 ,3 ,Acc ,15
3dd9e578dace13af ,934748999142 ,0.24682617 ,0.3328247 ,-0.57336426 ,3 ,Acc ,15
3dd9e578dace13af ,934849242683 ,0.42034912 ,0.2850952 ,-0.4126587 ,3 ,Acc ,15
3dd9e578dace13af ,934970367787 ,0.46392822 ,0.28930664 ,-0.27069092 ,3 ,Acc ,15
3dd9e578dace13af ,935089443985 ,0.46081543 ,0.3267212 ,-0.22509766 ,3 ,Acc ,15
3dd9e578dace13af ,935188940391 ,0.49816895 ,0.27789307 ,-0.3139038 ,3 ,Acc ,15
3dd9e578dace13af ,935289117891 ,0.45098877 ,0.21807861 ,-0.50128174 ,3 ,Acc ,15
3dd9e578dace13af ,935389108152 ,0.34210205 ,0.272583 ,-0.6408081 ,3 ,Acc ,15
3dd9e578dace13af ,935489831902 ,0.3618164 ,0.20141602 ,-0.708374 ,3 ,Acc ,15
3dd9e578dace13af ,935604892683 ,0.32922363 ,0.2234497 ,-0.66589355 ,3 ,Acc ,15
3dd9e578dace13af ,935709079402 ,0.42596436 ,0.15795898 ,-0.5857544 ,3 ,Acc ,15
3dd9e578dace13af ,935810194818 ,0.4100952 ,0.26287842 ,-0.46826172 ,3 ,Acc ,15
3dd9e578dace13af ,935930375808 ,0.42578125 ,0.27398682 ,-0.3375244 ,3 ,Acc ,15
3dd9e578dace13af ,936029808933 ,0.44573975 ,0.22943115 ,-0.2692871 ,3 ,Acc ,15
3dd9e578dace13af ,936149921433 ,0.46875 ,0.23809814 ,-0.33764648 ,3 ,Acc ,15
3dd9e578dace13af ,936250806276 ,0.4456787 ,0.20043945 ,-0.48358154 ,3 ,Acc ,15
3dd9e578dace13af ,936371737578 ,0.40093994 ,0.21124268 ,-0.6350708 ,3 ,Acc ,15
3dd9e578dace13af ,936491021224 ,0.37286377 ,0.18029785 ,-0.710083 ,3 ,Acc ,15
3dd9e578dace13af ,936588719349 ,-7.1821594 ,1.2606506 ,6.5572357 ,0 ,Acc ,9
3dd9e578dace13af ,936590382891 ,0.33947754 ,0.22460938 ,-0.663208 ,3 ,Acc ,15
3dd9e578dace13af ,936607689714 ,-8.700529 ,-2.4660277 ,0.22026655 ,3 ,Acc ,1
3dd9e578dace13af ,936704753620 ,0.47705078 ,0.16296387 ,-0.5341797 ,3 ,Acc ,15
3dd9e578dace13af ,936811355026 ,0.5038452 ,0.18304443 ,-0.43615723 ,3 ,Acc ,15
3dd9e578dace13af ,936931467682 ,0.4958496 ,0.19561768 ,-0.28759766 ,3 ,Acc ,15
3dd9e578dace13af ,937030845234 ,0.49816895 ,0.21179199 ,-0.18865967 ,3 ,Acc ,15
3dd9e578dace13af ,937151037578 ,0.4539795 ,0.21014404 ,-0.2958374 ,3 ,Acc ,15
3dd9e578dace13af ,937251792943 ,0.40148926 ,0.18817139 ,-0.46832275 ,3 ,Acc ,15
3dd9e578dace13af ,937369546276 ,0.3718872 ,0.14807129 ,-0.6451416 ,3 ,Acc ,15
3dd9e578dace13af ,937471314870 ,0.3595581 ,0.128479 ,-0.6809082 ,3 ,Acc ,15
3dd9e578dace13af ,937573176172 ,0.34155273 ,0.12426758 ,-0.63397217 ,3 ,Acc ,15
3dd9e578dace13af ,937692321640 ,0.43695068 ,0.08654785 ,-0.5340576 ,3 ,Acc ,15
3dd9e578dace13af ,937812379349 ,0.47479248 ,0.09661865 ,-0.46417236 ,3 ,Acc ,15
3dd9e578dace13af ,937932614870 ,0.46270752 ,0.1338501 ,-0.31134033 ,3 ,Acc ,15
3dd9e578dace13af ,938031921484 ,0.40905762 ,0.22583008 ,-0.20251465 ,3 ,Acc ,15
3dd9e578dace13af ,938152078724 ,0.4307251 ,0.2020874 ,-0.28570557 ,3 ,Acc ,15
3dd9e578dace13af ,938252902786 ,0.43988037 ,0.15338135 ,-0.44140625 ,3 ,Acc ,15
3dd9e578dace13af ,938374043671 ,0.40289307 ,0.12310791 ,-0.5928345 ,3 ,Acc ,15
3dd9e578dace13af ,938493156328 ,0.3701172 ,0.078430176 ,-0.6401367 ,3 ,Acc ,15
3dd9e578dace13af ,938609124140 ,0.41796875 ,0.04449463 ,-0.5689697 ,3 ,Acc ,15
3dd9e578dace13af ,938712725234 ,0.42364502 ,0.086242676 ,-0.5020752 ,3 ,Acc ,15
3dd9e578dace13af ,938813491119 ,0.37652588 ,0.14093018 ,-0.4428711 ,3 ,Acc ,15
3dd9e578dace13af ,938912804036 ,0.3670044 ,0.1862793 ,-0.284729 ,3 ,Acc ,15
3dd9e578dace13af ,939014570025 ,0.48968506 ,0.19543457 ,-0.13366699 ,3 ,Acc ,15
3dd9e578dace13af ,939134578202 ,0.522583 ,0.14855957 ,-0.22729492 ,3 ,Acc ,15
3dd9e578dace13af ,939254439713 ,0.41455078 ,0.099487305 ,-0.45947266 ,3 ,Acc ,15
3dd9e578dace13af ,939375138098 ,0.34173584 ,0.1326294 ,-0.5883789 ,3 ,Acc ,15
3dd9e578dace13af ,939494714713 ,0.32366943 ,0.1105957 ,-0.6133423 ,3 ,Acc ,15
3dd9e578dace13af ,939591983411 ,-5.615326 ,3.6942596 ,7.1407776 ,0 ,Acc ,9
3dd9e578dace13af ,939609651484 ,0.36743164 ,0.12854004 ,-0.5084839 ,3 ,Acc ,15
3dd9e578dace13af ,939610278567 ,-12.660539 ,-2.944868 ,1.1827357 ,3 ,Acc ,1
3dd9e578dace13af ,939734572108 ,0.39971924 ,0.13122559 ,-0.3951416 ,3 ,Acc ,15
3dd9e578dace13af ,939833865858 ,0.350708 ,0.13598633 ,-0.2852173 ,3 ,Acc ,15
3dd9e578dace13af ,939954021483 ,0.40594482 ,0.12585449 ,-0.14935303 ,3 ,Acc ,15
3dd9e578dace13af ,940055202681 ,0.42456055 ,0.12750244 ,-0.18084717 ,3 ,Acc ,15
3dd9e578dace13af ,940175980442 ,0.45043945 ,0.07928467 ,-0.336792 ,3 ,Acc ,15
3dd9e578dace13af ,940295538983 ,0.44366455 ,0.07885742 ,-0.5014038 ,3 ,Acc ,15
3dd9e578dace13af ,940414660442 ,0.39990234 ,0.0670166 ,-0.5960083 ,3 ,Acc ,15
3dd9e578dace13af ,940514632212 ,0.35083008 ,0.09112549 ,-0.58251953 ,3 ,Acc ,15
3dd9e578dace13af ,940634561223 ,0.44073486 ,0.07385254 ,-0.44049072 ,3 ,Acc ,15
3dd9e578dace13af ,940735303098 ,0.4661255 ,0.083740234 ,-0.3031006 ,3 ,Acc ,15
3dd9e578dace13af ,940834941743 ,0.45672607 ,0.0881958 ,-0.1730957 ,3 ,Acc ,15
3dd9e578dace13af ,940935753150 ,0.49456787 ,0.084228516 ,-0.07293701 ,3 ,Acc ,15
3dd9e578dace13af ,941055933775 ,0.56799316 ,0.06695557 ,-0.11053467 ,3 ,Acc ,15
3dd9e578dace13af ,941177058410 ,0.5366211 ,0.02319336 ,-0.35949707 ,3 ,Acc ,15
3dd9e578dace13af ,941296197681 ,0.4630127 ,0.11395264 ,-0.5397949 ,3 ,Acc ,15
3dd9e578dace13af ,941416241899 ,0.46289063 ,0.0960083 ,-0.6142578 ,3 ,Acc ,15
3dd9e578dace13af ,941536474816 ,0.42767334 ,0.0881958 ,-0.5526123 ,3 ,Acc ,15
3dd9e578dace13af ,941635851431 ,0.54034424 ,0.056152344 ,-0.3859253 ,3 ,Acc ,15
3dd9e578dace13af ,941736031431 ,0.6567383 ,0.028320313 ,-0.23077393 ,3 ,Acc ,15
3dd9e578dace13af ,941836056951 ,0.6668701 ,0.020263672 ,-0.107299805 ,3 ,Acc ,15
3dd9e578dace13af ,941936741795 ,0.6876831 ,0.015197754 ,-0.0076904297 ,3 ,Acc ,15
3dd9e578dace13af ,942056707941 ,0.70751953 ,-0.0020751953 ,-0.06036377 ,3 ,Acc ,15
3dd9e578dace13af ,942160700389 ,0.6803589 ,-0.06011963 ,-0.2578125 ,3 ,Acc ,15
3dd9e578dace13af ,942275500857 ,0.59539795 ,0.020080566 ,-0.44335938 ,3 ,Acc ,15
3dd9e578dace13af ,942378403514 ,0.5566406 ,0.083984375 ,-0.53790283 ,3 ,Acc ,15
3dd9e578dace13af ,942497511118 ,0.54571533 ,0.08325195 ,-0.5541992 ,3 ,Acc ,15
3dd9e578dace13af ,942595050753 ,-5.713318 ,7.7243347 ,1.9654541 ,0 ,Acc ,9
3dd9e578dace13af ,942596714451 ,0.6312866 ,0.035461426 ,-0.42504883 ,3 ,Acc ,15
3dd9e578dace13af ,942613294034 ,-11.999739 ,-3.016694 ,1.2689269 ,3 ,Acc ,1
3dd9e578dace13af ,942716075753 ,0.75561523 ,-0.038757324 ,-0.23303223 ,3 ,Acc ,15
3dd9e578dace13af ,942817594191 ,0.7217407 ,-0.020751953 ,-0.13983154 ,3 ,Acc ,15
3dd9e578dace13af ,942934028618 ,0.7338867 ,-0.054748535 ,-0.044799805 ,3 ,Acc ,15
3dd9e578dace13af ,943036714086 ,0.75946045 ,-0.068725586 ,-0.038208008 ,3 ,Acc ,15
3dd9e578dace13af ,943136773253 ,0.7293091 ,-0.058654785 ,-0.18988037 ,3 ,Acc ,15
3dd9e578dace13af ,943237650336 ,0.6420288 ,0.022338867 ,-0.3949585 ,3 ,Acc ,15
3dd9e578dace13af ,943337636118 ,0.60198975 ,0.11114502 ,-0.5201416 ,3 ,Acc ,15
3dd9e578dace13af ,943436928565 ,0.5961304 ,0.10876465 ,-0.56170654 ,3 ,Acc ,15
3dd9e578dace13af ,943538649242 ,0.5861206 ,0.06713867 ,-0.4812622 ,3 ,Acc ,15
3dd9e578dace13af ,943655292211 ,0.66326904 ,-0.052612305 ,-0.23065186 ,3 ,Acc ,15
3dd9e578dace13af ,943778669294 ,0.5938721 ,-0.06976318 ,-0.12573242 ,3 ,Acc ,15
3dd9e578dace13af ,943878523669 ,0.4630127 ,-0.070495605 ,-0.0970459 ,3 ,Acc ,15
3dd9e578dace13af ,943979470024 ,0.43762207 ,-0.06323242 ,-0.022766113 ,3 ,Acc ,15
3dd9e578dace13af ,944099249919 ,0.5180054 ,-0.042114258 ,-0.047607422 ,3 ,Acc ,15
3dd9e578dace13af ,944202977263 ,0.5393677 ,-0.0413208 ,-0.2562256 ,3 ,Acc ,15
3dd9e578dace13af ,944318783930 ,0.5032959 ,0.018981934 ,-0.458313 ,3 ,Acc ,15
3dd9e578dace13af ,944419590648 ,0.49145508 ,0.032470703 ,-0.52911377 ,3 ,Acc ,15
3dd9e578dace13af ,944519077732 ,0.48931885 ,0.0064697266 ,-0.49700928 ,3 ,Acc ,15
3dd9e578dace13af ,944619702680 ,0.5651245 ,-0.06549072 ,-0.30963135 ,3 ,Acc ,15
3dd9e578dace13af ,944719231325 ,0.54486084 ,-0.095825195 ,-0.18084717 ,3 ,Acc ,15
3dd9e578dace13af ,944819983565 ,0.4533081 ,-0.119506836 ,-0.088012695 ,3 ,Acc ,15
3dd9e578dace13af ,944940081950 ,0.45977783 ,-0.15924072 ,0.01776123 ,3 ,Acc ,15
3dd9e578dace13af ,945060253044 ,0.48468018 ,-0.1437378 ,-0.07659912 ,3 ,Acc ,15
3dd9e578dace13af ,945181429033 ,0.45532227 ,0.010375977 ,-0.33581543 ,3 ,Acc ,15
3dd9e578dace13af ,945300639398 ,0.50354004 ,0.27246094 ,-0.42230225 ,3 ,Acc ,15
3dd9e578dace13af ,945399952940 ,0.52648926 ,0.4220581 ,-0.3909912 ,3 ,Acc ,15
3dd9e578dace13af ,945500745700 ,0.47485352 ,0.5042114 ,-0.34399414 ,3 ,Acc ,15
3dd9e578dace13af ,945598761325 ,-9.37204 ,2.5702972 ,1.3148041 ,0 ,Acc ,9
3dd9e578dace13af ,945600506221 ,0.40014648 ,0.52233887 ,-0.2835083 ,3 ,Acc ,15
3dd9e578dace13af ,945617039815 ,-2.992752 ,-5.363012 ,-7.4603324 ,3 ,Acc ,1
3dd9e578dace13af ,945817394346 ,0.39819336 ,0.4977417 ,-0.20526123 ,3 ,Acc ,15
3dd9e578dace13af ,946057491585 ,0.51342773 ,0.8241577 ,-0.237854 ,3 ,Acc ,15
3dd9e578dace13af ,946177164398 ,0.58477783 ,0.7741699 ,-0.230896 ,3 ,Acc ,15
3dd9e578dace13af ,946280953721 ,0.630249 ,0.7230835 ,-0.26464844 ,3 ,Acc ,15
3dd9e578dace13af ,946396544085 ,0.64056396 ,0.6732178 ,-0.35760498 ,3 ,Acc ,15
3dd9e578dace13af ,946501927002 ,0.65667725 ,0.6567383 ,-0.36834717 ,3 ,Acc ,15
3dd9e578dace13af ,946621959710 ,0.6748657 ,0.6068115 ,-0.41955566 ,3 ,Acc ,15
3dd9e578dace13af ,946742217210 ,0.671875 ,0.5699463 ,-0.46746826 ,3 ,Acc ,15
3dd9e578dace13af ,946858782262 ,0.6809082 ,0.5309448 ,-0.49694824 ,3 ,Acc ,15
3dd9e578dace13af ,946961656220 ,0.6917114 ,0.47546387 ,-0.5407715 ,3 ,Acc ,15
3dd9e578dace13af ,947061763876 ,0.6951294 ,0.45806885 ,-0.5517578 ,3 ,Acc ,15
3dd9e578dace13af ,947162204033 ,0.70129395 ,0.43829346 ,-0.56073 ,3 ,Acc ,15
3dd9e578dace13af ,947262729814 ,0.7081299 ,0.42626953 ,-0.56152344 ,3 ,Acc ,15
3dd9e578dace13af ,947362078928 ,0.715271 ,0.40100098 ,-0.57177734 ,3 ,Acc ,15
3dd9e578dace13af ,947462945439 ,0.7206421 ,0.36358643 ,-0.5900879 ,3 ,Acc ,15
3dd9e578dace13af ,947584010543 ,0.7345581 ,0.29040527 ,-0.61047363 ,3 ,Acc ,15
3dd9e578dace13af ,947703145178 ,0.7706299 ,0.10675049 ,-0.619751 ,3 ,Acc ,15
3dd9e578dace13af ,947806843355 ,0.7915039 ,-0.09136963 ,-0.59588623 ,3 ,Acc ,15
3dd9e578dace13af ,947922020543 ,0.8112793 ,-0.19891357 ,-0.5477905 ,3 ,Acc ,15
3dd9e578dace13af ,948023579189 ,0.8376465 ,-0.24926758 ,-0.4859619 ,3 ,Acc ,15
3dd9e578dace13af ,948122855803 ,0.88482666 ,-0.27075195 ,-0.37921143 ,3 ,Acc ,15
3dd9e578dace13af ,948223688251 ,0.90197754 ,-0.26989746 ,-0.33685303 ,3 ,Acc ,15
3dd9e578dace13af ,948323159605 ,0.8969116 ,-0.26135254 ,-0.35638428 ,3 ,Acc ,15
3dd9e578dace13af ,948423002470 ,0.9006958 ,-0.1920166 ,-0.38970947 ,3 ,Acc ,15
3dd9e578dace13af ,948523366272 ,0.8720703 ,-0.06665039 ,-0.48406982 ,3 ,Acc ,15
3dd9e578dace13af ,948601774605 ,-8.93782 ,-1.5454712 ,-3.7278595 ,0 ,Acc ,9
3dd9e578dace13af ,948619408147 ,-7.067683 ,-0.34955344 ,-5.21936 ,3 ,Acc ,1
3dd9e578dace13af ,948637726168 ,0.80566406 ,0.058898926 ,-0.58062744 ,3 ,Acc ,15
3dd9e578dace13af ,948738461793 ,0.73376465 ,0.22332764 ,-0.6347046 ,3 ,Acc ,15
3dd9e578dace13af ,948843633928 ,0.6834717 ,0.3005371 ,-0.659729 ,3 ,Acc ,15
3dd9e578dace13af ,948959367678 ,0.55029297 ,0.117614746 ,-0.7661133 ,3 ,Acc ,15
3dd9e578dace13af ,949064652209 ,0.4501953 ,0.039245605 ,-0.7539673 ,3 ,Acc ,15
3dd9e578dace13af ,949164031428 ,0.39733887 ,0.31292725 ,-0.64190674 ,3 ,Acc ,15
3dd9e578dace13af ,949264811063 ,0.29058838 ,0.52563477 ,-0.5404053 ,3 ,Acc ,15
3dd9e578dace13af ,949382506688 ,0.3392334 ,0.6804199 ,-0.4331665 ,3 ,Acc ,15
3dd9e578dace13af ,949484393303 ,0.31048584 ,0.67755127 ,-0.46087646 ,3 ,Acc ,15
3dd9e578dace13af ,949586270334 ,0.31903076 ,0.66186523 ,-0.47180176 ,3 ,Acc ,15
3dd9e578dace13af ,949705295959 ,0.31030273 ,0.6411743 ,-0.5109253 ,3 ,Acc ,15
3dd9e578dace13af ,949825336636 ,0.3057251 ,0.6017456 ,-0.54833984 ,3 ,Acc ,15
