3dd9e578dace13af ,5322354031359763 ,-5.2042694 ,-5.420639 ,6.3009796 ,0 ,Acc ,9
3dd9e578dace13af ,5322357042915022 ,-0.09364319 ,-0.034851074 ,0.20820618 ,0 ,Acc ,10
3dd9e578dace13af ,5322357043878460 ,-4.9731903 ,-5.7768707 ,6.169693 ,0 ,Acc ,9
3dd9e578dace13af ,5322357743188720 ,-4.4689026 ,-6.182495 ,6.1624603 ,0 ,Acc ,9
3dd9e578dace13af ,5322357847622053 ,-4.5246887 ,-6.132599 ,6.1716003 ,0 ,Acc ,9
3dd9e578dace13af ,5322357948423876 ,-4.6049957 ,-6.0628967 ,6.181061 ,0 ,Acc ,9
3dd9e578dace13af ,5322358066363720 ,-4.678711 ,-5.994171 ,6.1927185 ,0 ,Acc ,9
3dd9e578dace13af ,5322358168648147 ,-4.718048 ,-5.948578 ,6.2068176 ,0 ,Acc ,9
3dd9e578dace13af ,5322358268792522 ,-4.7503815 ,-5.9184875 ,6.2109222 ,0 ,Acc ,9
3dd9e578dace13af ,5322358368454814 ,-4.77977 ,-5.8909454 ,6.214554 ,0 ,Acc ,9
3dd9e578dace13af ,5322358484941793 ,-4.80307 ,-5.8662567 ,6.21994 ,0 ,Acc ,9
3dd9e578dace13af ,5322358525313772 ,0.39031982 ,0.17462158 ,-0.80908203 ,3 ,Acc ,15
3dd9e578dace13af ,5322358625470595 ,0.390625 ,0.17346191 ,-0.80926514 ,3 ,Acc ,15
3dd9e578dace13af ,5322358725578095 ,0.39074707 ,0.17199707 ,-0.80944824 ,3 ,Acc ,15
3dd9e578dace13af ,5322358827300699 ,0.39050293 ,0.17181396 ,-0.80981445 ,3 ,Acc ,15
3dd9e578dace13af ,5322358931727730 ,0.39031982 ,0.171875 ,-0.8099365 ,3 ,Acc ,15
3dd9e578dace13af ,5322359045819136 ,0.39007568 ,0.17193604 ,-0.8098755 ,3 ,Acc ,15
3dd9e578dace13af ,5322359151244761 ,0.38989258 ,0.17218018 ,-0.80999756 ,3 ,Acc ,15
3dd9e578dace13af ,5322359251932522 ,0.38983154 ,0.17230225 ,-0.8099365 ,3 ,Acc ,15
3dd9e578dace13af ,5322359371402730 ,0.38970947 ,0.17230225 ,-0.80999756 ,3 ,Acc ,15
3dd9e578dace13af ,5322359486277938 ,0.3895874 ,0.17211914 ,-0.80999756 ,3 ,Acc ,15
3dd9e578dace13af ,5322359586087573 ,0.38946533 ,0.17242432 ,-0.8100586 ,3 ,Acc ,15
3dd9e578dace13af ,5322359692386323 ,0.3885498 ,0.17480469 ,-0.8102417 ,3 ,Acc ,15
3dd9e578dace13af ,5322359791988771 ,0.38659668 ,0.18243408 ,-0.8102417 ,3 ,Acc ,15
3dd9e578dace13af ,5322359892688355 ,0.38232422 ,0.19604492 ,-0.81018066 ,3 ,Acc ,15
3dd9e578dace13af ,5322360009565073 ,0.3741455 ,0.21185303 ,-0.80999756 ,3 ,Acc ,15
3dd9e578dace13af ,5322360128789917 ,0.36572266 ,0.23394775 ,-0.80926514 ,3 ,Acc ,15
3dd9e578dace13af ,5322360247069969 ,0.36175537 ,0.24603271 ,-0.8079834 ,3 ,Acc ,15
3dd9e578dace13af ,5322360352576584 ,0.36132813 ,0.24731445 ,-0.80700684 ,3 ,Acc ,15
3dd9e578dace13af ,5322360471450438 ,0.35510254 ,0.24700928 ,-0.8104248 ,3 ,Acc ,15
3dd9e578dace13af ,5322360572258198 ,0.34918213 ,0.25445557 ,-0.8148804 ,3 ,Acc ,15
3dd9e578dace13af ,5322360672570229 ,0.3470459 ,0.2506714 ,-0.8171997 ,3 ,Acc ,15
3dd9e578dace13af ,5322360710657365 ,-3.4141316 ,-6.7372837 ,6.0285997 ,3 ,Acc ,1
3dd9e578dace13af ,5322360792979917 ,0.34509277 ,0.2442627 ,-0.8206787 ,3 ,Acc ,15
3dd9e578dace13af ,5322360912881479 ,0.33862305 ,0.24389648 ,-0.82751465 ,3 ,Acc ,15
3dd9e578dace13af ,5322361030587781 ,0.3255005 ,0.25634766 ,-0.83428955 ,3 ,Acc ,15
3dd9e578dace13af ,5322361134129552 ,0.31903076 ,0.25549316 ,-0.8377075 ,3 ,Acc ,15
3dd9e578dace13af ,5322361252130854 ,0.32318115 ,0.27294922 ,-0.8369751 ,3 ,Acc ,15
3dd9e578dace13af ,5322361352161375 ,0.3383789 ,0.30303955 ,-0.82733154 ,3 ,Acc ,15
3dd9e578dace13af ,5322361472222312 ,0.35076904 ,0.34899902 ,-0.80859375 ,3 ,Acc ,15
3dd9e578dace13af ,5322361511743458 ,-3.2731628 ,-7.905365 ,4.7918396 ,0 ,Acc ,9
3dd9e578dace13af ,5322361593696739 ,0.37109375 ,0.3834839 ,-0.7850342 ,3 ,Acc ,15
3dd9e578dace13af ,5322361693058094 ,0.39276123 ,0.3861084 ,-0.77368164 ,3 ,Acc ,15
3dd9e578dace13af ,5322361808785646 ,0.4465332 ,0.37634277 ,-0.7632446 ,3 ,Acc ,15
3dd9e578dace13af ,5322361912398146 ,0.494812 ,0.3388672 ,-0.76672363 ,3 ,Acc ,15
3dd9e578dace13af ,5322362014774812 ,0.5402832 ,0.2822876 ,-0.77264404 ,3 ,Acc ,15
3dd9e578dace13af ,5322362132467625 ,0.56359863 ,0.2734375 ,-0.7720337 ,3 ,Acc ,15
3dd9e578dace13af ,5322362234435385 ,0.5500488 ,0.3256836 ,-0.7687988 ,3 ,Acc ,15
3dd9e578dace13af ,5322362351772885 ,0.49591064 ,0.36688232 ,-0.78240967 ,3 ,Acc ,15
3dd9e578dace13af ,5322362451541843 ,0.42492676 ,0.4053955 ,-0.78045654 ,3 ,Acc ,15
3dd9e578dace13af ,5322362554253770 ,0.3482666 ,0.44708252 ,-0.73968506 ,3 ,Acc ,15
3dd9e578dace13af ,5322362653679239 ,0.28796387 ,0.49230957 ,-0.64453125 ,3 ,Acc ,15
3dd9e578dace13af ,5322362773472676 ,0.26153564 ,0.5276489 ,-0.5216675 ,3 ,Acc ,15
3dd9e578dace13af ,5322362893022572 ,0.23980713 ,0.5564575 ,-0.4413452 ,3 ,Acc ,15
3dd9e578dace13af ,5322362994891895 ,0.18914795 ,0.5887451 ,-0.37786865 ,3 ,Acc ,15
3dd9e578dace13af ,5322363110629395 ,0.15710449 ,0.612854 ,-0.32318115 ,3 ,Acc ,15
3dd9e578dace13af ,5322363216163458 ,0.14428711 ,0.61224365 ,-0.3659668 ,3 ,Acc ,15
3dd9e578dace13af ,5322363315785593 ,0.11035156 ,0.6113281 ,-0.40533447 ,3 ,Acc ,15
3dd9e578dace13af ,5322363432873926 ,0.096069336 ,0.60528564 ,-0.48223877 ,3 ,Acc ,15
3dd9e578dace13af ,5322363534495593 ,0.07788086 ,0.59851074 ,-0.53967285 ,3 ,Acc ,15
3dd9e578dace13af ,5322363634684134 ,0.08270264 ,0.59368896 ,-0.5788574 ,3 ,Acc ,15
3dd9e578dace13af ,5322363716300801 ,-9.835381 ,-4.76925 ,2.3654714 ,3 ,Acc ,1
3dd9e578dace13af ,5322363751632624 ,0.12780762 ,0.6000366 ,-0.5812378 ,3 ,Acc ,15
3dd9e578dace13af ,5322363851852780 ,0.17163086 ,0.5895996 ,-0.5918579 ,3 ,Acc ,15
3dd9e578dace13af ,5322363951919447 ,0.206604 ,0.54901123 ,-0.6251221 ,3 ,Acc ,15
3dd9e578dace13af ,5322364057026738 ,0.2197876 ,0.5197754 ,-0.6610718 ,3 ,Acc ,15
3dd9e578dace13af ,5322364177076738 ,0.22558594 ,0.53302 ,-0.63287354 ,3 ,Acc ,15
3dd9e578dace13af ,5322364293202363 ,0.18121338 ,0.5828247 ,-0.49505615 ,3 ,Acc ,15
3dd9e578dace13af ,5322364394430488 ,0.09448242 ,0.6154175 ,-0.380188 ,3 ,Acc ,15
3dd9e578dace13af ,5322364511472415 ,0.08532715 ,0.6022339 ,-0.39709473 ,3 ,Acc ,15
3dd9e578dace13af ,5322364530923353 ,-8.762924 ,-3.5849152 ,2.555313 ,0 ,Acc ,9
3dd9e578dace13af ,5322364613257884 ,0.07910156 ,0.60302734 ,-0.3880005 ,3 ,Acc ,15
3dd9e578dace13af ,5322364712982259 ,0.08630371 ,0.61834717 ,-0.37322998 ,3 ,Acc ,15
3dd9e578dace13af ,5322364817898978 ,0.070495605 ,0.6421509 ,-0.3713379 ,3 ,Acc ,15
3dd9e578dace13af ,5322364932253353 ,0.03967285 ,0.64398193 ,-0.39453125 ,3 ,Acc ,15
3dd9e578dace13af ,5322365032951530 ,0.15991211 ,0.5551758 ,-0.53619385 ,3 ,Acc ,15
3dd9e578dace13af ,5322365134518873 ,0.0982666 ,0.56396484 ,-0.5418091 ,3 ,Acc ,15
3dd9e578dace13af ,5322365236141426 ,0.07287598 ,0.55163574 ,-0.5601196 ,3 ,Acc ,15
3dd9e578dace13af ,5322365338394915 ,0.049804688 ,0.5652466 ,-0.52948 ,3 ,Acc ,15
3dd9e578dace13af ,5322365456423300 ,0.04437256 ,0.59747314 ,-0.42077637 ,3 ,Acc ,15
3dd9e578dace13af ,5322365573712207 ,0.042663574 ,0.63409424 ,-0.270813 ,3 ,Acc ,15
3dd9e578dace13af ,5322365696075800 ,0.062438965 ,0.64416504 ,-0.20928955 ,3 ,Acc ,15
3dd9e578dace13af ,5322365797712519 ,-0.0803833 ,0.62164307 ,-0.31536865 ,3 ,Acc ,15
3dd9e578dace13af ,5322365917965071 ,-0.07489014 ,0.62042236 ,-0.34399414 ,3 ,Acc ,15
3dd9e578dace13af ,5322366019583717 ,-0.10644531 ,0.60266113 ,-0.3920288 ,3 ,Acc ,15
3dd9e578dace13af ,5322366133943196 ,-0.17108154 ,0.5645752 ,-0.45770264 ,3 ,Acc ,15
3dd9e578dace13af ,5322366236743092 ,-0.19970703 ,0.51239014 ,-0.5386963 ,3 ,Acc ,15
3dd9e578dace13af ,5322366352943717 ,-0.2244873 ,0.46051025 ,-0.5964966 ,3 ,Acc ,15
3dd9e578dace13af ,5322366457693717 ,-0.24108887 ,0.46875 ,-0.5769043 ,3 ,Acc ,15
3dd9e578dace13af ,5322366559113092 ,-0.23010254 ,0.5116577 ,-0.49835205 ,3 ,Acc ,15
3dd9e578dace13af ,5322366660306790 ,-0.22955322 ,0.5909424 ,-0.3418579 ,3 ,Acc ,15
3dd9e578dace13af ,5322366719995644 ,-11.563994 ,-5.674258 ,2.4851813 ,3 ,Acc ,1
3dd9e578dace13af ,5322366779224081 ,-0.19586182 ,0.6505127 ,-0.20941162 ,3 ,Acc ,15
3dd9e578dace13af ,5322366879497727 ,-0.1743164 ,0.668396 ,-0.1831665 ,3 ,Acc ,15
3dd9e578dace13af ,5322366980201529 ,-0.1730957 ,0.67962646 ,-0.17694092 ,3 ,Acc ,15
3dd9e578dace13af ,5322367079719394 ,-0.16607666 ,0.677063 ,-0.21697998 ,3 ,Acc ,15
3dd9e578dace13af ,5322367180412519 ,-0.18066406 ,0.6582031 ,-0.27111816 ,3 ,Acc ,15
3dd9e578dace13af ,5322367298976946 ,-0.20257568 ,0.6021118 ,-0.37774658 ,3 ,Acc ,15
3dd9e578dace13af ,5322367400070956 ,-0.24810791 ,0.54693604 ,-0.45391846 ,3 ,Acc ,15
3dd9e578dace13af ,5322367500724758 ,-0.29541016 ,0.4963379 ,-0.51483154 ,3 ,Acc ,15
3dd9e578dace13af ,5322367537296789 ,-2.734375 ,-8.777313 ,3.4135132 ,0 ,Acc ,9
3dd9e578dace13af ,5322367617321893 ,-0.31195068 ,0.47247314 ,-0.5338135 ,3 ,Acc ,15
3dd9e578dace13af ,5322367716934133 ,-0.30126953 ,0.5182495 ,-0.4560547 ,3 ,Acc ,15
3dd9e578dace13af ,5322367821170956 ,-0.29486084 ,0.5927124 ,-0.30633545 ,3 ,Acc ,15
3dd9e578dace13af ,5322367920590799 ,-0.29730225 ,0.6364136 ,-0.17553711 ,3 ,Acc ,15
3dd9e578dace13af ,5322368036841529 ,-0.28918457 ,0.6577759 ,-0.08886719 ,3 ,Acc ,15
3dd9e578dace13af ,5322368136897570 ,-0.2984619 ,0.670166 ,-0.03375244 ,3 ,Acc ,15
3dd9e578dace13af ,5322368242522414 ,-0.30566406 ,0.6791382 ,-0.025878906 ,3 ,Acc ,15
3dd9e578dace13af ,5322368355467883 ,-0.3343506 ,0.66625977 ,-0.07861328 ,3 ,Acc ,15
3dd9e578dace13af ,5322368456646424 ,-0.35198975 ,0.62145996 ,-0.18676758 ,3 ,Acc ,15
3dd9e578dace13af ,5322368561309862 ,-0.37939453 ,0.5522461 ,-0.30212402 ,3 ,Acc ,15
3dd9e578dace13af ,5322368661572258 ,-0.41522217 ,0.48498535 ,-0.3713379 ,3 ,Acc ,15
3dd9e578dace13af ,5322368778339028 ,-0.43548584 ,0.47375488 ,-0.3626709 ,3 ,Acc ,15
3dd9e578dace13af ,5322368896433872 ,-0.42163086 ,0.5286865 ,-0.2567749 ,3 ,Acc ,15
3dd9e578dace13af ,5322369001640434 ,-0.41290283 ,0.59698486 ,-0.11022949 ,3 ,Acc ,15
3dd9e578dace13af ,5322369116073872 ,-0.37365723 ,0.6452637 ,0.0034179688 ,3 ,Acc ,15
3dd9e578dace13af ,5322369240159809 ,-0.34429932 ,0.6744385 ,0.06451416 ,3 ,Acc ,15
3dd9e578dace13af ,5322369340783507 ,-0.33758545 ,0.6899414 ,0.07836914 ,3 ,Acc ,15
3dd9e578dace13af ,5322369462954757 ,-0.37139893 ,0.67303467 ,0.03894043 ,3 ,Acc ,15
3dd9e578dace13af ,5322369582980018 ,-0.34960938 ,0.62493896 ,-0.12249756 ,3 ,Acc ,15
3dd9e578dace13af ,5322369682477518 ,-0.38171387 ,0.5567627 ,-0.23443604 ,3 ,Acc ,15
3dd9e578dace13af ,5322369722234861 ,-9.380483 ,-2.9640217 ,0.019153614 ,3 ,Acc ,1
3dd9e578dace13af ,5322369802019080 ,-0.43371582 ,0.48535156 ,-0.31481934 ,3 ,Acc ,15
3dd9e578dace13af ,5322369903322257 ,-0.4472046 ,0.47595215 ,-0.31274414 ,3 ,Acc ,15
3dd9e578dace13af ,5322370002877674 ,-0.44030762 ,0.5205078 ,-0.22857666 ,3 ,Acc ,15
3dd9e578dace13af ,5322370117297413 ,-0.44281006 ,0.5977783 ,-0.039733887 ,3 ,Acc ,15
3dd9e578dace13af ,5322370222914965 ,-0.42211914 ,0.63220215 ,0.062194824 ,3 ,Acc ,15
3dd9e578dace13af ,5322370342553924 ,-0.41101074 ,0.5487671 ,0.018127441 ,3 ,Acc ,15
3dd9e578dace13af ,5322370463999965 ,-0.41064453 ,0.55462646 ,-7.324219E-4 ,3 ,Acc ,15
3dd9e578dace13af ,5322370542161059 ,-7.180771 ,-6.642105 ,0.6992798 ,0 ,Acc ,9
3dd9e578dace13af ,5322370582379288 ,-0.42565918 ,0.51330566 ,-0.09472656 ,3 ,Acc ,15
3dd9e578dace13af ,5322370683655642 ,-0.44586182 ,0.44976807 ,-0.1975708 ,3 ,Acc ,15
3dd9e578dace13af ,5322370784317465 ,-0.45214844 ,0.36914063 ,-0.31829834 ,3 ,Acc ,15
3dd9e578dace13af ,5322370901081632 ,-0.45141602 ,0.3133545 ,-0.37701416 ,3 ,Acc ,15
3dd9e578dace13af ,5322371004016580 ,-0.4414673 ,0.35876465 ,-0.32269287 ,3 ,Acc ,15
3dd9e578dace13af ,5322371104687465 ,-0.44519043 ,0.42218018 ,-0.20904541 ,3 ,Acc ,15
3dd9e578dace13af ,5322371220998246 ,-0.45117188 ,0.50109863 ,-0.0513916 ,3 ,Acc ,15
3dd9e578dace13af ,5322371340233611 ,-0.43737793 ,0.53808594 ,0.041137695 ,3 ,Acc ,15
3dd9e578dace13af ,5322371465061840 ,-0.43084717 ,0.5582886 ,0.07318115 ,3 ,Acc ,15
3dd9e578dace13af ,5322371584832048 ,-0.43792725 ,0.55114746 ,0.034240723 ,3 ,Acc ,15
3dd9e578dace13af ,5322371705286996 ,-0.45458984 ,0.50305176 ,-0.06732178 ,3 ,Acc ,15
3dd9e578dace13af ,5322371822933558 ,-0.473938 ,0.42858887 ,-0.19628906 ,3 ,Acc ,15
3dd9e578dace13af ,5322371941236840 ,-0.47314453 ,0.37060547 ,-0.29431152 ,3 ,Acc ,15
3dd9e578dace13af ,5322372062954860 ,-0.44976807 ,0.37176514 ,-0.28826904 ,3 ,Acc ,15
3dd9e578dace13af ,5322372165214027 ,-0.4454956 ,0.41357422 ,-0.22241211 ,3 ,Acc ,15
3dd9e578dace13af ,5322372279656319 ,-0.44006348 ,0.48736572 ,-0.11010742 ,3 ,Acc ,15
3dd9e578dace13af ,5322372382956735 ,-0.4276123 ,0.52874756 ,-0.04425049 ,3 ,Acc ,15
3dd9e578dace13af ,5322372485501683 ,-0.4138794 ,0.55804443 ,4.272461E-4 ,3 ,Acc ,15
3dd9e578dace13af ,5322372586265641 ,-0.4060669 ,0.572876 ,0.015625 ,3 ,Acc ,15
3dd9e578dace13af ,5322372704547933 ,-0.42504883 ,0.5477905 ,-0.02947998 ,3 ,Acc ,15
3dd9e578dace13af ,5322372722913350 ,-11.013328 ,-5.4779334 ,1.091756 ,3 ,Acc ,1
3dd9e578dace13af ,5322372822292725 ,-0.43707275 ,0.4812622 ,-0.13458252 ,3 ,Acc ,15
3dd9e578dace13af ,5322372946779235 ,-0.43481445 ,0.40124512 ,-0.25964355 ,3 ,Acc ,15
3dd9e578dace13af ,5322373046494287 ,-0.41503906 ,0.34747314 ,-0.3277588 ,3 ,Acc ,15
3dd9e578dace13af ,5322373166321318 ,-0.41845703 ,0.3571167 ,-0.3022461 ,3 ,Acc ,15
3dd9e578dace13af ,5322373267004808 ,-0.42504883 ,0.41900635 ,-0.21191406 ,3 ,Acc ,15
3dd9e578dace13af ,5322373387140745 ,-0.42333984 ,0.49383545 ,-0.089660645 ,3 ,Acc ,15
3dd9e578dace13af ,5322373486650849 ,-0.40490723 ,0.53582764 ,-0.033325195 ,3 ,Acc ,15
3dd9e578dace13af ,5322373542449704 ,-7.9023895 ,-5.7526855 ,0.7931061 ,0 ,Acc ,9
3dd9e578dace13af ,5322373601030329 ,-0.38061523 ,0.5673218 ,-0.0020751953 ,3 ,Acc ,15
3dd9e578dace13af ,5322373704419912 ,-0.38378906 ,0.5657959 ,-0.018737793 ,3 ,Acc ,15
3dd9e578dace13af ,5322373823018089 ,-0.40618896 ,0.5153198 ,-0.10028076 ,3 ,Acc ,15
3dd9e578dace13af ,5322373924596318 ,-0.42645264 ,0.45361328 ,-0.18218994 ,3 ,Acc ,15
3dd9e578dace13af ,5322374045371891 ,-0.42242432 ,0.37200928 ,-0.30059814 ,3 ,Acc ,15
3dd9e578dace13af ,5322374147933714 ,-0.4189453 ,0.33673096 ,-0.34136963 ,3 ,Acc ,15
3dd9e578dace13af ,5322374247849287 ,-0.41290283 ,0.35803223 ,-0.31640625 ,3 ,Acc ,15
3dd9e578dace13af ,5322374362936526 ,-0.42486572 ,0.4406128 ,-0.1918335 ,3 ,Acc ,15
3dd9e578dace13af ,5322374463740016 ,-0.42401123 ,0.4975586 ,-0.090026855 ,3 ,Acc ,15
3dd9e578dace13af ,5322374567751474 ,-0.4083252 ,0.5333252 ,-0.027832031 ,3 ,Acc ,15
3dd9e578dace13af ,5322374686710276 ,-0.3848877 ,0.55859375 ,-0.004638672 ,3 ,Acc ,15
3dd9e578dace13af ,5322374785630901 ,-0.39788818 ,0.55322266 ,-0.02508545 ,3 ,Acc ,15
3dd9e578dace13af ,5322374908780641 ,-0.39575195 ,0.5102539 ,-0.11602783 ,3 ,Acc ,15
3dd9e578dace13af ,5322375026213713 ,-0.4033203 ,0.44354248 ,-0.23718262 ,3 ,Acc ,15
3dd9e578dace13af ,5322375463986474 ,-0.421875 ,0.48919678 ,-0.119628906 ,3 ,Acc ,15
3dd9e578dace13af ,5322375724259286 ,-8.456321 ,-6.167464 ,1.5705963 ,3 ,Acc ,1
3dd9e578dace13af ,5322376426805952 ,-0.43945313 ,0.3814087 ,-0.2767334 ,3 ,Acc ,15
3dd9e578dace13af ,5322376528449702 ,-0.43927002 ,0.45684814 ,-0.16149902 ,3 ,Acc ,15
3dd9e578dace13af ,5322376544263557 ,-5.8166046 ,-7.7066345 ,1.7160645 ,0 ,Acc ,9
3dd9e578dace13af ,5322376630633557 ,-0.41912842 ,0.51885986 ,-0.0602417 ,3 ,Acc ,15
3dd9e578dace13af ,5322376747423036 ,-0.3963623 ,0.5597534 ,-0.0032348633 ,3 ,Acc ,15
3dd9e578dace13af ,5322376847117463 ,-0.3798828 ,0.57458496 ,-0.001159668 ,3 ,Acc ,15
3dd9e578dace13af ,5322376950042254 ,-0.40325928 ,0.55792236 ,-0.029846191 ,3 ,Acc ,15
3dd9e578dace13af ,5322377067041994 ,-0.3805542 ,0.5058594 ,-0.13189697 ,3 ,Acc ,15
3dd9e578dace13af ,5322377185424233 ,-0.40045166 ,0.4281006 ,-0.22698975 ,3 ,Acc ,15
3dd9e578dace13af ,5322377286083035 ,-0.4338379 ,0.3591919 ,-0.3050537 ,3 ,Acc ,15
3dd9e578dace13af ,5322377410913140 ,-0.44891357 ,0.3334961 ,-0.31799316 ,3 ,Acc ,15
3dd9e578dace13af ,5322377510966785 ,-0.44891357 ,0.37426758 ,-0.256958 ,3 ,Acc ,15
3dd9e578dace13af ,5322377631484962 ,-0.45770264 ,0.46417236 ,-0.11529541 ,3 ,Acc ,15
3dd9e578dace13af ,5322377731261056 ,-0.4430542 ,0.51867676 ,-0.02923584 ,3 ,Acc ,15
3dd9e578dace13af ,5322377831650639 ,-0.41558838 ,0.55407715 ,0.010986328 ,3 ,Acc ,15
3dd9e578dace13af ,5322377950897514 ,-0.40045166 ,0.5654907 ,0.0087890625 ,3 ,Acc ,15
3dd9e578dace13af ,5322378052129962 ,-0.4130249 ,0.5458374 ,-0.037597656 ,3 ,Acc ,15
3dd9e578dace13af ,5322378167647514 ,-0.40838623 ,0.49194336 ,-0.1404419 ,3 ,Acc ,15
3dd9e578dace13af ,5322378268559962 ,-0.41711426 ,0.42895508 ,-0.2397461 ,3 ,Acc ,15
3dd9e578dace13af ,5322378371731212 ,-0.43048096 ,0.3564453 ,-0.32946777 ,3 ,Acc ,15
3dd9e578dace13af ,5322378491958764 ,-0.4453125 ,0.33758545 ,-0.3338623 ,3 ,Acc ,15
3dd9e578dace13af ,5322378610749962 ,-0.43865967 ,0.39959717 ,-0.2411499 ,3 ,Acc ,15
3dd9e578dace13af ,5322378712269077 ,-0.43292236 ,0.47595215 ,-0.12524414 ,3 ,Acc ,15
3dd9e578dace13af ,5322378727996889 ,-8.350976 ,-5.33907 ,1.2785037 ,3 ,Acc ,1
3dd9e578dace13af ,5322378831798816 ,-0.4249878 ,0.53326416 ,-0.02722168 ,3 ,Acc ,15
3dd9e578dace13af ,5322378952143868 ,-0.40179443 ,0.56427 ,-0.00793457 ,3 ,Acc ,15
3dd9e578dace13af ,5322379054225899 ,-0.40319824 ,0.56036377 ,-0.029663086 ,3 ,Acc ,15
3dd9e578dace13af ,5322379167256472 ,-0.40325928 ,0.51605225 ,-0.10961914 ,3 ,Acc ,15
3dd9e578dace13af ,5322379272481733 ,-0.4052124 ,0.4602661 ,-0.1842041 ,3 ,Acc ,15
3dd9e578dace13af ,5322379372944337 ,-0.4282837 ,0.39385986 ,-0.26062012 ,3 ,Acc ,15
3dd9e578dace13af ,5322379492399649 ,-0.44055176 ,0.33496094 ,-0.31939697 ,3 ,Acc ,15
3dd9e578dace13af ,5322379547216785 ,-2.4193115 ,-8.746185 ,3.7177124 ,0 ,Acc ,9
3dd9e578dace13af ,5322379607434389 ,-0.4399414 ,0.36138916 ,-0.27349854 ,3 ,Acc ,15
3dd9e578dace13af ,5322379708098607 ,-0.43634033 ,0.43121338 ,-0.1854248 ,3 ,Acc ,15
3dd9e578dace13af ,5322379812071212 ,-0.4215088 ,0.4961548 ,-0.089904785 ,3 ,Acc ,15
3dd9e578dace13af ,5322379913196472 ,-0.4163208 ,0.536438 ,-0.026733398 ,3 ,Acc ,15
3dd9e578dace13af ,5322380030688764 ,-0.41174316 ,0.56396484 ,0.0072021484 ,3 ,Acc ,15
3dd9e578dace13af ,5322380131665170 ,-0.42108154 ,0.55444336 ,-0.0095825195 ,3 ,Acc ,15
3dd9e578dace13af ,5322380254086993 ,-0.4295044 ,0.51086426 ,-0.08441162 ,3 ,Acc ,15
3dd9e578dace13af ,5322380373974753 ,-0.42370605 ,0.44750977 ,-0.19311523 ,3 ,Acc ,15
3dd9e578dace13af ,5322380492302930 ,-0.4338379 ,0.37426758 ,-0.29888916 ,3 ,Acc ,15
3dd9e578dace13af ,5322380592743503 ,-0.43951416 ,0.34436035 ,-0.32818604 ,3 ,Acc ,15
3dd9e578dace13af ,5322380692732930 ,-0.44213867 ,0.36730957 ,-0.28881836 ,3 ,Acc ,15
3dd9e578dace13af ,5322380795112409 ,-0.45526123 ,0.42944336 ,-0.19372559 ,3 ,Acc ,15
3dd9e578dace13af ,5322380895063659 ,-0.45355225 ,0.4845581 ,-0.09692383 ,3 ,Acc ,15
3dd9e578dace13af ,5322380995279753 ,-0.44354248 ,0.5232544 ,-0.031799316 ,3 ,Acc ,15
3dd9e578dace13af ,5322381109541732 ,-0.40899658 ,0.5532837 ,-0.010620117 ,3 ,Acc ,15
3dd9e578dace13af ,5322381212566315 ,-0.4173584 ,0.54382324 ,-0.027832031 ,3 ,Acc ,15
3dd9e578dace13af ,5322381312952565 ,-0.42315674 ,0.5064087 ,-0.08734131 ,3 ,Acc ,15
3dd9e578dace13af ,5322381415302721 ,-0.4350586 ,0.45495605 ,-0.16339111 ,3 ,Acc ,15
3dd9e578dace13af ,5322381532948763 ,-0.42669678 ,0.38085938 ,-0.28271484 ,3 ,Acc ,15
3dd9e578dace13af ,5322381636063346 ,-0.4144287 ,0.37225342 ,-0.3032837 ,3 ,Acc ,15
3dd9e578dace13af ,5322381733272148 ,-8.738836 ,-3.5051112 ,1.6807296 ,3 ,Acc ,1
3dd9e578dace13af ,5322381751432513 ,-0.4161377 ,0.38916016 ,-0.26434326 ,3 ,Acc ,15
3dd9e578dace13af ,5322381856297773 ,-0.41589355 ,0.4451294 ,-0.17486572 ,3 ,Acc ,15
3dd9e578dace13af ,5322381975082825 ,-0.40393066 ,0.50701904 ,-0.06036377 ,3 ,Acc ,15
3dd9e578dace13af ,5322382074601732 ,-0.38232422 ,0.5388794 ,-0.00579834 ,3 ,Acc ,15
3dd9e578dace13af ,5322382193056836 ,-0.34161377 ,0.56500244 ,0.005859375 ,3 ,Acc ,15
3dd9e578dace13af ,5322382295394856 ,-0.35583496 ,0.5578003 ,-0.020812988 ,3 ,Acc ,15
3dd9e578dace13af ,5322382396860846 ,-0.3486328 ,0.53619385 ,-0.099243164 ,3 ,Acc ,15
3dd9e578dace13af ,5322382515216315 ,-0.34509277 ,0.48492432 ,-0.21020508 ,3 ,Acc ,15
3dd9e578dace13af ,5322382550506106 ,-5.180237 ,-7.6930084 ,3.1863708 ,0 ,Acc ,9
3dd9e578dace13af ,5322382637090169 ,-0.37554932 ,0.4039917 ,-0.3352661 ,3 ,Acc ,15
3dd9e578dace13af ,5322382753076106 ,-0.4036255 ,0.36486816 ,-0.36767578 ,3 ,Acc ,15
3dd9e578dace13af ,5322382854502513 ,-0.4072876 ,0.4019165 ,-0.3008423 ,3 ,Acc ,15
3dd9e578dace13af ,5322382957647981 ,-0.3949585 ,0.4744873 ,-0.18414307 ,3 ,Acc ,15
3dd9e578dace13af ,5322383058506523 ,-0.37957764 ,0.53015137 ,-0.06713867 ,3 ,Acc ,15
3dd9e578dace13af ,5322383174550169 ,-0.36517334 ,0.56585693 ,0.020874023 ,3 ,Acc ,15
3dd9e578dace13af ,5322383274505273 ,-0.3522339 ,0.583374 ,0.044799805 ,3 ,Acc ,15
3dd9e578dace13af ,5322383374513658 ,-0.3612671 ,0.57873535 ,0.012878418 ,3 ,Acc ,15
3dd9e578dace13af ,5322383474541575 ,-0.37573242 ,0.5452881 ,-0.066467285 ,3 ,Acc ,15
3dd9e578dace13af ,5322383577748710 ,-0.38519287 ,0.49212646 ,-0.16015625 ,3 ,Acc ,15
3dd9e578dace13af ,5322383697631262 ,-0.40618896 ,0.41741943 ,-0.27593994 ,3 ,Acc ,15
3dd9e578dace13af ,5322383816891627 ,-0.40307617 ,0.36828613 ,-0.33551025 ,3 ,Acc ,15
3dd9e578dace13af ,5322383935794804 ,-0.40704346 ,0.3963623 ,-0.28320313 ,3 ,Acc ,15
3dd9e578dace13af ,5322384059637825 ,-0.4086914 ,0.47418213 ,-0.15600586 ,3 ,Acc ,15
3dd9e578dace13af ,5322384172440325 ,-0.40875244 ,0.5317993 ,-0.030273438 ,3 ,Acc ,15
3dd9e578dace13af ,5322384278862512 ,-0.39953613 ,0.5551758 ,0.016296387 ,3 ,Acc ,15
3dd9e578dace13af ,5322384398639022 ,-0.39056396 ,0.56518555 ,0.018188477 ,3 ,Acc ,15
3dd9e578dace13af ,5322384515139908 ,-0.4074707 ,0.54504395 ,-0.024841309 ,3 ,Acc ,15
3dd9e578dace13af ,5322384639296366 ,-0.40405273 ,0.49719238 ,-0.11755371 ,3 ,Acc ,15
3dd9e578dace13af ,5322384736913137 ,-7.3406224 ,-3.2848446 ,0.21068975 ,3 ,Acc ,1
3dd9e578dace13af ,5322384753730741 ,-0.41693115 ,0.425354 ,-0.23065186 ,3 ,Acc ,15
3dd9e578dace13af ,5322384857260533 ,-0.42852783 ,0.36798096 ,-0.2975464 ,3 ,Acc ,15
3dd9e578dace13af ,5322384959708397 ,-0.43499756 ,0.36376953 ,-0.29162598 ,3 ,Acc ,15
3dd9e578dace13af ,5322385060726158 ,-0.4241333 ,0.4156494 ,-0.21313477 ,3 ,Acc ,15
3dd9e578dace13af ,5322385159696262 ,-0.41363525 ,0.48217773 ,-0.11193848 ,3 ,Acc ,15
3dd9e578dace13af ,5322385276967407 ,-0.4074707 ,0.52404785 ,-0.02746582 ,3 ,Acc ,15
3dd9e578dace13af ,5322385379501782 ,-0.41308594 ,0.5363159 ,0.011474609 ,3 ,Acc ,15
3dd9e578dace13af ,5322385480209959 ,-0.4058838 ,0.5432739 ,0.008544922 ,3 ,Acc ,15
3dd9e578dace13af ,5322385558706782 ,-7.54718 ,-6.197891 ,0.89245605 ,0 ,Acc ,9
3dd9e578dace13af ,5322385600050689 ,-0.41760254 ,0.5227661 ,-0.03894043 ,3 ,Acc ,15
3dd9e578dace13af ,5322385699816053 ,-0.41711426 ,0.48773193 ,-0.11553955 ,3 ,Acc ,15
3dd9e578dace13af ,5322385800561313 ,-0.4179077 ,0.43865967 ,-0.20684814 ,3 ,Acc ,15
3dd9e578dace13af ,5322385920656886 ,-0.42016602 ,0.37542725 ,-0.31402588 ,3 ,Acc ,15
3dd9e578dace13af ,5322386037410428 ,-0.42114258 ,0.36486816 ,-0.32440186 ,3 ,Acc ,15
3dd9e578dace13af ,5322386140398032 ,-0.4091797 ,0.40411377 ,-0.25549316 ,3 ,Acc ,15
3dd9e578dace13af ,5322386240076522 ,-0.40478516 ,0.4654541 ,-0.14459229 ,3 ,Acc ,15
3dd9e578dace13af ,5322386340456001 ,-0.4033203 ,0.4996338 ,-0.0625 ,3 ,Acc ,15
3dd9e578dace13af ,5322386441376001 ,-0.42578125 ,0.5054321 ,-0.017944336 ,3 ,Acc ,15
3dd9e578dace13af ,5322386540805636 ,-0.4312744 ,0.5061035 ,-0.020080566 ,3 ,Acc ,15
3dd9e578dace13af ,5322386641482042 ,-0.44152832 ,0.49053955 ,-0.072509766 ,3 ,Acc ,15
3dd9e578dace13af ,5322386755857876 ,-0.4517212 ,0.4284668 ,-0.24841309 ,3 ,Acc ,15
3dd9e578dace13af ,5322386862669855 ,-0.4678955 ,0.38201904 ,-0.41589355 ,3 ,Acc ,15
3dd9e578dace13af ,5322386980504490 ,-0.5154419 ,0.41241455 ,-0.50878906 ,3 ,Acc ,15
3dd9e578dace13af ,5322387081627615 ,-0.61376953 ,0.4852295 ,-0.45281982 ,3 ,Acc ,15
3dd9e578dace13af ,5322387197054646 ,-0.6773071 ,0.5177002 ,-0.3922119 ,3 ,Acc ,15
3dd9e578dace13af ,5322387297831365 ,-0.70355225 ,0.50701904 ,-0.37438965 ,3 ,Acc ,15
3dd9e578dace13af ,5322387402288657 ,-0.69433594 ,0.46643066 ,-0.4192505 ,3 ,Acc ,15
3dd9e578dace13af ,5322387516560063 ,-0.69018555 ,0.40863037 ,-0.4621582 ,3 ,Acc ,15
3dd9e578dace13af ,5322387618654229 ,-0.7015991 ,0.3959961 ,-0.4711914 ,3 ,Acc ,15
3dd9e578dace13af ,5322387742133188 ,0.90500826 ,-9.883265 ,-3.8977604 ,3 ,Acc ,1
3dd9e578dace13af ,5322387741441157 ,-0.6991577 ,0.38311768 ,-0.49334717 ,3 ,Acc ,15
3dd9e578dace13af ,5322387862344438 ,-0.70080566 ,0.37786865 ,-0.49816895 ,3 ,Acc ,15
3dd9e578dace13af ,5322387963016000 ,-0.7030029 ,0.38153076 ,-0.48547363 ,3 ,Acc ,15
3dd9e578dace13af ,5322388063538656 ,-0.69677734 ,0.371521 ,-0.4562378 ,3 ,Acc ,15
3dd9e578dace13af ,5322388176985740 ,-0.68182373 ,0.36676025 ,-0.37597656 ,3 ,Acc ,15
3dd9e578dace13af ,5322388282228448 ,-0.6642456 ,0.3529663 ,-0.2886963 ,3 ,Acc ,15
3dd9e578dace13af ,5322388382867823 ,-0.63427734 ,0.3237915 ,-0.18786621 ,3 ,Acc ,15
3dd9e578dace13af ,5322388483162198 ,-0.62506104 ,0.31518555 ,-0.040161133 ,3 ,Acc ,15
3dd9e578dace13af ,5322388561434177 ,-5.605255 ,-8.027817 ,-0.55267334 ,0 ,Acc ,9
3dd9e578dace13af ,5322388602477094 ,-0.6571045 ,0.3287964 ,0.15045166 ,3 ,Acc ,15
3dd9e578dace13af ,5322388703151781 ,-0.66204834 ,0.34014893 ,0.2565918 ,3 ,Acc ,15
3dd9e578dace13af ,5322388802570479 ,-0.664917 ,0.33428955 ,0.32806396 ,3 ,Acc ,15
3dd9e578dace13af ,5322388921469385 ,-0.67474365 ,0.29632568 ,0.36810303 ,3 ,Acc ,15
3dd9e578dace13af ,5322389022348864 ,-0.6635132 ,0.27679443 ,0.390625 ,3 ,Acc ,15
3dd9e578dace13af ,5322389124153812 ,-0.6972046 ,0.2276001 ,0.4557495 ,3 ,Acc ,15
3dd9e578dace13af ,5322389244312146 ,-0.72821045 ,0.17541504 ,0.52459717 ,3 ,Acc ,15
3dd9e578dace13af ,5322389362503135 ,-0.7468872 ,0.13848877 ,0.56274414 ,3 ,Acc ,15
3dd9e578dace13af ,5322389464511260 ,-0.7598877 ,0.109680176 ,0.5761719 ,3 ,Acc ,15
3dd9e578dace13af ,5322389564697510 ,-0.765625 ,0.08105469 ,0.5791626 ,3 ,Acc ,15
3dd9e578dace13af ,5322389665717197 ,-0.7649536 ,0.05419922 ,0.57281494 ,3 ,Acc ,15
3dd9e578dace13af ,5322389784026624 ,-0.7553711 ,0.021240234 ,0.56311035 ,3 ,Acc ,15
3dd9e578dace13af ,5322389884935114 ,-0.743103 ,-0.024353027 ,0.5687256 ,3 ,Acc ,15
3dd9e578dace13af ,5322389984612458 ,-0.73724365 ,-0.046813965 ,0.5901489 ,3 ,Acc ,15
3dd9e578dace13af ,5322390100321208 ,-0.73950195 ,-0.016174316 ,0.6234131 ,3 ,Acc ,15
3dd9e578dace13af ,5322390202093603 ,-0.73358154 ,0.021118164 ,0.6685791 ,3 ,Acc ,15
3dd9e578dace13af ,5322390302726833 ,-0.7110596 ,0.007019043 ,0.7007446 ,3 ,Acc ,15
3dd9e578dace13af ,5322390422310687 ,-0.6967163 ,0.007507324 ,0.70391846 ,3 ,Acc ,15
3dd9e578dace13af ,5322390545193551 ,-0.6907959 ,-0.024353027 ,0.70025635 ,3 ,Acc ,15
3dd9e578dace13af ,5322390660110166 ,-0.69104004 ,-0.05847168 ,0.6925049 ,3 ,Acc ,15
3dd9e578dace13af ,5322390743628030 ,-10.04607 ,-5.90889 ,2.528277 ,3 ,Acc ,1
3dd9e578dace13af ,5322390760491989 ,-0.6968994 ,-0.09057617 ,0.69207764 ,3 ,Acc ,15
3dd9e578dace13af ,5322390862208187 ,-0.69866943 ,-0.1182251 ,0.6989136 ,3 ,Acc ,15
3dd9e578dace13af ,5322390964481937 ,-0.68896484 ,-0.13922119 ,0.7113037 ,3 ,Acc ,15
3dd9e578dace13af ,5322391064508916 ,-0.6720581 ,-0.16381836 ,0.71569824 ,3 ,Acc ,15
3dd9e578dace13af ,5322391185816364 ,-0.64990234 ,-0.18804932 ,0.7163696 ,3 ,Acc ,15
3dd9e578dace13af ,5322391301167822 ,-0.65338135 ,-0.17736816 ,0.7247925 ,3 ,Acc ,15
3dd9e578dace13af ,5322391402298447 ,-0.6670532 ,-0.1437378 ,0.73095703 ,3 ,Acc ,15
3dd9e578dace13af ,5322391506257040 ,-0.6668091 ,-0.13275146 ,0.7173462 ,3 ,Acc ,15
3dd9e578dace13af ,5322391563030322 ,-9.678909 ,1.1969299 ,1.0277405 ,0 ,Acc ,9
3dd9e578dace13af ,5322391624760322 ,-0.64849854 ,-0.12432861 ,0.69854736 ,3 ,Acc ,15
3dd9e578dace13af ,5322391743791311 ,-0.6390991 ,-0.12664795 ,0.6871338 ,3 ,Acc ,15
3dd9e578dace13af ,5322391868161051 ,-0.64624023 ,-0.1383667 ,0.68518066 ,3 ,Acc ,15
3dd9e578dace13af ,5322391983616103 ,-0.64923096 ,-0.1743164 ,0.7015991 ,3 ,Acc ,15
3dd9e578dace13af ,5322392087351363 ,-0.65197754 ,-0.18145752 ,0.7247925 ,3 ,Acc ,15
3dd9e578dace13af ,5322392186829696 ,-0.64056396 ,-0.1951294 ,0.7423706 ,3 ,Acc ,15
3dd9e578dace13af ,5322392305719540 ,-0.6220093 ,-0.20019531 ,0.7531738 ,3 ,Acc ,15
3dd9e578dace13af ,5322392406993446 ,-0.6221924 ,-0.19476318 ,0.75494385 ,3 ,Acc ,15
3dd9e578dace13af ,5322392527227717 ,-0.63623047 ,-0.16827393 ,0.75146484 ,3 ,Acc ,15
3dd9e578dace13af ,5322392647068863 ,-0.63757324 ,-0.15240479 ,0.72784424 ,3 ,Acc ,15
3dd9e578dace13af ,5322392762408186 ,-0.63116455 ,-0.13793945 ,0.70996094 ,3 ,Acc ,15
3dd9e578dace13af ,5322392866158915 ,-0.6272583 ,-0.13464355 ,0.69921875 ,3 ,Acc ,15
3dd9e578dace13af ,5322392968436363 ,-0.6362915 ,-0.1307373 ,0.69415283 ,3 ,Acc ,15
3dd9e578dace13af ,5322393086211154 ,-0.64971924 ,-0.14471436 ,0.70440674 ,3 ,Acc ,15
3dd9e578dace13af ,5322393202721988 ,-0.65631104 ,-0.14941406 ,0.7296753 ,3 ,Acc ,15
3dd9e578dace13af ,5322393308037769 ,-0.6500244 ,-0.16381836 ,0.7418823 ,3 ,Acc ,15
3dd9e578dace13af ,5322393424760373 ,-0.6296997 ,-0.17443848 ,0.74401855 ,3 ,Acc ,15
3dd9e578dace13af ,5322393548314696 ,-0.6347046 ,-0.16296387 ,0.7445679 ,3 ,Acc ,15
3dd9e578dace13af ,5322393664181727 ,-0.66308594 ,-0.12878418 ,0.7373047 ,3 ,Acc ,15
3dd9e578dace13af ,5322393745988446 ,-8.403648 ,-4.8123455 ,1.388637 ,3 ,Acc ,1
3dd9e578dace13af ,5322393788677300 ,-0.6690674 ,-0.103759766 ,0.71917725 ,3 ,Acc ,15
3dd9e578dace13af ,5322393904157456 ,-0.6656494 ,-0.08703613 ,0.70166016 ,3 ,Acc ,15
3dd9e578dace13af ,5322394009425217 ,-0.6744995 ,-0.076293945 ,0.69073486 ,3 ,Acc ,15
3dd9e578dace13af ,5322394128667144 ,-0.6868286 ,-0.095458984 ,0.6917114 ,3 ,Acc ,15
3dd9e578dace13af ,5322394229408342 ,-0.6878662 ,-0.11584473 ,0.7062988 ,3 ,Acc ,15
3dd9e578dace13af ,5322394349170164 ,-0.6744995 ,-0.15093994 ,0.72265625 ,3 ,Acc ,15
3dd9e578dace13af ,5322394449894539 ,-0.6522217 ,-0.17211914 ,0.72839355 ,3 ,Acc ,15
3dd9e578dace13af ,5322394570069018 ,-0.63708496 ,-0.17565918 ,0.7338257 ,3 ,Acc ,15
3dd9e578dace13af ,5322394568351466 ,-8.626602 ,-4.49588 ,1.2405548 ,0 ,Acc ,9
3dd9e578dace13af ,5322394689683289 ,-0.6542969 ,-0.14489746 ,0.7390137 ,3 ,Acc ,15
3dd9e578dace13af ,5322394789703185 ,-0.67596436 ,-0.11102295 ,0.72650146 ,3 ,Acc ,15
3dd9e578dace13af ,5322394908136675 ,-0.67803955 ,-0.08673096 ,0.7078247 ,3 ,Acc ,15
3dd9e578dace13af ,5322395030017300 ,-0.6783447 ,-0.079711914 ,0.69085693 ,3 ,Acc ,15
3dd9e578dace13af ,5322395130047195 ,-0.6871948 ,-0.07348633 ,0.6833496 ,3 ,Acc ,15
3dd9e578dace13af ,5322395246962091 ,-0.6890259 ,-0.10333252 ,0.69195557 ,3 ,Acc ,15
3dd9e578dace13af ,5322395348743862 ,-0.68499756 ,-0.12750244 ,0.710022 ,3 ,Acc ,15
3dd9e578dace13af ,5322395451008601 ,-0.67248535 ,-0.1564331 ,0.7233887 ,3 ,Acc ,15
3dd9e578dace13af ,5322395567603862 ,-0.6455078 ,-0.18139648 ,0.7336426 ,3 ,Acc ,15
3dd9e578dace13af ,5322395668781622 ,-0.6347656 ,-0.18914795 ,0.739563 ,3 ,Acc ,15
3dd9e578dace13af ,5322395771802195 ,-0.64801025 ,-0.17303467 ,0.741272 ,3 ,Acc ,15
3dd9e578dace13af ,5322395891668289 ,-0.6621094 ,-0.14129639 ,0.72442627 ,3 ,Acc ,15
3dd9e578dace13af ,5322396012001674 ,-0.64404297 ,-0.14398193 ,0.7046509 ,3 ,Acc ,15
3dd9e578dace13af ,5322396127266414 ,-0.635437 ,-0.14648438 ,0.6907959 ,3 ,Acc ,15
3dd9e578dace13af ,5322396230154330 ,-0.6409912 ,-0.14801025 ,0.69177246 ,3 ,Acc ,15
3dd9e578dace13af ,5322396331421414 ,-0.63952637 ,-0.16760254 ,0.7067871 ,3 ,Acc ,15
3dd9e578dace13af ,5322396451696570 ,-0.6338501 ,-0.1798706 ,0.7357788 ,3 ,Acc ,15
3dd9e578dace13af ,5322396571172559 ,-0.614624 ,-0.20678711 ,0.7601929 ,3 ,Acc ,15
3dd9e578dace13af ,5322396688579018 ,-0.5854492 ,-0.23840332 ,0.774353 ,3 ,Acc ,15
3dd9e578dace13af ,5322396750141205 ,-8.834604 ,-3.6774938 ,1.1109096 ,3 ,Acc ,1
3dd9e578dace13af ,5322396789649643 ,-0.57995605 ,-0.23486328 ,0.7800293 ,3 ,Acc ,15
3dd9e578dace13af ,5322396892165111 ,-0.59228516 ,-0.22088623 ,0.7682495 ,3 ,Acc ,15
3dd9e578dace13af ,5322396991624851 ,-0.616333 ,-0.18377686 ,0.7387085 ,3 ,Acc ,15
3dd9e578dace13af ,5322397092084955 ,-0.6300659 ,-0.15429688 ,0.71014404 ,3 ,Acc ,15
3dd9e578dace13af ,5322397192296205 ,-0.64038086 ,-0.13220215 ,0.69158936 ,3 ,Acc ,15
3dd9e578dace13af ,5322397293008861 ,-0.6501465 ,-0.12677002 ,0.6873779 ,3 ,Acc ,15
3dd9e578dace13af ,5322397412104434 ,-0.6511841 ,-0.14630127 ,0.7055054 ,3 ,Acc ,15
3dd9e578dace13af ,5322397511935059 ,-0.64508057 ,-0.15557861 ,0.7334595 ,3 ,Acc ,15
3dd9e578dace13af ,5322397571004278 ,-9.619095 ,-1.3757629 ,1.3230286 ,0 ,Acc ,9
3dd9e578dace13af ,5322397611975007 ,-0.6272583 ,-0.1809082 ,0.7562256 ,3 ,Acc ,15
3dd9e578dace13af ,5322397712043288 ,-0.6032715 ,-0.1954956 ,0.7716675 ,3 ,Acc ,15
3dd9e578dace13af ,5322397832250059 ,-0.59295654 ,-0.20220947 ,0.777771 ,3 ,Acc ,15
3dd9e578dace13af ,5322397932410684 ,-0.6091919 ,-0.17974854 ,0.7718506 ,3 ,Acc ,15
3dd9e578dace13af ,5322398032192611 ,-0.633667 ,-0.15625 ,0.7434082 ,3 ,Acc ,15
3dd9e578dace13af ,5322398132948080 ,-0.64660645 ,-0.12854004 ,0.71588135 ,3 ,Acc ,15
3dd9e578dace13af ,5322398254070423 ,-0.6511841 ,-0.1217041 ,0.69647217 ,3 ,Acc ,15
3dd9e578dace13af ,5322398374182975 ,-0.6623535 ,-0.11340332 ,0.6894531 ,3 ,Acc ,15
3dd9e578dace13af ,5322398490439225 ,-0.66064453 ,-0.13226318 ,0.7030029 ,3 ,Acc ,15
3dd9e578dace13af ,5322398591376882 ,-0.6558838 ,-0.13586426 ,0.727417 ,3 ,Acc ,15
3dd9e578dace13af ,5322398693551309 ,-0.63739014 ,-0.16662598 ,0.74957275 ,3 ,Acc ,15
3dd9e578dace13af ,5322398811586361 ,-0.60650635 ,-0.19586182 ,0.7695923 ,3 ,Acc ,15
3dd9e578dace13af ,5322398911532194 ,-0.59588623 ,-0.20733643 ,0.77471924 ,3 ,Acc ,15
3dd9e578dace13af ,5322399014678756 ,-0.61468506 ,-0.18475342 ,0.7662964 ,3 ,Acc ,15
3dd9e578dace13af ,5322399130322871 ,-0.6381836 ,-0.16247559 ,0.73272705 ,3 ,Acc ,15
3dd9e578dace13af ,5322399232596933 ,-0.6293335 ,-0.16949463 ,0.70269775 ,3 ,Acc ,15
3dd9e578dace13af ,5322399334414590 ,-0.63079834 ,-0.15637207 ,0.6810913 ,3 ,Acc ,15
3dd9e578dace13af ,5322399434347246 ,-0.63586426 ,-0.1572876 ,0.6777954 ,3 ,Acc ,15
3dd9e578dace13af ,5322399553178756 ,-0.6366577 ,-0.17297363 ,0.6973877 ,3 ,Acc ,15
3dd9e578dace13af ,5322399670716048 ,-0.6323242 ,-0.17749023 ,0.73547363 ,3 ,Acc ,15
3dd9e578dace13af ,5322399753419798 ,-6.339846 ,-3.0023289 ,0.19153613 ,3 ,Acc ,1
3dd9e578dace13af ,5322399791495110 ,-0.61157227 ,-0.19976807 ,0.76446533 ,3 ,Acc ,15
3dd9e578dace13af ,5322399891435944 ,-0.58880615 ,-0.21307373 ,0.7788696 ,3 ,Acc ,15
3dd9e578dace13af ,5322400010093235 ,-0.58532715 ,-0.21166992 ,0.78234863 ,3 ,Acc ,15
3dd9e578dace13af ,5322400115303183 ,-0.6109619 ,-0.18591309 ,0.7661133 ,3 ,Acc ,15
3dd9e578dace13af ,5322400231525631 ,-0.63708496 ,-0.15368652 ,0.72924805 ,3 ,Acc ,15
3dd9e578dace13af ,5322400352939433 ,-0.64227295 ,-0.1461792 ,0.7015381 ,3 ,Acc ,15
3dd9e578dace13af ,5322400455970787 ,-0.6208496 ,-0.17156982 ,0.6911621 ,3 ,Acc ,15
3dd9e578dace13af ,5322400576482089 ,-0.6034546 ,-0.2084961 ,0.68951416 ,3 ,Acc ,15
3dd9e578dace13af ,5322400574821047 ,-9.559418 ,1.2271423 ,1.8115845 ,0 ,Acc ,9
3dd9e578dace13af ,5322400696662193 ,-0.6102905 ,-0.21783447 ,0.71466064 ,3 ,Acc ,15
3dd9e578dace13af ,5322400815899224 ,-0.6123657 ,-0.21325684 ,0.7477417 ,3 ,Acc ,15
3dd9e578dace13af ,5322400916448964 ,-0.6027832 ,-0.21557617 ,0.76794434 ,3 ,Acc ,15
3dd9e578dace13af ,5322401031791672 ,-0.5905762 ,-0.2211914 ,0.7755127 ,3 ,Acc ,15
3dd9e578dace13af ,5322401132796568 ,-0.6051636 ,-0.19903564 ,0.7704468 ,3 ,Acc ,15
3dd9e578dace13af ,5322401232546256 ,-0.62957764 ,-0.1741333 ,0.7434082 ,3 ,Acc ,15
3dd9e578dace13af ,5322401337501620 ,-0.642395 ,-0.14587402 ,0.71539307 ,3 ,Acc ,15
3dd9e578dace13af ,5322401436921255 ,-0.6395874 ,-0.1461792 ,0.701355 ,3 ,Acc ,15
3dd9e578dace13af ,5322401552500266 ,-0.63916016 ,-0.15246582 ,0.69421387 ,3 ,Acc ,15
3dd9e578dace13af ,5322401657725422 ,-0.64276123 ,-0.15686035 ,0.69940186 ,3 ,Acc ,15
3dd9e578dace13af ,5322401777857766 ,-0.63793945 ,-0.1795044 ,0.71746826 ,3 ,Acc ,15
3dd9e578dace13af ,5322401897972557 ,-0.6345825 ,-0.18249512 ,0.74212646 ,3 ,Acc ,15
3dd9e578dace13af ,5322402015579849 ,-0.61724854 ,-0.21551514 ,0.75653076 ,3 ,Acc ,15
3dd9e578dace13af ,5322402132408495 ,-0.6022949 ,-0.22357178 ,0.7647705 ,3 ,Acc ,15
3dd9e578dace13af ,5322402233062922 ,-0.614624 ,-0.19799805 ,0.7635498 ,3 ,Acc ,15
3dd9e578dace13af ,5322402337202453 ,-0.64276123 ,-0.16247559 ,0.7426758 ,3 ,Acc ,15
3dd9e578dace13af ,5322402437216307 ,-0.6555176 ,-0.13409424 ,0.7192383 ,3 ,Acc ,15
3dd9e578dace13af ,5322402556600474 ,-0.65496826 ,-0.1326294 ,0.7025757 ,3 ,Acc ,15
3dd9e578dace13af ,5322402676352505 ,-0.6563721 ,-0.14801025 ,0.69744873 ,3 ,Acc ,15
3dd9e578dace13af ,5322402776974432 ,-9.864111 ,-5.9663506 ,2.1308396 ,3 ,Acc ,1
3dd9e578dace13af ,5322403254095213 ,-0.60046387 ,-0.13250732 ,0.7796631 ,3 ,Acc ,15
3dd9e578dace13af ,5322403356265838 ,-0.6199341 ,-0.10571289 ,0.7763672 ,3 ,Acc ,15
3dd9e578dace13af ,5322403458132244 ,-0.6520996 ,-0.09454346 ,0.7485962 ,3 ,Acc ,15
3dd9e578dace13af ,5322403579746984 ,-0.66430664 ,-0.0881958 ,0.72125244 ,3 ,Acc ,15
3dd9e578dace13af ,5322403578083598 ,-9.700653 ,1.0344849 ,0.9986725 ,0 ,Acc ,9
3dd9e578dace13af ,5322403680321150 ,-0.6748047 ,-0.06036377 ,0.7137451 ,3 ,Acc ,15
3dd9e578dace13af ,5322403793753598 ,-0.6869507 ,-0.056274414 ,0.70495605 ,3 ,Acc ,15
3dd9e578dace13af ,5322403900007557 ,-0.6779175 ,-0.08392334 ,0.7133179 ,3 ,Acc ,15
3dd9e578dace13af ,5322403999716515 ,-0.6602783 ,-0.12359619 ,0.73065186 ,3 ,Acc ,15
3dd9e578dace13af ,5322404117105525 ,-0.63793945 ,-0.15234375 ,0.7532959 ,3 ,Acc ,15
3dd9e578dace13af ,5322404219498025 ,-0.6211548 ,-0.17126465 ,0.76397705 ,3 ,Acc ,15
3dd9e578dace13af ,5322404320036619 ,-0.6109009 ,-0.18017578 ,0.7687378 ,3 ,Acc ,15
3dd9e578dace13af ,5322404420636098 ,-0.6201782 ,-0.17102051 ,0.765625 ,3 ,Acc ,15
3dd9e578dace13af ,5322404540849327 ,-0.64385986 ,-0.14831543 ,0.7404175 ,3 ,Acc ,15
3dd9e578dace13af ,5322404659631150 ,-0.64520264 ,-0.13952637 ,0.7155762 ,3 ,Acc ,15
3dd9e578dace13af ,5322404760435785 ,-0.6437378 ,-0.14440918 ,0.70129395 ,3 ,Acc ,15
3dd9e578dace13af ,5322404861507087 ,-0.65460205 ,-0.13763428 ,0.6921997 ,3 ,Acc ,15
3dd9e578dace13af ,5322404960763702 ,-0.6593628 ,-0.14361572 ,0.69818115 ,3 ,Acc ,15
3dd9e578dace13af ,5322405061748025 ,-0.6538696 ,-0.15655518 ,0.7197876 ,3 ,Acc ,15
3dd9e578dace13af ,5322405180067764 ,-0.62786865 ,-0.18591309 ,0.7512207 ,3 ,Acc ,15
3dd9e578dace13af ,5322405282614275 ,-0.600708 ,-0.20568848 ,0.77233887 ,3 ,Acc ,15
3dd9e578dace13af ,5322405399480994 ,-0.5652466 ,-0.22485352 ,0.7926636 ,3 ,Acc ,15
3dd9e578dace13af ,5322405502248077 ,-0.5692749 ,-0.21990967 ,0.7918701 ,3 ,Acc ,15
3dd9e578dace13af ,5322405620856306 ,-0.60705566 ,-0.18804932 ,0.7585449 ,3 ,Acc ,15
3dd9e578dace13af ,5322405742570681 ,-0.6304321 ,-0.15118408 ,0.7180176 ,3 ,Acc ,15
3dd9e578dace13af ,5322405782289223 ,-7.2304893 ,-5.645528 ,1.2449849 ,3 ,Acc ,1
3dd9e578dace13af ,5322405862717452 ,-0.6407471 ,-0.13275146 ,0.6916504 ,3 ,Acc ,15
3dd9e578dace13af ,5322405979410889 ,-0.64868164 ,-0.13201904 ,0.6880493 ,3 ,Acc ,15
3dd9e578dace13af ,5322406081618441 ,-0.6524048 ,-0.1473999 ,0.7007446 ,3 ,Acc ,15
3dd9e578dace13af ,5322406182618910 ,-0.6502075 ,-0.15301514 ,0.72802734 ,3 ,Acc ,15
3dd9e578dace13af ,5322406300235368 ,-0.62493896 ,-0.1977539 ,0.75457764 ,3 ,Acc ,15
3dd9e578dace13af ,5322406402678389 ,-0.5960083 ,-0.22125244 ,0.7683716 ,3 ,Acc ,15
3dd9e578dace13af ,5322406503238649 ,-0.58062744 ,-0.22479248 ,0.77593994 ,3 ,Acc ,15
3dd9e578dace13af ,5322406581299639 ,-8.7573395 ,-3.8824005 ,2.09906 ,0 ,Acc ,9
3dd9e578dace13af ,5322406621224118 ,-0.6010132 ,-0.20013428 ,0.7735596 ,3 ,Acc ,15
3dd9e578dace13af ,5322406740322243 ,-0.6430664 ,-0.1529541 ,0.7437744 ,3 ,Acc ,15
3dd9e578dace13af ,5322406842676930 ,-0.66192627 ,-0.12298584 ,0.72302246 ,3 ,Acc ,15
3dd9e578dace13af ,5322406962673649 ,-0.66882324 ,-0.11517334 ,0.7023926 ,3 ,Acc ,15
3dd9e578dace13af ,5322407078080732 ,-0.675354 ,-0.1081543 ,0.6948242 ,3 ,Acc ,15
3dd9e578dace13af ,5322407182239430 ,-0.6680298 ,-0.12750244 ,0.70739746 ,3 ,Acc ,15
3dd9e578dace13af ,5322407282358232 ,-0.65423584 ,-0.14404297 ,0.73217773 ,3 ,Acc ,15
3dd9e578dace13af ,5322407383936878 ,-0.62994385 ,-0.17858887 ,0.7548828 ,3 ,Acc ,15
3dd9e578dace13af ,5322407485004847 ,-0.600708 ,-0.19403076 ,0.77368164 ,3 ,Acc ,15
3dd9e578dace13af ,5322407603548232 ,-0.5844116 ,-0.21533203 ,0.78045654 ,3 ,Acc ,15
3dd9e578dace13af ,5322407719189482 ,-0.60235596 ,-0.20587158 ,0.77020264 ,3 ,Acc ,15
3dd9e578dace13af ,5322407822035576 ,-0.6296387 ,-0.18347168 ,0.73913574 ,3 ,Acc ,15
3dd9e578dace13af ,5322407942558597 ,-0.6503296 ,-0.14221191 ,0.7011719 ,3 ,Acc ,15
3dd9e578dace13af ,5322408041240003 ,-0.6560669 ,-0.12249756 ,0.67419434 ,3 ,Acc ,15
3dd9e578dace13af ,5322408158507295 ,-0.66290283 ,-0.11834717 ,0.6668091 ,3 ,Acc ,15
3dd9e578dace13af ,5322408264193753 ,-0.65405273 ,-0.14904785 ,0.6879883 ,3 ,Acc ,15
3dd9e578dace13af ,5322408363439847 ,-0.64715576 ,-0.1607666 ,0.7223511 ,3 ,Acc ,15
3dd9e578dace13af ,5322408486002086 ,-0.62475586 ,-0.18127441 ,0.75701904 ,3 ,Acc ,15
3dd9e578dace13af ,5322408604588128 ,-0.59033203 ,-0.22375488 ,0.7741089 ,3 ,Acc ,15
3dd9e578dace13af ,5322408705490940 ,-0.58166504 ,-0.22888184 ,0.7785034 ,3 ,Acc ,15
3dd9e578dace13af ,5322408783865263 ,-10.85531 ,-3.514688 ,0.34476504 ,3 ,Acc ,1
3dd9e578dace13af ,5322408823168076 ,-0.6096802 ,-0.21459961 ,0.76153564 ,3 ,Acc ,15
3dd9e578dace13af ,5322408940790107 ,-0.64611816 ,-0.17041016 ,0.7192383 ,3 ,Acc ,15
3dd9e578dace13af ,5322409041075367 ,-0.6503296 ,-0.15209961 ,0.6940918 ,3 ,Acc ,15
3dd9e578dace13af ,5322409141002815 ,-0.6513672 ,-0.14276123 ,0.6812744 ,3 ,Acc ,15
3dd9e578dace13af ,5322409260126409 ,-0.6566162 ,-0.13989258 ,0.68811035 ,3 ,Acc ,15
3dd9e578dace13af ,5322409359803440 ,-0.6513672 ,-0.15368652 ,0.7073364 ,3 ,Acc ,15
3dd9e578dace13af ,5322409460795107 ,-0.6607666 ,-0.13415527 ,0.7288208 ,3 ,Acc ,15
3dd9e578dace13af ,5322409564224013 ,-0.65966797 ,-0.124694824 ,0.7407837 ,3 ,Acc ,15
3dd9e578dace13af ,5322409602196825 ,-9.3160095 ,-2.8456116 ,1.1334686 ,0 ,Acc ,9
3dd9e578dace13af ,5322409664266461 ,-0.63775635 ,-0.14276123 ,0.744751 ,3 ,Acc ,15
3dd9e578dace13af ,5322409765926252 ,-0.6253662 ,-0.14990234 ,0.7426758 ,3 ,Acc ,15
3dd9e578dace13af ,5322409866587242 ,-0.6402588 ,-0.14086914 ,0.7401123 ,3 ,Acc ,15
3dd9e578dace13af ,5322409968042294 ,-0.6755371 ,-0.10632324 ,0.72802734 ,3 ,Acc ,15
3dd9e578dace13af ,5322410086207450 ,-0.70458984 ,-0.041870117 ,0.7067261 ,3 ,Acc ,15
3dd9e578dace13af ,5322410206358856 ,-0.7182617 ,-8.544922E-4 ,0.6897583 ,3 ,Acc ,15
3dd9e578dace13af ,5322410321251200 ,-0.72454834 ,0.021240234 ,0.68310547 ,3 ,Acc ,15
3dd9e578dace13af ,5322410424780731 ,-0.72698975 ,0.0087890625 ,0.68463135 ,3 ,Acc ,15
3dd9e578dace13af ,5322410544223596 ,-0.7342529 ,0.028564453 ,0.67370605 ,3 ,Acc ,15
3dd9e578dace13af ,5322410667402606 ,-0.7220459 ,0.022399902 ,0.6585083 ,3 ,Acc ,15
3dd9e578dace13af ,5322410783641044 ,-0.7017212 ,0.018859863 ,0.61834717 ,3 ,Acc ,15
3dd9e578dace13af ,5322410885884273 ,-0.6914673 ,0.022583008 ,0.6085205 ,3 ,Acc ,15
3dd9e578dace13af ,5322411006365939 ,-0.7145386 ,0.049316406 ,0.62823486 ,3 ,Acc ,15
3dd9e578dace13af ,5322411122789325 ,-0.73950195 ,0.101623535 ,0.63653564 ,3 ,Acc ,15
3dd9e578dace13af ,5322411227508179 ,-0.74993896 ,0.14453125 ,0.6264038 ,3 ,Acc ,15
3dd9e578dace13af ,5322411327531616 ,-0.7529297 ,0.18457031 ,0.611084 ,3 ,Acc ,15
3dd9e578dace13af ,5322411428310991 ,-0.7477417 ,0.23712158 ,0.57421875 ,3 ,Acc ,15
3dd9e578dace13af ,5322411544482033 ,-0.7451782 ,0.21374512 ,0.5629883 ,3 ,Acc ,15
3dd9e578dace13af ,5322411651609793 ,-0.7375488 ,0.17980957 ,0.5500488 ,3 ,Acc ,15
3dd9e578dace13af ,5322411763798960 ,-0.72509766 ,0.122924805 ,0.51904297 ,3 ,Acc ,15
3dd9e578dace13af ,5322411784642137 ,-6.421249 ,-3.064578 ,-0.038307227 ,3 ,Acc ,1
3dd9e578dace13af ,5322411863699481 ,-0.71673584 ,0.06964111 ,0.48937988 ,3 ,Acc ,15
3dd9e578dace13af ,5322411964416512 ,-0.71588135 ,0.037963867 ,0.48632813 ,3 ,Acc ,15
3dd9e578dace13af ,5322412066184481 ,-0.72509766 ,0.05255127 ,0.5108032 ,3 ,Acc ,15
3dd9e578dace13af ,5322412168572137 ,-0.739624 ,0.09967041 ,0.5566406 ,3 ,Acc ,15
3dd9e578dace13af ,5322412286986824 ,-0.7479248 ,0.13830566 ,0.592041 ,3 ,Acc ,15
3dd9e578dace13af ,5322412389362085 ,-0.744751 ,0.16497803 ,0.60827637 ,3 ,Acc ,15
3dd9e578dace13af ,5322412507225210 ,-0.74365234 ,0.1762085 ,0.6173096 ,3 ,Acc ,15
3dd9e578dace13af ,5322412603450418 ,-9.614532 ,-0.9929657 ,-1.6567688 ,0 ,Acc ,9
3dd9e578dace13af ,5322412625097293 ,-0.74627686 ,0.16748047 ,0.60827637 ,3 ,Acc ,15
3dd9e578dace13af ,5322412743891303 ,-0.75323486 ,0.14141846 ,0.5950928 ,3 ,Acc ,15
3dd9e578dace13af ,5322412847713282 ,-0.7501831 ,0.12145996 ,0.5755615 ,3 ,Acc ,15
3dd9e578dace13af ,5322412949900678 ,-0.7418823 ,0.094055176 ,0.55926514 ,3 ,Acc ,15
3dd9e578dace13af ,5322413068278491 ,-0.7201538 ,0.07946777 ,0.55389404 ,3 ,Acc ,15
3dd9e578dace13af ,5322413188799636 ,-0.7144165 ,0.078125 ,0.57476807 ,3 ,Acc ,15
3dd9e578dace13af ,5322413304508126 ,-0.7127075 ,0.109069824 ,0.60913086 ,3 ,Acc ,15
3dd9e578dace13af ,5322413408578490 ,-0.7213745 ,0.10253906 ,0.6446533 ,3 ,Acc ,15
3dd9e578dace13af ,5322413529293907 ,-0.725708 ,0.11743164 ,0.64642334 ,3 ,Acc ,15
3dd9e578dace13af ,5322413630732501 ,-0.72906494 ,0.105895996 ,0.64501953 ,3 ,Acc ,15
3dd9e578dace13af ,5322413749483542 ,-0.7263794 ,0.104003906 ,0.6470947 ,3 ,Acc ,15
3dd9e578dace13af ,5322413865036407 ,-0.73095703 ,0.10803223 ,0.63830566 ,3 ,Acc ,15
3dd9e578dace13af ,5322413970241667 ,-0.7345581 ,0.10064697 ,0.6329956 ,3 ,Acc ,15
3dd9e578dace13af ,5322414071127553 ,-0.73394775 ,0.08459473 ,0.6159668 ,3 ,Acc ,15
3dd9e578dace13af ,5322414185461980 ,-0.72436523 ,0.05871582 ,0.5970459 ,3 ,Acc ,15
3dd9e578dace13af ,5322414291512553 ,-0.7074585 ,0.033569336 ,0.6016846 ,3 ,Acc ,15
3dd9e578dace13af ,5322414407186823 ,-0.694458 ,0.0026245117 ,0.6376343 ,3 ,Acc ,15
3dd9e578dace13af ,5322414529981719 ,-0.68481445 ,0.0021362305 ,0.6876221 ,3 ,Acc ,15
3dd9e578dace13af ,5322414631267709 ,-0.6859741 ,-0.0040893555 ,0.7107544 ,3 ,Acc ,15
3dd9e578dace13af ,5322414751357605 ,-0.68444824 ,0.0071411133 ,0.71899414 ,3 ,Acc ,15
3dd9e578dace13af ,5322414792238282 ,-6.631939 ,-4.0557775 ,2.954445 ,3 ,Acc ,1
3dd9e578dace13af ,5322414870077188 ,-0.6845703 ,0.020263672 ,0.7210083 ,3 ,Acc ,15
3dd9e578dace13af ,5322414970646771 ,-0.68304443 ,0.03375244 ,0.71917725 ,3 ,Acc ,15
3dd9e578dace13af ,5322415072235313 ,-0.68395996 ,0.038024902 ,0.71551514 ,3 ,Acc ,15
3dd9e578dace13af ,5322415171714584 ,-0.68536377 ,0.039916992 ,0.713562 ,3 ,Acc ,15
3dd9e578dace13af ,5322415272420990 ,-0.68725586 ,0.04425049 ,0.701416 ,3 ,Acc ,15
3dd9e578dace13af ,5322415392594115 ,-0.68359375 ,0.03643799 ,0.6918335 ,3 ,Acc ,15
3dd9e578dace13af ,5322415509264375 ,-0.6802368 ,0.030639648 ,0.68029785 ,3 ,Acc ,15
3dd9e578dace13af ,5322415609740260 ,-9.133804 ,-3.443573 ,0.94107056 ,0 ,Acc ,9
3dd9e578dace13af ,5322415611387500 ,-0.6722412 ,0.012145996 ,0.6878662 ,3 ,Acc ,15
3dd9e578dace13af ,5322415712735781 ,-0.66174316 ,-0.03100586 ,0.7102661 ,3 ,Acc ,15
3dd9e578dace13af ,5322415829741719 ,-0.6472168 ,-0.08312988 ,0.7441406 ,3 ,Acc ,15
3dd9e578dace13af ,5322415951610781 ,-0.6356201 ,-0.10467529 ,0.7640991 ,3 ,Acc ,15
3dd9e578dace13af ,5322416072305000 ,-0.61242676 ,-0.17578125 ,0.7626953 ,3 ,Acc ,15
3dd9e578dace13af ,5322416172216094 ,-0.5944824 ,-0.23577881 ,0.7519531 ,3 ,Acc ,15
3dd9e578dace13af ,5322416272884479 ,-0.6040039 ,-0.24377441 ,0.75286865 ,3 ,Acc ,15
3dd9e578dace13af ,5322416392392343 ,-0.616333 ,-0.26275635 ,0.7423096 ,3 ,Acc ,15
3dd9e578dace13af ,5322416492450625 ,-0.63604736 ,-0.27911377 ,0.71380615 ,3 ,Acc ,15
3dd9e578dace13af ,5322416593886562 ,-0.6616821 ,-0.29632568 ,0.67388916 ,3 ,Acc ,15
3dd9e578dace13af ,5322416713817604 ,-0.68640137 ,-0.36883545 ,0.6102905 ,3 ,Acc ,15
3dd9e578dace13af ,5322416834183020 ,-0.6930542 ,-0.5092163 ,0.5070801 ,3 ,Acc ,15
3dd9e578dace13af ,5322416949407968 ,-0.68640137 ,-0.5770874 ,0.44091797 ,3 ,Acc ,15
3dd9e578dace13af ,5322417050948385 ,-0.6876221 ,-0.5941162 ,0.4159546 ,3 ,Acc ,15
3dd9e578dace13af ,5322417169249791 ,-0.6906738 ,-0.5619507 ,0.44763184 ,3 ,Acc ,15
3dd9e578dace13af ,5322417271944999 ,-0.6712036 ,-0.5270996 ,0.5018921 ,3 ,Acc ,15
3dd9e578dace13af ,5322417394829635 ,-0.647583 ,-0.4484253 ,0.5769043 ,3 ,Acc ,15
3dd9e578dace13af ,5322417514851353 ,-0.602417 ,-0.35699463 ,0.6567383 ,3 ,Acc ,15
3dd9e578dace13af ,5322417631101041 ,-0.5529785 ,-0.32543945 ,0.6859131 ,3 ,Acc ,15
3dd9e578dace13af ,5322417730846301 ,-0.53308105 ,-0.30877686 ,0.70098877 ,3 ,Acc ,15
3dd9e578dace13af ,5322417813322968 ,-1.9919758 ,-6.670246 ,3.6774938 ,3 ,Acc ,1
3dd9e578dace13af ,5322417851797343 ,-0.54071045 ,-0.32958984 ,0.69732666 ,3 ,Acc ,15
