3dd9e578dace13af ,5751000541694212 ,-0.17190552 ,5.2176514 ,8.301605 ,0 ,Acc ,9
3dd9e578dace13af ,5751000754110618 ,-0.010925293 ,0.16030884 ,-0.06829834 ,0 ,Acc ,10
3dd9e578dace13af ,5751000856038014 ,-0.04246521 ,-0.031326294 ,0.040756226 ,0 ,Acc ,10
3dd9e578dace13af ,5751000957169576 ,-0.07601929 ,0.080703735 ,0.05583191 ,0 ,Acc ,10
3dd9e578dace13af ,5751001058397024 ,-0.015991211 ,0.04866028 ,0.044128418 ,0 ,Acc ,10
3dd9e578dace13af ,5751001158267024 ,-0.08203125 ,-0.004058838 ,-0.123550415 ,0 ,Acc ,10
3dd9e578dace13af ,5751001258901086 ,-0.037322998 ,0.08811951 ,0.05052185 ,0 ,Acc ,10
3dd9e578dace13af ,5751001358408743 ,-0.9424286 ,-0.46403503 ,-0.83314514 ,0 ,Acc ,10
3dd9e578dace13af ,5751001478202493 ,-2.170395 ,-0.0036773682 ,-2.0728607 ,0 ,Acc ,10
3dd9e578dace13af ,5751001578867753 ,1.2402191 ,-0.1946106 ,-2.9450073 ,0 ,Acc ,10
3dd9e578dace13af ,5751001678414211 ,3.3212738 ,-0.5853119 ,-1.5704803 ,0 ,Acc ,10
3dd9e578dace13af ,5751001779051086 ,1.9236298 ,0.49658203 ,0.5424957 ,0 ,Acc ,10
3dd9e578dace13af ,5751001899186503 ,-1.7201843 ,0.5980835 ,0.80229187 ,0 ,Acc ,10
3dd9e578dace13af ,5751001999085670 ,-1.8544922 ,0.6890564 ,1.0974579 ,0 ,Acc ,10
3dd9e578dace13af ,5751002119239680 ,-1.8160858 ,1.2112274 ,-0.15400696 ,0 ,Acc ,10
3dd9e578dace13af ,5751002220071451 ,-0.8240814 ,1.1972656 ,-0.3391571 ,0 ,Acc ,10
3dd9e578dace13af ,5751002337208117 ,-0.6242523 ,0.80459595 ,1.2788239 ,0 ,Acc ,10
3dd9e578dace13af ,5751002459396242 ,-0.36190796 ,1.0297546 ,1.2993164 ,0 ,Acc ,10
3dd9e578dace13af ,5751002580335513 ,-0.6863251 ,-0.83506775 ,-0.048324585 ,0 ,Acc ,10
3dd9e578dace13af ,5751002698441346 ,0.18852234 ,0.22946167 ,0.1795044 ,0 ,Acc ,10
3dd9e578dace13af ,5751002820735357 ,-0.0116119385 ,0.07330322 ,-0.22450256 ,0 ,Acc ,10
3dd9e578dace13af ,5751002919803586 ,0.05166626 ,-0.059768677 ,-0.23654175 ,0 ,Acc ,10
3dd9e578dace13af ,5751003021004055 ,-0.20127869 ,0.06600952 ,-0.25657654 ,0 ,Acc ,10
3dd9e578dace13af ,5751003138208273 ,-0.022247314 ,-0.27268982 ,-0.017837524 ,0 ,Acc ,10
3dd9e578dace13af ,5751003240426242 ,-0.13830566 ,-0.04699707 ,-0.1652832 ,0 ,Acc ,10
3dd9e578dace13af ,5751003341247336 ,-0.06227112 ,0.015335083 ,-0.07040405 ,0 ,Acc ,10
3dd9e578dace13af ,5751003459531659 ,-0.11387634 ,-0.11445618 ,-0.09425354 ,0 ,Acc ,10
3dd9e578dace13af ,5751003557713950 ,-9.672943 ,0.11224365 ,1.6099396 ,0 ,Acc ,9
3dd9e578dace13af ,5751003577868898 ,0.006088257 ,-0.015472412 ,-0.1436615 ,0 ,Acc ,10
3dd9e578dace13af ,5751003678649888 ,-0.07058716 ,0.027709961 ,-0.07765198 ,0 ,Acc ,10
3dd9e578dace13af ,5751003780426763 ,-0.033966064 ,-0.15078735 ,-0.025436401 ,0 ,Acc ,10
3dd9e578dace13af ,5751003880017335 ,-0.06964111 ,-0.09689331 ,-0.07688904 ,0 ,Acc ,10
3dd9e578dace13af ,5751003979013585 ,-0.07279968 ,-0.008026123 ,-0.07070923 ,0 ,Acc ,10
3dd9e578dace13af ,5751004080767283 ,-0.046310425 ,-0.114151 ,-0.0970459 ,0 ,Acc ,10
3dd9e578dace13af ,5751004181917075 ,-0.012359619 ,-0.0337677 ,-0.07086182 ,0 ,Acc ,10
3dd9e578dace13af ,5751004299960825 ,-0.060317993 ,0.022827148 ,-0.061676025 ,0 ,Acc ,10
3dd9e578dace13af ,5751004422412492 ,-0.07574463 ,-0.08576965 ,-0.04560852 ,0 ,Acc ,10
3dd9e578dace13af ,5751004541792231 ,-0.2006836 ,-0.14091492 ,0.17414856 ,0 ,Acc ,10
3dd9e578dace13af ,5751004641998116 ,0.10670471 ,-0.20819092 ,-0.022201538 ,0 ,Acc ,10
3dd9e578dace13af ,5751004758767960 ,-0.4348297 ,0.19102478 ,-0.1973114 ,0 ,Acc ,10
3dd9e578dace13af ,5751004860508012 ,0.05795288 ,-0.63746643 ,-0.036743164 ,0 ,Acc ,10
3dd9e578dace13af ,5751004961211345 ,0.059005737 ,-0.17842102 ,0.07118225 ,0 ,Acc ,10
3dd9e578dace13af ,5751005060968220 ,0.07458496 ,0.18338013 ,-0.16563416 ,0 ,Acc ,10
3dd9e578dace13af ,5751005162574522 ,0.20188904 ,0.3910675 ,-0.24035645 ,0 ,Acc ,10
3dd9e578dace13af ,5751005263469158 ,-0.12968445 ,0.5385132 ,-0.20951843 ,0 ,Acc ,10
3dd9e578dace13af ,5751005383550356 ,-0.08721924 ,0.013580322 ,0.092300415 ,0 ,Acc ,10
3dd9e578dace13af ,5751005503903845 ,-0.1003418 ,0.06881714 ,0.16436768 ,0 ,Acc ,10
3dd9e578dace13af ,5751005621277960 ,-0.08692932 ,0.15867615 ,-0.06491089 ,0 ,Acc ,10
3dd9e578dace13af ,5751005744831345 ,-0.0637207 ,-0.03352356 ,0.019454956 ,0 ,Acc ,10
3dd9e578dace13af ,5751005861277960 ,-0.14123535 ,-0.26649475 ,-0.13105774 ,0 ,Acc ,10
3dd9e578dace13af ,5751005961083793 ,0.017837524 ,0.024337769 ,0.21089172 ,0 ,Acc ,10
3dd9e578dace13af ,5751006064336189 ,0.059906006 ,0.042663574 ,0.05680847 ,0 ,Acc ,10
3dd9e578dace13af ,5751006184294783 ,0.09573364 ,0.078201294 ,-0.17523193 ,0 ,Acc ,10
3dd9e578dace13af ,5751006282712230 ,-0.025512695 ,0.092559814 ,0.05671692 ,0 ,Acc ,10
3dd9e578dace13af ,5751006384352074 ,-0.0393219 ,0.051620483 ,0.11253357 ,0 ,Acc ,10
3dd9e578dace13af ,5751006483954939 ,-0.114608765 ,-0.051208496 ,0.06741333 ,0 ,Acc ,10
3dd9e578dace13af ,5751006561946657 ,-9.557007 ,0.97828674 ,1.9689178 ,0 ,Acc ,9
3dd9e578dace13af ,5751006600571553 ,-0.14735413 ,0.2086029 ,0.31730652 ,0 ,Acc ,10
3dd9e578dace13af ,5751006702677178 ,-0.06764221 ,0.12232971 ,-0.0028686523 ,0 ,Acc ,10
3dd9e578dace13af ,5751006803296084 ,-0.09207153 ,-0.04219055 ,0.09039307 ,0 ,Acc ,10
3dd9e578dace13af ,5751006905083220 ,-0.5584259 ,-0.0287323 ,0.24594116 ,0 ,Acc ,10
3dd9e578dace13af ,5751007024612959 ,0.8242645 ,-0.90989685 ,-0.24301147 ,0 ,Acc ,10
3dd9e578dace13af ,5751007142475199 ,-0.6196747 ,-1.0180206 ,-0.49998474 ,0 ,Acc ,10
3dd9e578dace13af ,5751007263108532 ,-0.3446045 ,-0.24923706 ,0.62272644 ,0 ,Acc ,10
3dd9e578dace13af ,5751007583485042 ,0.23937988 ,1.2292023 ,-0.055633545 ,0 ,Acc ,10
3dd9e578dace13af ,5751007705913428 ,-0.4152069 ,0.91334534 ,-0.3428955 ,0 ,Acc ,10
3dd9e578dace13af ,5751007825286084 ,-0.31225586 ,-0.13644409 ,-0.3160553 ,0 ,Acc ,10
3dd9e578dace13af ,5751007946092334 ,0.41322327 ,-0.26901245 ,-0.0146484375 ,0 ,Acc ,10
3dd9e578dace13af ,5751008066497907 ,0.1907196 ,0.3222351 ,0.03086853 ,0 ,Acc ,10
3dd9e578dace13af ,5751008165814365 ,-0.58462524 ,1.0726624 ,0.10975647 ,0 ,Acc ,10
3dd9e578dace13af ,5751008266526188 ,-0.6259308 ,0.7398987 ,0.6152954 ,0 ,Acc ,10
3dd9e578dace13af ,5751008386784105 ,0.056869507 ,0.272583 ,0.055755615 ,0 ,Acc ,10
3dd9e578dace13af ,5751008503010459 ,1.0703278 ,1.0336151 ,-0.12036133 ,0 ,Acc ,10
3dd9e578dace13af ,5751008606254573 ,0.26330566 ,0.81977844 ,-0.16989136 ,0 ,Acc ,10
3dd9e578dace13af ,5751008705875979 ,-0.43226624 ,1.0662384 ,0.21342468 ,0 ,Acc ,10
3dd9e578dace13af ,5751008806469938 ,-1.6551666 ,1.053299 ,0.34417725 ,0 ,Acc ,10
3dd9e578dace13af ,5751008907222906 ,-3.4583435 ,0.08407593 ,-0.772583 ,0 ,Acc ,10
3dd9e578dace13af ,5751009027437906 ,-3.0356903 ,-0.42626953 ,-1.008255 ,0 ,Acc ,10
3dd9e578dace13af ,5751009126847386 ,-2.922409 ,0.48783875 ,-1.98732 ,0 ,Acc ,10
3dd9e578dace13af ,5751009227500146 ,-1.4702454 ,1.74617 ,0.020401001 ,0 ,Acc ,10
3dd9e578dace13af ,5751009347066760 ,1.0258331 ,0.52033997 ,-0.79681396 ,0 ,Acc ,10
3dd9e578dace13af ,5751009447678323 ,4.9032135 ,-0.6855316 ,-2.2993622 ,0 ,Acc ,10
3dd9e578dace13af ,5751009564627854 ,-9.392532 ,-0.26089478 ,2.8075562 ,0 ,Acc ,9
3dd9e578dace13af ,5751009564097021 ,3.0351105 ,-0.5702057 ,-0.33674622 ,0 ,Acc ,10
3dd9e578dace13af ,5751009664418635 ,-0.3093567 ,-2.5669098 ,0.54055786 ,0 ,Acc ,10
3dd9e578dace13af ,5751009787064937 ,0.37556458 ,-3.3631897 ,-1.0529175 ,0 ,Acc ,10
3dd9e578dace13af ,5751009908432437 ,1.1015625 ,-1.265274 ,-0.89575195 ,0 ,Acc ,10
3dd9e578dace13af ,5751010025811552 ,-0.11489868 ,-0.037200928 ,-0.6848602 ,0 ,Acc ,10
3dd9e578dace13af ,5751010128062906 ,-0.5934143 ,0.18623352 ,-0.609375 ,0 ,Acc ,10
3dd9e578dace13af ,5751010228412333 ,-0.2806244 ,-0.6494751 ,0.6704712 ,0 ,Acc ,10
3dd9e578dace13af ,5751010328579885 ,0.22846985 ,-0.18840027 ,0.16035461 ,0 ,Acc ,10
3dd9e578dace13af ,5751010428902125 ,0.55763245 ,0.31803894 ,-1.366272 ,0 ,Acc ,10
3dd9e578dace13af ,5751010549874625 ,-0.20727539 ,0.87449646 ,-0.99632263 ,0 ,Acc ,10
3dd9e578dace13af ,5751010648635093 ,-1.4767151 ,1.0224152 ,-1.3671875 ,0 ,Acc ,10
3dd9e578dace13af ,5751010750216968 ,2.5881805 ,-0.34413147 ,-1.3060913 ,0 ,Acc ,10
3dd9e578dace13af ,5751010868170041 ,3.9454346 ,-0.6586914 ,-1.8461914 ,0 ,Acc ,10
3dd9e578dace13af ,5751010968918791 ,1.2100677 ,-0.64538574 ,-0.28616333 ,0 ,Acc ,10
3dd9e578dace13af ,5751011069526395 ,-4.565933 ,1.7527466 ,3.4708862 ,0 ,Acc ,10
3dd9e578dace13af ,5751011169044572 ,-2.8075867 ,2.3651123 ,5.8588257 ,0 ,Acc ,10
3dd9e578dace13af ,5751011269847697 ,-1.1356201 ,3.689331 ,4.048004 ,0 ,Acc ,10
3dd9e578dace13af ,5751011389641760 ,-1.3614502 ,2.3079987 ,0.06225586 ,0 ,Acc ,10
3dd9e578dace13af ,5751011489392593 ,4.2908325 ,1.1977997 ,-0.53234863 ,0 ,Acc ,10
3dd9e578dace13af ,5751011590239780 ,-0.87210083 ,0.2250824 ,-2.302124 ,0 ,Acc ,10
3dd9e578dace13af ,5751011689265249 ,-4.6451263 ,-1.6959076 ,-3.6367798 ,0 ,Acc ,10
3dd9e578dace13af ,5751011809676447 ,-2.6171417 ,-3.060135 ,-2.6885834 ,0 ,Acc ,10
3dd9e578dace13af ,5751011929804572 ,-2.7600708 ,-2.7745361 ,-2.5403137 ,0 ,Acc ,10
3dd9e578dace13af ,5751012029816134 ,3.855957 ,-1.9092865 ,-1.210083 ,0 ,Acc ,10
3dd9e578dace13af ,5751012150908114 ,-1.7873383 ,2.4754639 ,1.4754028 ,0 ,Acc ,10
3dd9e578dace13af ,5751012269651968 ,-1.9855652 ,2.4660187 ,4.2937775 ,0 ,Acc ,10
3dd9e578dace13af ,5751012370314416 ,-2.244522 ,2.5832214 ,3.8740692 ,0 ,Acc ,10
3dd9e578dace13af ,5751012471244832 ,-2.4839325 ,3.2301025 ,2.1738892 ,0 ,Acc ,10
3dd9e578dace13af ,5751012571289728 ,-9.633179 ,0.972702 ,1.5575256 ,0 ,Acc ,9
3dd9e578dace13af ,5751012587446707 ,3.365982 ,0.62223816 ,-1.049118 ,0 ,Acc ,10
3dd9e578dace13af ,5751012688404155 ,-0.87960815 ,0.6764679 ,-2.8981628 ,0 ,Acc ,10
3dd9e578dace13af ,5751012806937124 ,-2.7161102 ,-1.2749939 ,-3.8591003 ,0 ,Acc ,10
3dd9e578dace13af ,5751012911489207 ,-2.8542175 ,-2.4213867 ,-3.9228973 ,0 ,Acc ,10
3dd9e578dace13af ,5751013010964051 ,-2.7445374 ,-2.0986023 ,-3.3188171 ,0 ,Acc ,10
3dd9e578dace13af ,5751013131096186 ,2.5514832 ,-0.7268677 ,-0.7254791 ,0 ,Acc ,10
3dd9e578dace13af ,5751013230930717 ,-1.0784912 ,2.3329926 ,1.3305817 ,0 ,Acc ,10
3dd9e578dace13af ,5751013349154519 ,-1.961731 ,4.3221283 ,4.801712 ,0 ,Acc ,10
3dd9e578dace13af ,5751013469252332 ,-2.330307 ,4.2997894 ,2.8065643 ,0 ,Acc ,10
3dd9e578dace13af ,5751013592402905 ,-1.9891205 ,3.298355 ,-0.27677917 ,0 ,Acc ,10
3dd9e578dace13af ,5751013712482488 ,3.0112762 ,0.83102417 ,-0.83296204 ,0 ,Acc ,10
3dd9e578dace13af ,5751013828994936 ,-4.0365753 ,-1.1666107 ,-3.2822876 ,0 ,Acc ,10
3dd9e578dace13af ,5751013931993738 ,-2.1713257 ,-2.5572052 ,-3.2910004 ,0 ,Acc ,10
3dd9e578dace13af ,5751014031499363 ,-1.9160309 ,-3.0574493 ,-3.7862396 ,0 ,Acc ,10
3dd9e578dace13af ,5751014131751915 ,-0.3447113 ,-1.0664825 ,-2.0239258 ,0 ,Acc ,10
3dd9e578dace13af ,5751014252345040 ,1.409195 ,-0.0715332 ,0.051132202 ,0 ,Acc ,10
3dd9e578dace13af ,5751014371026446 ,-0.6478119 ,2.9046478 ,2.627945 ,0 ,Acc ,10
3dd9e578dace13af ,5751014472855509 ,-1.3460541 ,3.1323853 ,2.570221 ,0 ,Acc ,10
3dd9e578dace13af ,5751014572803529 ,-1.8843689 ,4.736023 ,0.72309875 ,0 ,Acc ,10
3dd9e578dace13af ,5751014673506602 ,-0.8977814 ,2.9017792 ,-0.6388397 ,0 ,Acc ,10
3dd9e578dace13af ,5751014791307644 ,3.4452667 ,0.07926941 ,-2.2066345 ,0 ,Acc ,10
3dd9e578dace13af ,5751014892265613 ,-2.552719 ,-0.26376343 ,-4.9015503 ,0 ,Acc ,10
3dd9e578dace13af ,5751014993769206 ,-3.9009094 ,-1.4390106 ,-4.825989 ,0 ,Acc ,10
3dd9e578dace13af ,5751015113021602 ,-0.140625 ,-1.8113556 ,-2.1018982 ,0 ,Acc ,10
3dd9e578dace13af ,5751015231623477 ,3.40448 ,-0.8234863 ,-1.0727081 ,0 ,Acc ,10
3dd9e578dace13af ,5751015333544310 ,1.6737213 ,0.2192688 ,0.8033142 ,0 ,Acc ,10
3dd9e578dace13af ,5751015434346550 ,-2.5750732 ,3.2805328 ,2.723236 ,0 ,Acc ,10
3dd9e578dace13af ,5751015555464258 ,-6.0294952 ,3.7276154 ,3.5617065 ,0 ,Acc ,10
3dd9e578dace13af ,5751015595835768 ,-9.780121 ,-0.5970001 ,0.4038391 ,0 ,Acc ,9
3dd9e578dace13af ,5751015670826185 ,-0.7353058 ,3.3542328 ,1.062912 ,0 ,Acc ,10
3dd9e578dace13af ,5751015791957175 ,2.5147705 ,0.2821045 ,-2.0046387 ,0 ,Acc ,10
3dd9e578dace13af ,5751015913478425 ,-0.96313477 ,-0.49583435 ,-3.915924 ,0 ,Acc ,10
3dd9e578dace13af ,5751016014248216 ,-2.1943054 ,-1.3727875 ,-3.6799011 ,0 ,Acc ,10
3dd9e578dace13af ,5751016134410039 ,-0.55651855 ,-1.9025269 ,-2.8027039 ,0 ,Acc ,10
3dd9e578dace13af ,5751016235790768 ,1.3039246 ,-2.2303314 ,-0.63586426 ,0 ,Acc ,10
3dd9e578dace13af ,5751016356310091 ,2.8331146 ,0.35983276 ,0.6430969 ,0 ,Acc ,10
3dd9e578dace13af ,5751016473054883 ,-1.9018097 ,3.3023987 ,2.7009277 ,0 ,Acc ,10
3dd9e578dace13af ,5751016573478581 ,-2.8652344 ,3.2319946 ,1.7376862 ,0 ,Acc ,10
3dd9e578dace13af ,5751016694789466 ,-0.86291504 ,2.812378 ,0.4667511 ,0 ,Acc ,10
3dd9e578dace13af ,5751016815168633 ,2.402069 ,-0.3814392 ,-1.4850311 ,0 ,Acc ,10
3dd9e578dace13af ,5751016915967955 ,0.4521637 ,-1.0284882 ,-2.440445 ,0 ,Acc ,10
3dd9e578dace13af ,5751017032314258 ,-2.723465 ,-1.6733551 ,-2.4575806 ,0 ,Acc ,10
3dd9e578dace13af ,5751017135501132 ,-4.3714294 ,-3.2988892 ,-3.7337036 ,0 ,Acc ,10
3dd9e578dace13af ,5751017236335403 ,-1.9517212 ,-1.4673157 ,-2.4373627 ,0 ,Acc ,10
3dd9e578dace13af ,5751017356695664 ,4.1571198 ,-1.1844025 ,-0.86756897 ,0 ,Acc ,10
3dd9e578dace13af ,5751017474181705 ,-1.8193207 ,1.9980011 ,1.1044464 ,0 ,Acc ,10
3dd9e578dace13af ,5751017596720559 ,-1.4741364 ,4.133911 ,3.7105865 ,0 ,Acc ,10
3dd9e578dace13af ,5751017716765976 ,-0.7612457 ,2.6052094 ,1.2231903 ,0 ,Acc ,10
3dd9e578dace13af ,5751017816233268 ,-0.9704895 ,2.5764618 ,0.4256897 ,0 ,Acc ,10
3dd9e578dace13af ,5751017915813163 ,3.2258148 ,0.2090149 ,-0.90792847 ,0 ,Acc ,10
3dd9e578dace13af ,5751018016427538 ,-0.69192505 ,-0.744751 ,-2.5594025 ,0 ,Acc ,10
3dd9e578dace13af ,5751018136536132 ,-1.9889832 ,-2.3831024 ,-2.5801697 ,0 ,Acc ,10
3dd9e578dace13af ,5751018237214778 ,-2.3358612 ,-2.466217 ,-2.0597992 ,0 ,Acc ,10
3dd9e578dace13af ,5751018357164309 ,1.4379425 ,-1.5127869 ,-0.6536865 ,0 ,Acc ,10
3dd9e578dace13af ,5751018453214986 ,4.32666 ,-1.1646881 ,-0.48349 ,0 ,Acc ,10
3dd9e578dace13af ,5751018558714934 ,-1.2559662 ,2.7172852 ,1.5436249 ,0 ,Acc ,10
3dd9e578dace13af ,5751018599231028 ,-9.789047 ,-0.21665955 ,0.5457916 ,0 ,Acc ,9
3dd9e578dace13af ,5751018674017330 ,-2.2392883 ,4.0221405 ,3.428955 ,0 ,Acc ,10
3dd9e578dace13af ,5751018794225559 ,-0.71369934 ,2.7371826 ,1.1768646 ,0 ,Acc ,10
3dd9e578dace13af ,5751018914185507 ,1.2391052 ,0.21073914 ,-1.1899719 ,0 ,Acc ,10
3dd9e578dace13af ,5751019017540403 ,2.6820526 ,0.7925873 ,-1.1631165 ,0 ,Acc ,10
3dd9e578dace13af ,5751019138507955 ,-4.7662506 ,-3.0326843 ,-3.978119 ,0 ,Acc ,10
3dd9e578dace13af ,5751019237408840 ,-3.0727386 ,-2.3029938 ,-3.1929626 ,0 ,Acc ,10
3dd9e578dace13af ,5751019337865975 ,-1.6500244 ,-1.8173981 ,-2.1592865 ,0 ,Acc ,10
3dd9e578dace13af ,5751019438514569 ,2.703659 ,-0.79634094 ,-0.8730011 ,0 ,Acc ,10
3dd9e578dace13af ,5751019559251757 ,1.3205872 ,-0.4090271 ,-0.48239136 ,0 ,Acc ,10
3dd9e578dace13af ,5751019658195454 ,-1.8937073 ,3.0851898 ,1.9359436 ,0 ,Acc ,10
3dd9e578dace13af ,5751019759757173 ,-2.0392761 ,2.9595184 ,2.5772247 ,0 ,Acc ,10
3dd9e578dace13af ,5751019876688944 ,0.1843872 ,3.9134827 ,1.4053955 ,0 ,Acc ,10
3dd9e578dace13af ,5751019978555871 ,0.6639862 ,1.5384369 ,-0.16642761 ,0 ,Acc ,10
3dd9e578dace13af ,5751020079434517 ,2.6205902 ,-0.12686157 ,-1.1663513 ,0 ,Acc ,10
3dd9e578dace13af ,5751020197676183 ,-4.0047607 ,-1.137558 ,-3.2183685 ,0 ,Acc ,10
3dd9e578dace13af ,5751020319294152 ,-2.9577332 ,-1.9384003 ,-3.3457947 ,0 ,Acc ,10
3dd9e578dace13af ,5751020419013423 ,-2.1213684 ,-1.3318329 ,-2.7581482 ,0 ,Acc ,10
3dd9e578dace13af ,5751020519777225 ,2.8819427 ,-1.8948517 ,-1.668396 ,0 ,Acc ,10
3dd9e578dace13af ,5751020639185298 ,-0.22662354 ,0.08277893 ,0.30137634 ,0 ,Acc ,10
3dd9e578dace13af ,5751020739045246 ,-1.6642303 ,2.3544312 ,2.7302246 ,0 ,Acc ,10
3dd9e578dace13af ,5751020839057121 ,-1.2432709 ,3.91922 ,2.6614532 ,0 ,Acc ,10
3dd9e578dace13af ,5751020957359933 ,-0.46798706 ,4.5471344 ,1.5460968 ,0 ,Acc ,10
3dd9e578dace13af ,5751021057039621 ,0.45832825 ,0.96417236 ,-0.95614624 ,0 ,Acc ,10
3dd9e578dace13af ,5751021161517381 ,2.446106 ,-0.93899536 ,-1.6722412 ,0 ,Acc ,10
3dd9e578dace13af ,5751021276852225 ,-4.0979614 ,-1.0342102 ,-3.314865 ,0 ,Acc ,10
3dd9e578dace13af ,5751021400752277 ,-4.749161 ,-1.2777252 ,-3.5299072 ,0 ,Acc ,10
3dd9e578dace13af ,5751021520949152 ,-1.1985321 ,-3.3075867 ,-3.9825745 ,0 ,Acc ,10
3dd9e578dace13af ,5751021601929256 ,-9.345642 ,1.4258118 ,2.6069489 ,0 ,Acc ,9
3dd9e578dace13af ,5751021637754933 ,4.257843 ,-1.6037292 ,-1.28479 ,0 ,Acc ,10
3dd9e578dace13af ,5751021738468631 ,-0.58247375 ,0.6986542 ,0.5774231 ,0 ,Acc ,10
3dd9e578dace13af ,5751021840347277 ,-3.045395 ,2.8434143 ,2.714096 ,0 ,Acc ,10
3dd9e578dace13af ,5751021940636599 ,-3.9028625 ,3.392334 ,3.4141235 ,0 ,Acc ,10
3dd9e578dace13af ,5751022041405766 ,-0.13121033 ,3.5702667 ,2.4205933 ,0 ,Acc ,10
3dd9e578dace13af ,5751022161729256 ,2.407669 ,0.13195801 ,0.49899292 ,0 ,Acc ,10
3dd9e578dace13af ,5751022279720818 ,0.7982178 ,0.39083862 ,-1.9924469 ,0 ,Acc ,10
3dd9e578dace13af ,5751022401911599 ,-3.8176117 ,-1.2653961 ,-3.081955 ,0 ,Acc ,10
3dd9e578dace13af ,5751022518165141 ,-2.030243 ,-3.6522064 ,-4.1018066 ,0 ,Acc ,10
3dd9e578dace13af ,5751022619883162 ,-1.280304 ,-2.5957184 ,-2.5776825 ,0 ,Acc ,10
3dd9e578dace13af ,5751022721039255 ,4.505371 ,-2.1727448 ,-1.5308075 ,0 ,Acc ,10
3dd9e578dace13af ,5751022820957953 ,-1.9468842 ,1.5388184 ,0.6920929 ,0 ,Acc ,10
3dd9e578dace13af ,5751022941743787 ,-2.4152222 ,4.73526 ,4.715912 ,0 ,Acc ,10
3dd9e578dace13af ,5751023042592380 ,-3.956421 ,5.1478424 ,4.1841125 ,0 ,Acc ,10
3dd9e578dace13af ,5751023163763526 ,-2.581894 ,3.6820374 ,0.3977356 ,0 ,Acc ,10
3dd9e578dace13af ,5751023279075766 ,2.506775 ,-0.7345581 ,-1.167099 ,0 ,Acc ,10
3dd9e578dace13af ,5751023379551755 ,-1.4844513 ,-1.9715424 ,-2.6594238 ,0 ,Acc ,10
3dd9e578dace13af ,5751023479154411 ,-3.6460114 ,-2.1703186 ,-2.5071716 ,0 ,Acc ,10
3dd9e578dace13af ,5751023579255818 ,-5.1130524 ,-2.957428 ,-4.5926056 ,0 ,Acc ,10
3dd9e578dace13af ,5751023683306078 ,-2.1417542 ,-0.5455475 ,-1.8529205 ,0 ,Acc ,10
3dd9e578dace13af ,5751023801000505 ,3.135666 ,-0.7594452 ,-0.28128052 ,0 ,Acc ,10
3dd9e578dace13af ,5751023902516390 ,-1.0127258 ,2.476944 ,2.346817 ,0 ,Acc ,10
3dd9e578dace13af ,5751024022323526 ,-1.1620331 ,3.9495392 ,4.2254944 ,0 ,Acc ,10
3dd9e578dace13af ,5751024122415349 ,-2.7917786 ,4.7690735 ,4.078293 ,0 ,Acc ,10
3dd9e578dace13af ,5751024222849463 ,-2.1197052 ,2.7907867 ,1.3817444 ,0 ,Acc ,10
3dd9e578dace13af ,5751024323998838 ,1.979599 ,-0.014419556 ,-0.5535126 ,0 ,Acc ,10
3dd9e578dace13af ,5751024442251130 ,-2.2209625 ,-1.4219818 ,-3.2397308 ,0 ,Acc ,10
3dd9e578dace13af ,5751024544162901 ,-3.3297577 ,-3.2911987 ,-4.284668 ,0 ,Acc ,10
3dd9e578dace13af ,5751024601974828 ,-8.170334 ,3.6628265 ,3.9999237 ,0 ,Acc ,9
3dd9e578dace13af ,5751024661069880 ,-3.514801 ,-3.1950989 ,-3.9362335 ,0 ,Acc ,10
3dd9e578dace13af ,5751024761489932 ,-0.82022095 ,-2.22081 ,-2.5888062 ,0 ,Acc ,10
3dd9e578dace13af ,5751024862063942 ,4.09581 ,-0.70751953 ,-0.27192688 ,0 ,Acc ,10
3dd9e578dace13af ,5751024964840661 ,-1.5371399 ,2.4017487 ,2.5490417 ,0 ,Acc ,10
3dd9e578dace13af ,5751025083978838 ,-2.4917755 ,4.592163 ,4.99086 ,0 ,Acc ,10
3dd9e578dace13af ,5751025205029202 ,-1.5530701 ,4.285095 ,3.151123 ,0 ,Acc ,10
3dd9e578dace13af ,5751025325003525 ,-2.090088 ,2.4797363 ,-0.2203064 ,0 ,Acc ,10
3dd9e578dace13af ,5751025441754463 ,1.8399048 ,0.23597717 ,-1.3882294 ,0 ,Acc ,10
3dd9e578dace13af ,5751025542322379 ,-0.957901 ,-1.9404755 ,-3.2782135 ,0 ,Acc ,10
3dd9e578dace13af ,5751025645231963 ,-2.6820374 ,-3.104004 ,-2.9817505 ,0 ,Acc ,10
3dd9e578dace13af ,5751025765361025 ,-2.1684723 ,-3.1466064 ,-3.1545715 ,0 ,Acc ,10
3dd9e578dace13af ,5751025885565660 ,0.8432007 ,-0.82899475 ,-0.68522644 ,0 ,Acc ,10
3dd9e578dace13af ,5751025985192171 ,1.9392395 ,-0.4005432 ,-0.20870972 ,0 ,Acc ,10
3dd9e578dace13af ,5751026085847223 ,-1.997818 ,2.4408417 ,2.1137085 ,0 ,Acc ,10
3dd9e578dace13af ,5751026205887848 ,-1.0767212 ,3.6844482 ,3.9296112 ,0 ,Acc ,10
3dd9e578dace13af ,5751026325759254 ,-0.55029297 ,4.9953003 ,2.49971 ,0 ,Acc ,10
3dd9e578dace13af ,5751026444015452 ,-0.96321106 ,2.1979675 ,0.2826538 ,0 ,Acc ,10
3dd9e578dace13af ,5751026566787118 ,0.98054504 ,-0.13265991 ,-2.1201477 ,0 ,Acc ,10
3dd9e578dace13af ,5751026685776077 ,-4.1688385 ,-2.604599 ,-4.620102 ,0 ,Acc ,10
3dd9e578dace13af ,5751026785935400 ,-4.5101624 ,-2.4335175 ,-4.840149 ,0 ,Acc ,10
3dd9e578dace13af ,5751026886778212 ,-1.5539093 ,-3.0121765 ,-3.21875 ,0 ,Acc ,10
3dd9e578dace13af ,5751027003980295 ,2.925537 ,-1.5613403 ,-1.1403198 ,0 ,Acc ,10
3dd9e578dace13af ,5751027123345920 ,-1.1306763 ,0.3335724 ,0.60543823 ,0 ,Acc ,10
3dd9e578dace13af ,5751027224043264 ,-3.8811035 ,3.598236 ,3.765747 ,0 ,Acc ,10
3dd9e578dace13af ,5751027327159827 ,-3.287506 ,4.0542603 ,3.760727 ,0 ,Acc ,10
3dd9e578dace13af ,5751027447875087 ,0.35536194 ,3.5552216 ,1.6611633 ,0 ,Acc ,10
3dd9e578dace13af ,5751027546266076 ,0.6418152 ,1.8796234 ,-1.2077942 ,0 ,Acc ,10
3dd9e578dace13af ,5751027604939201 ,-9.30191 ,1.9019623 ,2.4550323 ,0 ,Acc ,9
3dd9e578dace13af ,5751027663079253 ,1.4421234 ,-0.4948578 ,-2.3516693 ,0 ,Acc ,10
3dd9e578dace13af ,5751027765130243 ,-3.5383759 ,-2.622528 ,-3.7516327 ,0 ,Acc ,10
3dd9e578dace13af ,5751027888190920 ,-4.477112 ,-3.3442688 ,-4.082657 ,0 ,Acc ,10
3dd9e578dace13af ,5751028008458003 ,-2.7346954 ,-2.1020508 ,-3.0401917 ,0 ,Acc ,10
3dd9e578dace13af ,5751028124672743 ,3.1441345 ,-0.8380585 ,-0.70848083 ,0 ,Acc ,10
3dd9e578dace13af ,5751028226451597 ,-1.5943604 ,2.284607 ,1.8833618 ,0 ,Acc ,10
3dd9e578dace13af ,5751028328750972 ,-3.1654053 ,5.6919556 ,5.152069 ,0 ,Acc ,10
3dd9e578dace13af ,5751028446270243 ,-4.374542 ,5.1739044 ,4.286316 ,0 ,Acc ,10
3dd9e578dace13af ,5751028569545191 ,-2.1762238 ,3.8919525 ,-0.054489136 ,0 ,Acc ,10
3dd9e578dace13af ,5751028688476805 ,1.2471466 ,-0.32080078 ,-2.2019653 ,0 ,Acc ,10
3dd9e578dace13af ,5751028807830816 ,-2.0839386 ,-2.2064667 ,-3.110962 ,0 ,Acc ,10
3dd9e578dace13af ,5751028907899461 ,-3.4799347 ,-2.8857117 ,-2.6406097 ,0 ,Acc ,10
3dd9e578dace13af ,5751029026173263 ,-1.4018097 ,-3.015808 ,-3.5891876 ,0 ,Acc ,10
3dd9e578dace13af ,5751029128866024 ,-0.4948883 ,-2.4082336 ,-2.9598541 ,0 ,Acc ,10
3dd9e578dace13af ,5751029248893732 ,0.7582245 ,-0.26626587 ,-0.81114197 ,0 ,Acc ,10
3dd9e578dace13af ,5751029367969982 ,-2.9966583 ,3.2578583 ,3.2644196 ,0 ,Acc ,10
3dd9e578dace13af ,5751029468474617 ,-0.11558533 ,4.4808807 ,3.752472 ,0 ,Acc ,10
3dd9e578dace13af ,5751029588616232 ,0.009674072 ,3.3851166 ,3.0281982 ,0 ,Acc ,10
3dd9e578dace13af ,5751029689817846 ,-2.214447 ,4.404892 ,-0.047836304 ,0 ,Acc ,10
3dd9e578dace13af ,5751029807188628 ,1.4090729 ,0.6495056 ,-1.7283325 ,0 ,Acc ,10
3dd9e578dace13af ,5751029929378784 ,-4.415451 ,-1.4351959 ,-4.370285 ,0 ,Acc ,10
3dd9e578dace13af ,5751030049763680 ,-3.4404602 ,-3.9535065 ,-4.3201447 ,0 ,Acc ,10
3dd9e578dace13af ,5751030149198628 ,-1.13974 ,-3.97052 ,-3.5569305 ,0 ,Acc ,10
3dd9e578dace13af ,5751030250095086 ,-0.42729187 ,-1.851593 ,-2.869461 ,0 ,Acc ,10
3dd9e578dace13af ,5751030349484252 ,1.2794342 ,-0.29264832 ,-1.4328918 ,0 ,Acc ,10
3dd9e578dace13af ,5751030469567117 ,-2.8295288 ,3.15773 ,2.3991547 ,0 ,Acc ,10
3dd9e578dace13af ,5751030571702690 ,-1.37117 ,4.3362427 ,4.5122986 ,0 ,Acc ,10
3dd9e578dace13af ,5751030607870763 ,-9.643814 ,-1.5734406 ,-0.83154297 ,0 ,Acc ,9
3dd9e578dace13af ,5751030687074148 ,0.079956055 ,5.3710938 ,3.035797 ,0 ,Acc ,10
3dd9e578dace13af ,5751030787034565 ,-2.9428558 ,5.040451 ,0.39569092 ,0 ,Acc ,10
3dd9e578dace13af ,5751030890774408 ,1.4192505 ,0.9743042 ,-0.43147278 ,0 ,Acc ,10
3dd9e578dace13af ,5751030990499565 ,-1.1791687 ,-1.6802979 ,-3.6349945 ,0 ,Acc ,10
3dd9e578dace13af ,5751031110562117 ,-2.7559662 ,-2.9465485 ,-4.2790527 ,0 ,Acc ,10
3dd9e578dace13af ,5751031211478888 ,-3.220398 ,-3.9944305 ,-3.5906525 ,0 ,Acc ,10
3dd9e578dace13af ,5751031331456700 ,-1.6375427 ,-2.0269623 ,-2.883728 ,0 ,Acc ,10
3dd9e578dace13af ,5751031430400658 ,2.321701 ,-0.66915894 ,-1.0048981 ,0 ,Acc ,10
3dd9e578dace13af ,5751031530882950 ,-2.5438995 ,2.2065582 ,2.2516327 ,0 ,Acc ,10
3dd9e578dace13af ,5751031630797325 ,-2.2948914 ,5.0317535 ,6.3306274 ,0 ,Acc ,10
3dd9e578dace13af ,5751031731968523 ,-3.5325623 ,6.080002 ,4.714203 ,0 ,Acc ,10
3dd9e578dace13af ,5751031849622325 ,-1.4335785 ,4.304718 ,0.9927521 ,0 ,Acc ,10
3dd9e578dace13af ,5751031951575085 ,-1.1929626 ,1.3435364 ,-1.6470032 ,0 ,Acc ,10
3dd9e578dace13af ,5751032052268679 ,-0.7514496 ,-0.9307556 ,-2.6770172 ,0 ,Acc ,10
3dd9e578dace13af ,5751032173484721 ,-3.7873993 ,-3.7112732 ,-4.8932953 ,0 ,Acc ,10
3dd9e578dace13af ,5751032291386023 ,-3.2161102 ,-4.583481 ,-4.740265 ,0 ,Acc ,10
3dd9e578dace13af ,5751032392009929 ,-2.541031 ,-2.6501617 ,-3.5019531 ,0 ,Acc ,10
3dd9e578dace13af ,5751032830022949 ,-0.81492615 ,4.5417786 ,3.4251862 ,0 ,Acc ,10
3dd9e578dace13af ,5751032930960137 ,1.0002289 ,4.286209 ,1.6352386 ,0 ,Acc ,10
3dd9e578dace13af ,5751033051175762 ,-1.416748 ,1.9840546 ,-0.97058105 ,0 ,Acc ,10
3dd9e578dace13af ,5751033151394824 ,0.0099487305 ,-0.37626648 ,-2.2189178 ,0 ,Acc ,10
3dd9e578dace13af ,5751033253590970 ,-2.3056793 ,-1.9618225 ,-4.8917847 ,0 ,Acc ,10
3dd9e578dace13af ,5751033371988314 ,-0.63067627 ,-1.4785767 ,-2.9944458 ,0 ,Acc ,10
3dd9e578dace13af ,5751033491277220 ,1.9476166 ,-0.22799683 ,-1.0305786 ,0 ,Acc ,10
3dd9e578dace13af ,5751033590696335 ,-1.5899353 ,1.5989227 ,0.87446594 ,0 ,Acc ,10
3dd9e578dace13af ,5751033610960501 ,-8.946121 ,1.7465668 ,3.6175537 ,0 ,Acc ,9
3dd9e578dace13af ,5751033709758053 ,0.22817993 ,1.8872833 ,-0.12849426 ,0 ,Acc ,10
3dd9e578dace13af ,5751033811668262 ,-0.5616913 ,3.1129456 ,0.27122498 ,0 ,Acc ,10
3dd9e578dace13af ,5751033932976230 ,-0.11564636 ,3.806305 ,-0.5113983 ,0 ,Acc ,10
3dd9e578dace13af ,5751034055556959 ,0.023742676 ,4.732193 ,-2.086792 ,0 ,Acc ,10
3dd9e578dace13af ,5751034175605918 ,-0.85009766 ,7.8784943 ,-0.9084778 ,0 ,Acc ,10
3dd9e578dace13af ,5751034294434303 ,-0.53948975 ,7.854721 ,-0.4189453 ,0 ,Acc ,10
3dd9e578dace13af ,5751034394217636 ,-1.5035095 ,5.8752136 ,-1.3496552 ,0 ,Acc ,10
3dd9e578dace13af ,5751034495024511 ,-0.79478455 ,1.8319855 ,-3.4434662 ,0 ,Acc ,10
3dd9e578dace13af ,5751034611276126 ,-3.9985962 ,-4.276947 ,-4.126831 ,0 ,Acc ,10
3dd9e578dace13af ,5751034711802636 ,-0.7961273 ,-5.7539063 ,-3.3403625 ,0 ,Acc ,10
3dd9e578dace13af ,5751034815304355 ,1.7240295 ,-4.5305023 ,-2.5803528 ,0 ,Acc ,10
3dd9e578dace13af ,5751034914737219 ,-0.4586792 ,0.72854614 ,2.61055 ,0 ,Acc ,10
3dd9e578dace13af ,5751035015435917 ,-3.8069916 ,3.322754 ,4.9198456 ,0 ,Acc ,10
3dd9e578dace13af ,5751035114914615 ,-1.8888702 ,6.6301727 ,8.17485 ,0 ,Acc ,10
3dd9e578dace13af ,5751035215850240 ,-2.4260712 ,6.9548798 ,6.9135437 ,0 ,Acc ,10
3dd9e578dace13af ,5751035315228105 ,-8.374634 ,6.339905 ,0.48231506 ,0 ,Acc ,10
3dd9e578dace13af ,5751035415919928 ,-0.84436035 ,0.8787079 ,-2.8649597 ,0 ,Acc ,10
3dd9e578dace13af ,5751035536144615 ,-4.745575 ,-1.3164215 ,-5.5192566 ,0 ,Acc ,10
3dd9e578dace13af ,5751035652502115 ,-1.9287567 ,-3.6947937 ,-5.974472 ,0 ,Acc ,10
3dd9e578dace13af ,5751035753700709 ,-1.2199707 ,-4.437134 ,-5.628174 ,0 ,Acc ,10
3dd9e578dace13af ,5751035855861073 ,-4.160675 ,-1.733017 ,-4.1845093 ,0 ,Acc ,10
3dd9e578dace13af ,5751035955885709 ,-0.15730286 ,-0.5220947 ,-0.5017853 ,0 ,Acc ,10
3dd9e578dace13af ,5751036076003677 ,-2.6383667 ,1.1085358 ,3.452118 ,0 ,Acc ,10
3dd9e578dace13af ,5751036175296490 ,-3.7370605 ,4.6546783 ,7.154953 ,0 ,Acc ,10
3dd9e578dace13af ,5751036275512271 ,0.24365234 ,4.1020813 ,6.6157074 ,0 ,Acc ,10
3dd9e578dace13af ,5751036377994094 ,-3.3140106 ,4.8433533 ,3.5668793 ,0 ,Acc ,10
3dd9e578dace13af ,5751036497195865 ,-1.9245758 ,2.1762085 ,-1.5201263 ,0 ,Acc ,10
3dd9e578dace13af ,5751036617088625 ,-8.088058 ,3.8507843 ,3.9906006 ,0 ,Acc ,9
3dd9e578dace13af ,5751036615439510 ,-0.09373474 ,-3.1208801 ,-4.177353 ,0 ,Acc ,10
3dd9e578dace13af ,5751036733598833 ,-3.6158447 ,-5.311325 ,-6.304016 ,0 ,Acc ,10
3dd9e578dace13af ,5751036835778052 ,-4.9004974 ,-3.1452484 ,-4.7821655 ,0 ,Acc ,10
3dd9e578dace13af ,5751036953475396 ,-4.331711 ,0.21365356 ,-2.0276031 ,0 ,Acc ,10
3dd9e578dace13af ,5751037057771385 ,3.4201965 ,-0.24523926 ,0.39349365 ,0 ,Acc ,10
3dd9e578dace13af ,5751037157103052 ,0.65101624 ,2.245987 ,3.2629547 ,0 ,Acc ,10
3dd9e578dace13af ,5751037276203208 ,-2.4997253 ,4.402939 ,7.3748474 ,0 ,Acc ,10
3dd9e578dace13af ,5751037378076906 ,-2.3278046 ,3.8875427 ,4.5151978 ,0 ,Acc ,10
3dd9e578dace13af ,5751037497849666 ,-3.155304 ,3.4519348 ,1.8491058 ,0 ,Acc ,10
3dd9e578dace13af ,5751037615674354 ,-0.19741821 ,-0.8457031 ,-1.4565735 ,0 ,Acc ,10
3dd9e578dace13af ,5751037738279250 ,-0.25135803 ,-3.1111755 ,-2.5598145 ,0 ,Acc ,10
3dd9e578dace13af ,5751037858317948 ,-3.2085266 ,-4.940872 ,-3.4733734 ,0 ,Acc ,10
3dd9e578dace13af ,5751037979719875 ,-4.6892853 ,-3.568634 ,-5.156021 ,0 ,Acc ,10
3dd9e578dace13af ,5751038096951072 ,-0.824234 ,-1.6868591 ,-2.1990814 ,0 ,Acc ,10
3dd9e578dace13af ,5751038216990916 ,0.7331085 ,0.09806824 ,0.84698486 ,0 ,Acc ,10
3dd9e578dace13af ,5751038318385031 ,-3.7443085 ,3.87117 ,4.9740906 ,0 ,Acc ,10
3dd9e578dace13af ,5751038437366854 ,-0.7635193 ,4.2820435 ,5.293335 ,0 ,Acc ,10
3dd9e578dace13af ,5751038556502687 ,-1.4686584 ,5.5702667 ,3.0066528 ,0 ,Acc ,10
3dd9e578dace13af ,5751038659522426 ,-3.0899963 ,1.5015106 ,-0.8396301 ,0 ,Acc ,10
3dd9e578dace13af ,5751038776660655 ,0.9832611 ,-1.9503632 ,-2.6130981 ,0 ,Acc ,10
3dd9e578dace13af ,5751038899721593 ,-4.8687897 ,-3.6478577 ,-5.9134064 ,0 ,Acc ,10
3dd9e578dace13af ,5751038998845707 ,-2.0997314 ,-4.377289 ,-4.1030884 ,0 ,Acc ,10
3dd9e578dace13af ,5751039119287635 ,-4.483917 ,-2.686966 ,-3.5700989 ,0 ,Acc ,10
3dd9e578dace13af ,5751039220126853 ,1.6130829 ,-0.3742218 ,-0.082107544 ,0 ,Acc ,10
3dd9e578dace13af ,5751039340161228 ,-2.3608704 ,2.1636353 ,1.701355 ,0 ,Acc ,10
3dd9e578dace13af ,5751039458584405 ,-2.6016388 ,4.4162445 ,6.84227 ,0 ,Acc ,10
3dd9e578dace13af ,5751039559731541 ,-4.180252 ,3.278717 ,6.661148 ,0 ,Acc ,10
3dd9e578dace13af ,5751039618566749 ,-9.439316 ,-1.4155121 ,-2.2507477 ,0 ,Acc ,9
3dd9e578dace13af ,5751039676954509 ,-2.9810944 ,4.378357 ,3.4978027 ,0 ,Acc ,10
3dd9e578dace13af ,5751039777854718 ,1.7670746 ,-0.013977051 ,-1.0444794 ,0 ,Acc ,10
3dd9e578dace13af ,5751039900762999 ,-1.5873718 ,-1.5610352 ,-3.4022064 ,0 ,Acc ,10
3dd9e578dace13af ,5751040020946905 ,-3.3948822 ,-3.659027 ,-5.1306763 ,0 ,Acc ,10
3dd9e578dace13af ,5751040137225134 ,-3.717041 ,-4.6959686 ,-4.819626 ,0 ,Acc ,10
3dd9e578dace13af ,5751040239496332 ,-2.5749207 ,-1.4243317 ,-1.693512 ,0 ,Acc ,10
3dd9e578dace13af ,5751040341365186 ,3.3916779 ,-0.78067017 ,1.8582611 ,0 ,Acc ,10
3dd9e578dace13af ,5751040460074717 ,-4.09523 ,4.9662323 ,4.7499084 ,0 ,Acc ,10
3dd9e578dace13af ,5751040560474874 ,-1.456955 ,5.8324127 ,6.605255 ,0 ,Acc ,10
3dd9e578dace13af ,5751040661664249 ,-2.3101654 ,4.8196106 ,3.9166718 ,0 ,Acc ,10
3dd9e578dace13af ,5751040761113519 ,-4.073715 ,4.7440796 ,1.1613617 ,0 ,Acc ,10
3dd9e578dace13af ,5751040880523728 ,0.5511017 ,-0.5248871 ,-1.300705 ,0 ,Acc ,10
3dd9e578dace13af ,5751040981134665 ,-2.3943176 ,-2.1853943 ,-3.3308563 ,0 ,Acc ,10
3dd9e578dace13af ,5751041081370707 ,-4.058716 ,-5.4347687 ,-4.9091034 ,0 ,Acc ,10
3dd9e578dace13af ,5751041183216019 ,-4.761566 ,-5.6950226 ,-5.0765076 ,0 ,Acc ,10
3dd9e578dace13af ,5751041302376800 ,-2.5500946 ,-2.0580597 ,-2.470398 ,0 ,Acc ,10
3dd9e578dace13af ,5751041421249613 ,3.1434174 ,-0.36943054 ,1.0723572 ,0 ,Acc ,10
3dd9e578dace13af ,5751041538723102 ,-4.0840607 ,4.5017242 ,4.271118 ,0 ,Acc ,10
3dd9e578dace13af ,5751041642017373 ,-1.6419373 ,7.272766 ,6.166214 ,0 ,Acc ,10
3dd9e578dace13af ,5751041760981748 ,0.22502136 ,4.601639 ,2.6743317 ,0 ,Acc ,10
3dd9e578dace13af ,5751041863003623 ,-3.0707397 ,3.0631409 ,0.12426758 ,0 ,Acc ,10
3dd9e578dace13af ,5751041981076748 ,0.531662 ,-1.1958923 ,-1.4376678 ,0 ,Acc ,10
3dd9e578dace13af ,5751042100822998 ,-6.207947 ,-3.9055023 ,-4.1641235 ,0 ,Acc ,10
3dd9e578dace13af ,5751042223241800 ,-4.847946 ,-6.069824 ,-4.4480286 ,0 ,Acc ,10
3dd9e578dace13af ,5751042341300810 ,-3.8952637 ,-2.675415 ,-2.2512207 ,0 ,Acc ,10
3dd9e578dace13af ,5751042443244352 ,3.7030334 ,0.08198547 ,1.1295776 ,0 ,Acc ,10
3dd9e578dace13af ,5751042563119769 ,-3.460968 ,2.2259827 ,4.2747498 ,0 ,Acc ,10
3dd9e578dace13af ,5751042620377164 ,-9.548004 ,-1.5091553 ,-1.6517487 ,0 ,Acc ,9
3dd9e578dace13af ,5751042680705081 ,-1.5453186 ,6.2841034 ,7.062256 ,0 ,Acc ,10
3dd9e578dace13af ,5751042782852321 ,-2.1935577 ,6.6313324 ,5.299118 ,0 ,Acc ,10
3dd9e578dace13af ,5751042904114821 ,-5.296814 ,3.989563 ,-0.21549988 ,0 ,Acc ,10
3dd9e578dace13af ,5751043023622112 ,-0.26281738 ,-1.7174377 ,-1.86409 ,0 ,Acc ,10
3dd9e578dace13af ,5751043141622789 ,-4.1656036 ,-4.7987213 ,-4.813843 ,0 ,Acc ,10
3dd9e578dace13af ,5751043262271018 ,-2.4839935 ,-5.3828278 ,-3.814911 ,0 ,Acc ,10
3dd9e578dace13af ,5751043385590966 ,-4.1493073 ,-1.9199371 ,-2.6099243 ,0 ,Acc ,10
3dd9e578dace13af ,5751043502295497 ,1.6945496 ,-0.8085785 ,0.26055908 ,0 ,Acc ,10
3dd9e578dace13af ,5751043601638102 ,-0.5536499 ,1.7002258 ,2.7763214 ,0 ,Acc ,10
3dd9e578dace13af ,5751043704962372 ,-2.2849274 ,6.6401215 ,7.329376 ,0 ,Acc ,10
3dd9e578dace13af ,5751043825094820 ,-3.2707977 ,5.2938843 ,5.2616577 ,0 ,Acc ,10
3dd9e578dace13af ,5751043944603049 ,-3.1465607 ,4.037079 ,1.1616058 ,0 ,Acc ,10
3dd9e578dace13af ,5751044041983362 ,-0.29518127 ,-0.9539337 ,-1.6725616 ,0 ,Acc ,10
3dd9e578dace13af ,5751044145322997 ,0.1925354 ,-2.7245026 ,-3.1701813 ,0 ,Acc ,10
3dd9e578dace13af ,5751044264702893 ,-3.9474945 ,-4.5956726 ,-4.9054565 ,0 ,Acc ,10
3dd9e578dace13af ,5751044386383049 ,-4.9905243 ,-4.7259674 ,-3.1739044 ,0 ,Acc ,10
3dd9e578dace13af ,5751044502029560 ,-2.4067535 ,-2.745758 ,-2.3266754 ,0 ,Acc ,10
3dd9e578dace13af ,5751044605210445 ,3.5946655 ,-1.424881 ,-0.20820618 ,0 ,Acc ,10
3dd9e578dace13af ,5751044705968257 ,-1.9766846 ,1.9400177 ,1.8330994 ,0 ,Acc ,10
3dd9e578dace13af ,5751044826057841 ,-2.5419464 ,5.675308 ,5.485367 ,0 ,Acc ,10
3dd9e578dace13af ,5751044925795705 ,-2.8603363 ,5.2111053 ,4.7036743 ,0 ,Acc ,10
3dd9e578dace13af ,5751045025854559 ,-0.17549133 ,4.9512634 ,2.3963928 ,0 ,Acc ,10
3dd9e578dace13af ,5751045125869768 ,-0.43432617 ,0.20742798 ,-1.3391266 ,0 ,Acc ,10
3dd9e578dace13af ,5751045226377007 ,1.4866943 ,-2.2597046 ,-1.4343262 ,0 ,Acc ,10
3dd9e578dace13af ,5751045345202788 ,-4.6688232 ,-3.517807 ,-2.7921295 ,0 ,Acc ,10
3dd9e578dace13af ,5751045446137476 ,-2.8010712 ,-4.170044 ,-2.7550812 ,0 ,Acc ,10
3dd9e578dace13af ,5751045546968361 ,-1.1260223 ,-2.2766418 ,-2.1366882 ,0 ,Acc ,10
3dd9e578dace13af ,5751045623782997 ,-9.026047 ,2.7918396 ,2.6279907 ,0 ,Acc ,9
3dd9e578dace13af ,5751045663213309 ,0.6301422 ,-1.6537933 ,-1.3137054 ,0 ,Acc ,10
3dd9e578dace13af ,5751045764223934 ,1.9388275 ,0.041427612 ,0.32904053 ,0 ,Acc ,10
3dd9e578dace13af ,5751045866315809 ,-2.3276215 ,1.5688019 ,3.231369 ,0 ,Acc ,10
3dd9e578dace13af ,5751045965855496 ,-1.997055 ,4.30838 ,6.3632965 ,0 ,Acc ,10
3dd9e578dace13af ,5751046067384611 ,-1.701355 ,3.4393463 ,6.0292206 ,0 ,Acc ,10
3dd9e578dace13af ,5751046184815757 ,-3.113327 ,2.71344 ,1.4340515 ,0 ,Acc ,10
3dd9e578dace13af ,5751046284800913 ,1.7272034 ,-0.5472107 ,-0.74557495 ,0 ,Acc ,10
3dd9e578dace13af ,5751046405762840 ,-2.5950317 ,-2.3882751 ,-2.7274323 ,0 ,Acc ,10
3dd9e578dace13af ,5751046507856173 ,-3.3952637 ,-3.157013 ,-3.2170258 ,0 ,Acc ,10
3dd9e578dace13af ,5751046607354559 ,-3.9384766 ,-4.936447 ,-4.381317 ,0 ,Acc ,10
3dd9e578dace13af ,5751046708146121 ,-2.006836 ,-3.4421997 ,-3.0769958 ,0 ,Acc ,10
3dd9e578dace13af ,5751046826377371 ,2.4994354 ,-1.1114807 ,-0.110198975 ,0 ,Acc ,10
3dd9e578dace13af ,5751046927772736 ,-3.4117126 ,2.3231812 ,2.8521729 ,0 ,Acc ,10
3dd9e578dace13af ,5751047028466850 ,-2.9568481 ,5.4791718 ,6.609894 ,0 ,Acc ,10
3dd9e578dace13af ,5751047148728517 ,-2.1095886 ,5.6890564 ,6.6409607 ,0 ,Acc ,10
3dd9e578dace13af ,5751047268135288 ,-2.8834686 ,4.002884 ,0.92489624 ,0 ,Acc ,10
3dd9e578dace13af ,5751047367871069 ,1.4693298 ,0.39863586 ,-0.44433594 ,0 ,Acc ,10
3dd9e578dace13af ,5751047468661642 ,-3.020279 ,-0.7475891 ,-2.5545807 ,0 ,Acc ,10
3dd9e578dace13af ,5751047568412006 ,-2.9313202 ,-4.2759247 ,-4.539688 ,0 ,Acc ,10
3dd9e578dace13af ,5751047669152423 ,-4.622406 ,-5.143387 ,-4.854843 ,0 ,Acc ,10
3dd9e578dace13af ,5751047788597944 ,-2.4761353 ,-3.607544 ,-3.7861633 ,0 ,Acc ,10
3dd9e578dace13af ,5751047888459350 ,3.192871 ,-0.65760803 ,0.21011353 ,0 ,Acc ,10
3dd9e578dace13af ,5751047990554714 ,-3.4272766 ,1.9417114 ,2.773346 ,0 ,Acc ,10
3dd9e578dace13af ,5751048105949714 ,-1.960083 ,4.4708405 ,7.009552 ,0 ,Acc ,10
3dd9e578dace13af ,5751048229818829 ,-3.6063538 ,5.9972687 ,6.015167 ,0 ,Acc ,10
3dd9e578dace13af ,5751048350045756 ,-1.9390259 ,4.1119537 ,1.5776367 ,0 ,Acc ,10
3dd9e578dace13af ,5751048469747996 ,1.0539551 ,-0.71562195 ,-0.8009491 ,0 ,Acc ,10
3dd9e578dace13af ,5751048588717683 ,-4.324173 ,-3.1901093 ,-3.7545776 ,0 ,Acc ,10
3dd9e578dace13af ,5751048629311537 ,-7.6137085 ,4.269104 ,4.4694824 ,0 ,Acc ,9
3dd9e578dace13af ,5751048706512006 ,-2.4907837 ,-4.043106 ,-3.2140198 ,0 ,Acc ,10
3dd9e578dace13af ,5751048809808829 ,-2.871109 ,-4.036209 ,-3.6636505 ,0 ,Acc ,10
3dd9e578dace13af ,5751048928468985 ,0.86447144 ,-2.37471 ,-1.0681152 ,0 ,Acc ,10
3dd9e578dace13af ,5751049030653985 ,0.26516724 ,-1.766449 ,-0.10649109 ,0 ,Acc ,10
3dd9e578dace13af ,5751049130120704 ,-4.0959473 ,3.7091827 ,3.7510834 ,0 ,Acc ,10
3dd9e578dace13af ,5751049247770131 ,-1.1660004 ,4.5370483 ,5.5336914 ,0 ,Acc ,10
3dd9e578dace13af ,5751049366677995 ,2.1172943 ,5.9911957 ,2.4936523 ,0 ,Acc ,10
3dd9e578dace13af ,5751049470338516 ,-2.3108978 ,3.6758575 ,-0.6929016 ,0 ,Acc ,10
3dd9e578dace13af ,5751049570583881 ,-0.36741638 ,-0.11376953 ,-0.40278625 ,0 ,Acc ,10
3dd9e578dace13af ,5751049687997370 ,-4.350479 ,-3.1252594 ,-3.026764 ,0 ,Acc ,10
3dd9e578dace13af ,5751049788674818 ,-3.6855927 ,-4.7436523 ,-4.082855 ,0 ,Acc ,10
3dd9e578dace13af ,5751049890571953 ,-2.3600159 ,-4.5134583 ,-3.4795532 ,0 ,Acc ,10
3dd9e578dace13af ,5751049992732943 ,0.20288086 ,-2.697937 ,-1.0427399 ,0 ,Acc ,10
3dd9e578dace13af ,5751050108131172 ,-0.57455444 ,-0.3807373 ,0.3277893 ,0 ,Acc ,10
3dd9e578dace13af ,5751050231024349 ,-2.557312 ,3.1304626 ,3.9225159 ,0 ,Acc ,10
3dd9e578dace13af ,5751050331108099 ,-1.5133514 ,1.8471832 ,4.64003 ,0 ,Acc ,10
3dd9e578dace13af ,5751050451555234 ,0.8652344 ,4.228882 ,2.6142426 ,0 ,Acc ,10
3dd9e578dace13af ,5751050552335443 ,0.9303436 ,1.6354523 ,0.55023193 ,0 ,Acc ,10
3dd9e578dace13af ,5751050672514349 ,1.6233063 ,-0.16012573 ,-0.59480286 ,0 ,Acc ,10
3dd9e578dace13af ,5751050790914297 ,-3.9882355 ,-0.7310028 ,-2.2842255 ,0 ,Acc ,10
3dd9e578dace13af ,5751050893850911 ,-5.170288 ,-3.057724 ,-3.2304535 ,0 ,Acc ,10
3dd9e578dace13af ,5751050993844765 ,-1.4499054 ,-4.3043213 ,-2.2785187 ,0 ,Acc ,10
3dd9e578dace13af ,5751051112430130 ,3.863266 ,-3.3171234 ,-0.89997864 ,0 ,Acc ,10
3dd9e578dace13af ,5751051214207630 ,-0.6096039 ,-0.49899292 ,0.1949768 ,0 ,Acc ,10
3dd9e578dace13af ,5751051329336276 ,-2.643036 ,2.4681854 ,4.461136 ,0 ,Acc ,10
3dd9e578dace13af ,5751051430850755 ,-3.9710846 ,2.3133087 ,3.5904999 ,0 ,Acc ,10
3dd9e578dace13af ,5751051533457317 ,1.8762512 ,4.2604065 ,2.3778076 ,0 ,Acc ,10
3dd9e578dace13af ,5751051633597682 ,1.7810974 ,2.2848663 ,0.7225342 ,0 ,Acc ,10
3dd9e578dace13af ,5751051635235026 ,-9.804886 ,-0.1663208 ,0.08190918 ,0 ,Acc ,9
3dd9e578dace13af ,5751051733394296 ,2.0947723 ,0.9671936 ,0.6595459 ,0 ,Acc ,10
3dd9e578dace13af ,5751051833659505 ,-4.0068054 ,-0.31748962 ,-0.721405 ,0 ,Acc ,10
3dd9e578dace13af ,5751051953471432 ,-2.8459778 ,-3.763855 ,-2.2165833 ,0 ,Acc ,10
3dd9e578dace13af ,5751052071453723 ,-1.1490784 ,-2.9754333 ,-1.7155457 ,0 ,Acc ,10
3dd9e578dace13af ,5751052171334296 ,2.385254 ,-4.1712646 ,-2.3298798 ,0 ,Acc ,10
3dd9e578dace13af ,5751052293633671 ,-0.08758545 ,-1.5422668 ,-1.0180969 ,0 ,Acc ,10
3dd9e578dace13af ,5751052410819088 ,-2.5458984 ,1.6439056 ,1.8989563 ,0 ,Acc ,10
3dd9e578dace13af ,5751052511755754 ,-2.5197144 ,0.3454895 ,2.7955322 ,0 ,Acc ,10
3dd9e578dace13af ,5751052613836119 ,-0.21206665 ,3.789383 ,3.5381165 ,0 ,Acc ,10
3dd9e578dace13af ,5751053171428150 ,-1.4727325 ,-5.0052185 ,-2.4167938 ,0 ,Acc ,10
3dd9e578dace13af ,5751053271492577 ,4.009308 ,-3.8715515 ,-1.7194672 ,0 ,Acc ,10
3dd9e578dace13af ,5751053371039608 ,1.8196411 ,-2.9517517 ,-1.9416199 ,0 ,Acc ,10
3dd9e578dace13af ,5751053475882889 ,-2.2383575 ,0.12660217 ,-0.31825256 ,0 ,Acc ,10
3dd9e578dace13af ,5751053592682837 ,-2.7358093 ,1.9747925 ,1.9837036 ,0 ,Acc ,10
3dd9e578dace13af ,5751053715934608 ,1.164032 ,2.3854828 ,2.8457794 ,0 ,Acc ,10
3dd9e578dace13af ,5751053834001431 ,1.7939758 ,0.75198364 ,1.4326477 ,0 ,Acc ,10
3dd9e578dace13af ,5751053935292941 ,3.3949432 ,1.7449493 ,1.6930237 ,0 ,Acc ,10
3dd9e578dace13af ,5751054036125546 ,0.5250244 ,2.5327454 ,2.0431519 ,0 ,Acc ,10
3dd9e578dace13af ,5751054155213306 ,-2.8528442 ,1.3184662 ,3.1241455 ,0 ,Acc ,10
3dd9e578dace13af ,5751054276054139 ,-1.9403229 ,-0.7992554 ,1.7973328 ,0 ,Acc ,10
3dd9e578dace13af ,5751054375700858 ,-1.039856 ,-2.0137787 ,-0.76812744 ,0 ,Acc ,10
3dd9e578dace13af ,5751054476480337 ,4.6532288 ,-4.5947723 ,-2.9582825 ,0 ,Acc ,10
3dd9e578dace13af ,5751054575970545 ,-0.20179749 ,-3.1417542 ,-2.6089172 ,0 ,Acc ,10
3dd9e578dace13af ,5751054652989399 ,-9.56395 ,1.9957275 ,0.84747314 ,0 ,Acc ,9
3dd9e578dace13af ,5751054692541535 ,-3.4498749 ,0.027236938 ,-0.0337677 ,0 ,Acc ,10
3dd9e578dace13af ,5751054798125910 ,-5.034195 ,0.5250244 ,0.02267456 ,0 ,Acc ,10
3dd9e578dace13af ,5751054915144243 ,-1.1805267 ,3.10318 ,2.715088 ,0 ,Acc ,10
3dd9e578dace13af ,5751055037114243 ,3.5025024 ,1.3569031 ,3.2655487 ,0 ,Acc ,10
3dd9e578dace13af ,5751055157365233 ,1.9843597 ,1.6524353 ,1.8195038 ,0 ,Acc ,10
3dd9e578dace13af ,5751055277490858 ,-3.0789642 ,3.3733063 ,0.93510437 ,0 ,Acc ,10
3dd9e578dace13af ,5751055394588462 ,-4.7433014 ,1.3288879 ,0.68611145 ,0 ,Acc ,10
3dd9e578dace13af ,5751055495729555 ,-1.3539886 ,-1.3121948 ,0.42636108 ,0 ,Acc ,10
3dd9e578dace13af ,5751055617038722 ,3.9307556 ,-2.1214142 ,-0.45202637 ,0 ,Acc ,10
3dd9e578dace13af ,5751055717885701 ,1.618103 ,-1.208725 ,-0.80973816 ,0 ,Acc ,10
3dd9e578dace13af ,5751055834203670 ,-2.8778076 ,-1.5666809 ,-2.1546936 ,0 ,Acc ,10
3dd9e578dace13af ,5751055937492680 ,-4.0991516 ,-0.71310425 ,-1.4551849 ,0 ,Acc ,10
3dd9e578dace13af ,5751056038105128 ,-1.7748413 ,1.3688812 ,1.0876312 ,0 ,Acc ,10
3dd9e578dace13af ,5751056137224347 ,1.4059753 ,2.3632507 ,2.4927979 ,0 ,Acc ,10
3dd9e578dace13af ,5751056257354451 ,2.6516876 ,3.417328 ,2.7194672 ,0 ,Acc ,10
3dd9e578dace13af ,5751056358702368 ,-1.0321045 ,5.0953827 ,2.0990295 ,0 ,Acc ,10
3dd9e578dace13af ,5751056478371951 ,-2.2760773 ,2.683487 ,1.0024872 ,0 ,Acc ,10
3dd9e578dace13af ,5751056578084867 ,-2.4916382 ,0.10493469 ,0.33724976 ,0 ,Acc ,10
3dd9e578dace13af ,5751056678944503 ,-2.4382935 ,-3.3765411 ,-0.35487366 ,0 ,Acc ,10
3dd9e578dace13af ,5751056798468930 ,1.0989838 ,-6.293091 ,-2.224701 ,0 ,Acc ,10
3dd9e578dace13af ,5751056916702159 ,-1.0962067 ,-4.4786835 ,-2.1807098 ,0 ,Acc ,10
3dd9e578dace13af ,5751057016214138 ,-3.7711334 ,-0.9488373 ,-1.0786743 ,0 ,Acc ,10
3dd9e578dace13af ,5751057115634034 ,-3.389389 ,2.137329 ,0.49349976 ,0 ,Acc ,10
3dd9e578dace13af ,5751057218645805 ,-0.85317993 ,2.6772766 ,0.17199707 ,0 ,Acc ,10
3dd9e578dace13af ,5751057319719294 ,0.8082733 ,2.737442 ,0.7529907 ,0 ,Acc ,10
3dd9e578dace13af ,5751057435912003 ,3.5161285 ,2.6086884 ,1.6122894 ,0 ,Acc ,10
3dd9e578dace13af ,5751057535375961 ,-0.22904968 ,3.5555878 ,1.791748 ,0 ,Acc ,10
3dd9e578dace13af ,5751057639657836 ,-1.9719849 ,4.5783997 ,2.147812 ,0 ,Acc ,10
3dd9e578dace13af ,5751057656553305 ,-9.575134 ,-1.4086761 ,-1.5819855 ,0 ,Acc ,9
3dd9e578dace13af ,5751057737835596 ,-4.596039 ,3.320053 ,1.033371 ,0 ,Acc ,10
3dd9e578dace13af ,5751058057371534 ,-0.6275635 ,-0.9588928 ,-5.3224335 ,0 ,Acc ,10
3dd9e578dace13af ,5751058158051429 ,-0.7059021 ,-1.7598877 ,-3.4580536 ,0 ,Acc ,10
3dd9e578dace13af ,5751058277773200 ,-0.69132996 ,-2.0998383 ,-0.50549316 ,0 ,Acc ,10
3dd9e578dace13af ,5751058379677002 ,-0.46318054 ,-1.8167114 ,0.87739563 ,0 ,Acc ,10
3dd9e578dace13af ,5751058480841169 ,0.34597778 ,0.69351196 ,-1.4522247 ,0 ,Acc ,10
3dd9e578dace13af ,5751058600669294 ,1.8385162 ,1.6874847 ,-1.0352936 ,0 ,Acc ,10
3dd9e578dace13af ,5751058720717627 ,2.8486328 ,3.3218384 ,2.233963 ,0 ,Acc ,10
3dd9e578dace13af ,5751058820564346 ,-0.8307953 ,4.1617584 ,3.328949 ,0 ,Acc ,10
3dd9e578dace13af ,5751058919039762 ,-1.9040527 ,2.6562042 ,1.9682617 ,0 ,Acc ,10
3dd9e578dace13af ,5751059022961898 ,-3.0986328 ,-0.03677368 ,-0.3927765 ,0 ,Acc ,10
3dd9e578dace13af ,5751059140908512 ,-0.07223511 ,-0.25689697 ,-1.1330414 ,0 ,Acc ,10
3dd9e578dace13af ,5751059240791689 ,-0.04588318 ,-1.6755066 ,-3.3165283 ,0 ,Acc ,10
3dd9e578dace13af ,5751059360794241 ,0.5710449 ,-2.2487335 ,-4.5189667 ,0 ,Acc ,10
3dd9e578dace13af ,5751059461252471 ,-0.12989807 ,-2.8178253 ,-5.1161957 ,0 ,Acc ,10
3dd9e578dace13af ,5751059562105648 ,-0.4504547 ,-1.625824 ,-2.9953918 ,0 ,Acc ,10
3dd9e578dace13af ,5751059682160335 ,-1.1771088 ,-0.2939911 ,-1.5733032 ,0 ,Acc ,10
3dd9e578dace13af ,5751059803355960 ,-1.7410736 ,-0.025558472 ,-2.6913147 ,0 ,Acc ,10
3dd9e578dace13af ,5751059921256793 ,0.78308105 ,0.39968872 ,-2.809967 ,0 ,Acc ,10
3dd9e578dace13af ,5751060021965179 ,-0.21063232 ,1.2870941 ,-2.351593 ,0 ,Acc ,10
3dd9e578dace13af ,5751060122713304 ,-0.17608643 ,1.6157532 ,-1.8554535 ,0 ,Acc ,10
3dd9e578dace13af ,5751060218358251 ,-1.1414185 ,1.6366119 ,-2.1353912 ,0 ,Acc ,10
3dd9e578dace13af ,5751060338515022 ,-0.42834473 ,0.84080505 ,-1.1624451 ,0 ,Acc ,10
3dd9e578dace13af ,5751060440421949 ,0.4723053 ,-1.5202637 ,-2.2833557 ,0 ,Acc ,10
3dd9e578dace13af ,5751060542177731 ,-0.054611206 ,-0.80511475 ,-2.6351318 ,0 ,Acc ,10
3dd9e578dace13af ,5751060662016480 ,-9.097717 ,0.2312622 ,3.653534 ,0 ,Acc ,9
3dd9e578dace13af ,5751060661469397 ,-0.894104 ,-1.1868744 ,-3.4236908 ,0 ,Acc ,10
3dd9e578dace13af ,5751060760996064 ,0.3201294 ,-0.57684326 ,-2.6159363 ,0 ,Acc ,10
3dd9e578dace13af ,5751060866047053 ,-0.5986023 ,0.36306763 ,-2.1390991 ,0 ,Acc ,10
3dd9e578dace13af ,5751060981473512 ,-1.4187012 ,0.77305603 ,-1.6140289 ,0 ,Acc ,10
3dd9e578dace13af ,5751061081311168 ,0.47190857 ,0.9009247 ,-2.4567719 ,0 ,Acc ,10
3dd9e578dace13af ,5751061182497939 ,-0.5143585 ,1.4761963 ,-2.6901855 ,0 ,Acc ,10
3dd9e578dace13af ,5751061283620022 ,0.0839386 ,1.8372955 ,-2.0391693 ,0 ,Acc ,10
3dd9e578dace13af ,5751061402047574 ,-0.111968994 ,0.8756714 ,-2.0796661 ,0 ,Acc ,10
3dd9e578dace13af ,5751061524191897 ,-0.60865784 ,0.51945496 ,-1.6496277 ,0 ,Acc ,10
3dd9e578dace13af ,5751061644418459 ,-1.0261841 ,0.31980896 ,-1.2331696 ,0 ,Acc ,10
3dd9e578dace13af ,5751061761497105 ,0.13825989 ,0.30397034 ,-0.75964355 ,0 ,Acc ,10
3dd9e578dace13af ,5751061881963459 ,-0.5567932 ,0.3990631 ,-1.0443268 ,0 ,Acc ,10
3dd9e578dace13af ,5751061983964970 ,0.16668701 ,0.52841187 ,-0.5738678 ,0 ,Acc ,10
3dd9e578dace13af ,5751062104183667 ,-0.15409851 ,0.36538696 ,-0.31507874 ,0 ,Acc ,10
3dd9e578dace13af ,5751062223655907 ,0.027999878 ,0.32598877 ,-0.3259735 ,0 ,Acc ,10
3dd9e578dace13af ,5751062322813407 ,-0.01574707 ,0.58314514 ,-0.19683838 ,0 ,Acc ,10
3dd9e578dace13af ,5751062445287105 ,-0.0032653809 ,0.4251709 ,-0.22384644 ,0 ,Acc ,10
3dd9e578dace13af ,5751062565328876 ,-0.07952881 ,0.32589722 ,-0.20219421 ,0 ,Acc ,10
3dd9e578dace13af ,5751062685817313 ,-0.02848816 ,0.15237427 ,-0.2701416 ,0 ,Acc ,10
3dd9e578dace13af ,5751062803831584 ,-0.023925781 ,0.2889557 ,-0.22953796 ,0 ,Acc ,10
3dd9e578dace13af ,5751062923066532 ,-0.031585693 ,0.19927979 ,-0.17739868 ,0 ,Acc ,10
3dd9e578dace13af ,5751063045905282 ,-0.12275696 ,0.09820557 ,-0.17857361 ,0 ,Acc ,10
3dd9e578dace13af ,5751063165292990 ,0.006164551 ,0.036865234 ,-0.050369263 ,0 ,Acc ,10
3dd9e578dace13af ,5751063265422573 ,-0.064468384 ,0.21435547 ,-0.016601563 ,0 ,Acc ,10
3dd9e578dace13af ,5751063366223354 ,-0.019332886 ,0.20986938 ,-0.107925415 ,0 ,Acc ,10
3dd9e578dace13af ,5751063485358459 ,-0.025482178 ,0.1375122 ,-0.16609192 ,0 ,Acc ,10
3dd9e578dace13af ,5751063584925959 ,0.0039978027 ,0.03591919 ,-0.105148315 ,0 ,Acc ,10
3dd9e578dace13af ,5751063663980438 ,-9.71666 ,0.65849304 ,1.1502533 ,0 ,Acc ,9
3dd9e578dace13af ,5751063702227781 ,-0.020080566 ,0.20515442 ,-0.06929016 ,0 ,Acc ,10
3dd9e578dace13af ,5751063806588094 ,-0.066848755 ,0.1547699 ,-0.02482605 ,0 ,Acc ,10
3dd9e578dace13af ,5751063926354604 ,-0.08584595 ,0.06391907 ,0.029052734 ,0 ,Acc ,10
3dd9e578dace13af ,5751064043365958 ,-0.07775879 ,0.088150024 ,-0.046051025 ,0 ,Acc ,10
3dd9e578dace13af ,5751064146114187 ,-0.054733276 ,0.13656616 ,-0.097839355 ,0 ,Acc ,10
