3dd9e578dace13af ,5748375121834511 ,-1.7162933 ,-8.571121 ,-4.445282 ,0 ,Acc ,9
3dd9e578dace13af ,5748378137686697 ,-0.3822174 ,0.14448547 ,-2.701828 ,0 ,Acc ,10
3dd9e578dace13af ,5748378139298364 ,-0.8978882 ,-1.4596863 ,9.655746 ,0 ,Acc ,9
3dd9e578dace13af ,5748378440727739 ,1.0503387 ,-2.6987457 ,9.369293 ,0 ,Acc ,9
3dd9e578dace13af ,5748378541683520 ,0.87338257 ,-3.213501 ,9.223923 ,0 ,Acc ,9
3dd9e578dace13af ,5748378657386333 ,1.2101593 ,-3.322174 ,9.147064 ,0 ,Acc ,9
3dd9e578dace13af ,5748378758903885 ,1.3539734 ,-3.2144318 ,9.16539 ,0 ,Acc ,9
3dd9e578dace13af ,5748378862620187 ,1.534317 ,-2.9700012 ,9.219284 ,0 ,Acc ,9
3dd9e578dace13af ,5748378982492843 ,1.4976196 ,-3.1392822 ,9.169083 ,0 ,Acc ,9
3dd9e578dace13af ,5748379098834197 ,1.5133209 ,-3.1657715 ,9.157394 ,0 ,Acc ,9
3dd9e578dace13af ,5748379138679093 ,0.101257324 ,0.14978027 ,-0.48132324 ,3 ,Acc ,15
3dd9e578dace13af ,5748379243180707 ,0.091430664 ,0.15124512 ,-0.48059082 ,3 ,Acc ,15
3dd9e578dace13af ,5748379344847895 ,0.088378906 ,0.15246582 ,-0.48101807 ,3 ,Acc ,15
3dd9e578dace13af ,5748379459195551 ,0.084228516 ,0.15161133 ,-0.48114014 ,3 ,Acc ,15
3dd9e578dace13af ,5748379562190134 ,0.07940674 ,0.15112305 ,-0.4810791 ,3 ,Acc ,15
3dd9e578dace13af ,5748379663158624 ,0.07800293 ,0.15185547 ,-0.48083496 ,3 ,Acc ,15
3dd9e578dace13af ,5748379763712634 ,0.07647705 ,0.15203857 ,-0.48101807 ,3 ,Acc ,15
3dd9e578dace13af ,5748379863238780 ,0.07476807 ,0.15167236 ,-0.4814453 ,3 ,Acc ,15
3dd9e578dace13af ,5748379965035863 ,0.07489014 ,0.15167236 ,-0.4814453 ,3 ,Acc ,15
3dd9e578dace13af ,5748380065724717 ,0.07598877 ,0.15216064 ,-0.4812622 ,3 ,Acc ,15
3dd9e578dace13af ,5748380185765290 ,0.07763672 ,0.15167236 ,-0.48101807 ,3 ,Acc ,15
3dd9e578dace13af ,5748380304661957 ,0.07763672 ,0.15136719 ,-0.48242188 ,3 ,Acc ,15
3dd9e578dace13af ,5748380422898988 ,0.078430176 ,0.15319824 ,-0.48101807 ,3 ,Acc ,15
3dd9e578dace13af ,5748380524140290 ,0.07940674 ,0.15545654 ,-0.47961426 ,3 ,Acc ,15
3dd9e578dace13af ,5748380626195759 ,0.07928467 ,0.1550293 ,-0.48101807 ,3 ,Acc ,15
3dd9e578dace13af ,5748380744744561 ,0.0793457 ,0.15258789 ,-0.4779663 ,3 ,Acc ,15
3dd9e578dace13af ,5748380863871123 ,0.07891846 ,0.1529541 ,-0.4769287 ,3 ,Acc ,15
3dd9e578dace13af ,5748380966232321 ,0.07946777 ,0.15478516 ,-0.47705078 ,3 ,Acc ,15
3dd9e578dace13af ,5748381084990290 ,0.0814209 ,0.15661621 ,-0.4755249 ,3 ,Acc ,15
3dd9e578dace13af ,5748381145313519 ,0.035046387 ,-0.008496094 ,0.1263794 ,3 ,Acc ,4
3dd9e578dace13af ,5748381202945082 ,0.07977295 ,0.15515137 ,-0.47735596 ,3 ,Acc ,15
3dd9e578dace13af ,5748381304793988 ,0.082336426 ,0.15753174 ,-0.47698975 ,3 ,Acc ,15
3dd9e578dace13af ,5748381421301592 ,0.08282471 ,0.15716553 ,-0.4761963 ,3 ,Acc ,15
3dd9e578dace13af ,5748381521726800 ,0.08215332 ,0.15551758 ,-0.47546387 ,3 ,Acc ,15
3dd9e578dace13af ,5748381627289404 ,0.082336426 ,0.15631104 ,-0.4758911 ,3 ,Acc ,15
3dd9e578dace13af ,5748381743088831 ,0.08306885 ,0.15716553 ,-0.47503662 ,3 ,Acc ,15
3dd9e578dace13af ,5748381864982998 ,0.08325195 ,0.15753174 ,-0.47442627 ,3 ,Acc ,15
3dd9e578dace13af ,5748381965606383 ,0.0826416 ,0.15789795 ,-0.47424316 ,3 ,Acc ,15
3dd9e578dace13af ,5748382087469404 ,0.08306885 ,0.15814209 ,-0.47399902 ,3 ,Acc ,15
3dd9e578dace13af ,5748382101209196 ,1.9023438 ,-2.8779907 ,9.179779 ,0 ,Acc ,9
3dd9e578dace13af ,5748382205862217 ,0.08288574 ,0.15808105 ,-0.47381592 ,3 ,Acc ,15
3dd9e578dace13af ,5748382306829352 ,0.08288574 ,0.15820313 ,-0.4730835 ,3 ,Acc ,15
3dd9e578dace13af ,5748382428138571 ,0.08276367 ,0.15814209 ,-0.47314453 ,3 ,Acc ,15
3dd9e578dace13af ,5748382529373206 ,0.08258057 ,0.15820313 ,-0.4729004 ,3 ,Acc ,15
3dd9e578dace13af ,5748382645301644 ,0.08288574 ,0.1583252 ,-0.47283936 ,3 ,Acc ,15
3dd9e578dace13af ,5748382748678883 ,0.08270264 ,0.15838623 ,-0.47283936 ,3 ,Acc ,15
3dd9e578dace13af ,5748382848100289 ,0.0826416 ,0.15838623 ,-0.4729004 ,3 ,Acc ,15
3dd9e578dace13af ,5748382948773154 ,0.083984375 ,0.15783691 ,-0.47265625 ,3 ,Acc ,15
3dd9e578dace13af ,5748383048817841 ,0.083740234 ,0.1564331 ,-0.4718628 ,3 ,Acc ,15
3dd9e578dace13af ,5748383167758102 ,0.08673096 ,0.15582275 ,-0.47180176 ,3 ,Acc ,15
3dd9e578dace13af ,5748383269095237 ,0.089416504 ,0.15533447 ,-0.47149658 ,3 ,Acc ,15
3dd9e578dace13af ,5748383383322320 ,0.09515381 ,0.15545654 ,-0.4697876 ,3 ,Acc ,15
3dd9e578dace13af ,5748383487152112 ,0.1003418 ,0.15393066 ,-0.47027588 ,3 ,Acc ,15
3dd9e578dace13af ,5748383589495601 ,0.107177734 ,0.15148926 ,-0.4697876 ,3 ,Acc ,15
3dd9e578dace13af ,5748383704686070 ,0.11834717 ,0.14813232 ,-0.46728516 ,3 ,Acc ,15
3dd9e578dace13af ,5748383805240914 ,0.1272583 ,0.1472168 ,-0.4678955 ,3 ,Acc ,15
3dd9e578dace13af ,5748383929073674 ,0.13323975 ,0.14703369 ,-0.47039795 ,3 ,Acc ,15
3dd9e578dace13af ,5748384048404039 ,0.137146 ,0.14782715 ,-0.47210693 ,3 ,Acc ,15
3dd9e578dace13af ,5748384150063987 ,0.1383667 ,0.1463623 ,-0.47314453 ,3 ,Acc ,15
3dd9e578dace13af ,5748384150775497 ,0.0021240234 ,0.004248047 ,0.098767094 ,3 ,Acc ,4
3dd9e578dace13af ,5748384268973570 ,0.13873291 ,0.14520264 ,-0.4751587 ,3 ,Acc ,15
3dd9e578dace13af ,5748384369764403 ,0.1383667 ,0.14593506 ,-0.47668457 ,3 ,Acc ,15
3dd9e578dace13af ,5748384470282528 ,0.14453125 ,0.14764404 ,-0.4765625 ,3 ,Acc ,15
3dd9e578dace13af ,5748384586412059 ,0.15539551 ,0.1541748 ,-0.47662354 ,3 ,Acc ,15
3dd9e578dace13af ,5748384689559039 ,0.15167236 ,0.15478516 ,-0.48669434 ,3 ,Acc ,15
3dd9e578dace13af ,5748384790308882 ,0.15411377 ,0.15655518 ,-0.49017334 ,3 ,Acc ,15
3dd9e578dace13af ,5748384890375809 ,0.14221191 ,0.15844727 ,-0.5036621 ,3 ,Acc ,15
3dd9e578dace13af ,5748384990492111 ,0.13897705 ,0.16674805 ,-0.5097656 ,3 ,Acc ,15
3dd9e578dace13af ,5748385111474663 ,0.12524414 ,0.16955566 ,-0.5305176 ,3 ,Acc ,15
3dd9e578dace13af ,5748385109811799 ,1.427124 ,-3.7804413 ,8.935425 ,0 ,Acc ,9
3dd9e578dace13af ,5748385229843570 ,0.11907959 ,0.18652344 ,-0.567749 ,3 ,Acc ,15
3dd9e578dace13af ,5748385332400757 ,0.088012695 ,0.19268799 ,-0.60943604 ,3 ,Acc ,15
3dd9e578dace13af ,5748385447386799 ,0.074523926 ,0.19122314 ,-0.6522827 ,3 ,Acc ,15
3dd9e578dace13af ,5748385550740340 ,0.061401367 ,0.1921997 ,-0.6921387 ,3 ,Acc ,15
3dd9e578dace13af ,5748385668807684 ,0.015014648 ,0.18304443 ,-0.75964355 ,3 ,Acc ,15
3dd9e578dace13af ,5748385791212371 ,-0.028198242 ,0.17712402 ,-0.8173828 ,3 ,Acc ,15
3dd9e578dace13af ,5748385890589819 ,-0.02532959 ,0.19995117 ,-0.857605 ,3 ,Acc ,15
3dd9e578dace13af ,5748386009918205 ,-0.028625488 ,0.20916748 ,-0.9020386 ,3 ,Acc ,15
3dd9e578dace13af ,5748386112398309 ,-0.02746582 ,0.21270752 ,-0.9289551 ,3 ,Acc ,15
3dd9e578dace13af ,5748386230267736 ,-0.04345703 ,0.2241211 ,-0.9445801 ,3 ,Acc ,15
3dd9e578dace13af ,5748386347011694 ,-0.07873535 ,0.25164795 ,-0.9435425 ,3 ,Acc ,15
3dd9e578dace13af ,5748386449509819 ,-0.12585449 ,0.27026367 ,-0.93707275 ,3 ,Acc ,15
3dd9e578dace13af ,5748386551049090 ,-0.19464111 ,0.2838745 ,-0.9213257 ,3 ,Acc ,15
3dd9e578dace13af ,5748386652277579 ,-0.25720215 ,0.29718018 ,-0.8989258 ,3 ,Acc ,15
3dd9e578dace13af ,5748386753439975 ,-0.3131714 ,0.3131714 ,-0.8684082 ,3 ,Acc ,15
3dd9e578dace13af ,5748386867711486 ,-0.33868408 ,0.33813477 ,-0.8377075 ,3 ,Acc ,15
3dd9e578dace13af ,5748386972666746 ,-0.29870605 ,0.35595703 ,-0.8363037 ,3 ,Acc ,15
3dd9e578dace13af ,5748387073506121 ,-0.24761963 ,0.3569336 ,-0.8378906 ,3 ,Acc ,15
3dd9e578dace13af ,5748387171797788 ,-0.2888672 ,1.0343994 ,-0.25063476 ,3 ,Acc ,4
3dd9e578dace13af ,5748387188793621 ,-0.19616699 ,0.335083 ,-0.8411865 ,3 ,Acc ,15
3dd9e578dace13af ,5748387292562215 ,-0.17242432 ,0.34368896 ,-0.82525635 ,3 ,Acc ,15
3dd9e578dace13af ,5748387407150027 ,-0.20513916 ,0.40563965 ,-0.77246094 ,3 ,Acc ,15
3dd9e578dace13af ,5748387512987162 ,-0.26678467 ,0.4343872 ,-0.74542236 ,3 ,Acc ,15
3dd9e578dace13af ,5748387630489558 ,-0.29968262 ,0.48327637 ,-0.6826172 ,3 ,Acc ,15
3dd9e578dace13af ,5748387754003569 ,-0.1862793 ,0.53308105 ,-0.6328125 ,3 ,Acc ,15
3dd9e578dace13af ,5748387872173256 ,-0.10510254 ,0.5204468 ,-0.6583252 ,3 ,Acc ,15
3dd9e578dace13af ,5748387973620496 ,-0.10083008 ,0.5004883 ,-0.6600952 ,3 ,Acc ,15
3dd9e578dace13af ,5748388073642527 ,-0.12390137 ,0.5125122 ,-0.6010742 ,3 ,Acc ,15
3dd9e578dace13af ,5748388111434037 ,7.8225403 ,-4.250992 ,4.1118317 ,0 ,Acc ,9
3dd9e578dace13af ,5748388191358412 ,-0.14794922 ,0.52789307 ,-0.5274048 ,3 ,Acc ,15
3dd9e578dace13af ,5748388293974402 ,-0.11584473 ,0.5377197 ,-0.47125244 ,3 ,Acc ,15
3dd9e578dace13af ,5748388411032318 ,-0.09448242 ,0.55407715 ,-0.4352417 ,3 ,Acc ,15
3dd9e578dace13af ,5748388511204037 ,-0.11633301 ,0.5703125 ,-0.44506836 ,3 ,Acc ,15
3dd9e578dace13af ,5748388630586485 ,-0.114746094 ,0.5618286 ,-0.45611572 ,3 ,Acc ,15
3dd9e578dace13af ,5748388753234610 ,-0.11383057 ,0.51519775 ,-0.5158081 ,3 ,Acc ,15
3dd9e578dace13af ,5748388853054662 ,-0.09436035 ,0.47198486 ,-0.56866455 ,3 ,Acc ,15
3dd9e578dace13af ,5748388971754402 ,-0.10046387 ,0.4416504 ,-0.5958252 ,3 ,Acc ,15
3dd9e578dace13af ,5748389073252683 ,-0.13409424 ,0.44433594 ,-0.5830078 ,3 ,Acc ,15
3dd9e578dace13af ,5748389174319714 ,-0.15332031 ,0.48138428 ,-0.5308838 ,3 ,Acc ,15
3dd9e578dace13af ,5748389295156381 ,-0.1673584 ,0.5140991 ,-0.48815918 ,3 ,Acc ,15
3dd9e578dace13af ,5748389415234245 ,-0.20446777 ,0.538208 ,-0.4741211 ,3 ,Acc ,15
3dd9e578dace13af ,5748389532849297 ,-0.25299072 ,0.56658936 ,-0.44488525 ,3 ,Acc ,15
3dd9e578dace13af ,5748389636273933 ,-0.2662964 ,0.56414795 ,-0.43774414 ,3 ,Acc ,15
3dd9e578dace13af ,5748389737175651 ,-0.24890137 ,0.5350342 ,-0.4753418 ,3 ,Acc ,15
3dd9e578dace13af ,5748389852654401 ,-0.18164063 ,0.4934082 ,-0.5630493 ,3 ,Acc ,15
3dd9e578dace13af ,5748389953286432 ,-0.13397217 ,0.44360352 ,-0.6455078 ,3 ,Acc ,15
3dd9e578dace13af ,5748390055831797 ,-0.08795166 ,0.42816162 ,-0.6699219 ,3 ,Acc ,15
3dd9e578dace13af ,5748390156653724 ,-0.0892334 ,0.44458008 ,-0.64575195 ,3 ,Acc ,15
3dd9e578dace13af ,5748390171612318 ,-0.9143921 ,-0.5692383 ,-1.2329956 ,3 ,Acc ,4
3dd9e578dace13af ,5748390256131328 ,-0.11236572 ,0.4847412 ,-0.5783081 ,3 ,Acc ,15
3dd9e578dace13af ,5748390371918203 ,-0.13970947 ,0.5175781 ,-0.51220703 ,3 ,Acc ,15
3dd9e578dace13af ,5748390473374766 ,-0.21795654 ,0.5361328 ,-0.47125244 ,3 ,Acc ,15
3dd9e578dace13af ,5748390576610026 ,-0.2783203 ,0.5545044 ,-0.4413452 ,3 ,Acc ,15
3dd9e578dace13af ,5748390677188099 ,-0.25683594 ,0.5864868 ,-0.41625977 ,3 ,Acc ,15
3dd9e578dace13af ,5748390796295807 ,-0.2821045 ,0.5467529 ,-0.505188 ,3 ,Acc ,15
3dd9e578dace13af ,5748390914700651 ,-0.19958496 ,0.505249 ,-0.59503174 ,3 ,Acc ,15
3dd9e578dace13af ,5748391033419244 ,-0.10974121 ,0.453125 ,-0.6968384 ,3 ,Acc ,15
3dd9e578dace13af ,5748391113320651 ,5.6196594 ,-5.4451447 ,5.9109955 ,0 ,Acc ,9
3dd9e578dace13af ,5748391154245963 ,-0.09075928 ,0.42626953 ,-0.7364502 ,3 ,Acc ,15
3dd9e578dace13af ,5748391271973880 ,-0.13671875 ,0.45776367 ,-0.6856079 ,3 ,Acc ,15
3dd9e578dace13af ,5748391377470911 ,-0.115234375 ,0.50598145 ,-0.60406494 ,3 ,Acc ,15
3dd9e578dace13af ,5748391492989817 ,-0.11553955 ,0.5406494 ,-0.51898193 ,3 ,Acc ,15
3dd9e578dace13af ,5748391614966067 ,-0.2154541 ,0.5609131 ,-0.45562744 ,3 ,Acc ,15
3dd9e578dace13af ,5748391717010755 ,-0.27313232 ,0.58740234 ,-0.4091797 ,3 ,Acc ,15
3dd9e578dace13af ,5748391838478827 ,-0.28094482 ,0.59552 ,-0.4255371 ,3 ,Acc ,15
3dd9e578dace13af ,5748391939541171 ,-0.26409912 ,0.56640625 ,-0.48608398 ,3 ,Acc ,15
3dd9e578dace13af ,5748392056457629 ,-0.11932373 ,0.55578613 ,-0.564209 ,3 ,Acc ,15
3dd9e578dace13af ,5748392157844348 ,-0.03363037 ,0.5269165 ,-0.63623047 ,3 ,Acc ,15
3dd9e578dace13af ,5748392258365286 ,-0.013305664 ,0.5022583 ,-0.6619873 ,3 ,Acc ,15
3dd9e578dace13af ,5748392358847577 ,-0.040100098 ,0.51678467 ,-0.61346436 ,3 ,Acc ,15
3dd9e578dace13af ,5748392476990598 ,-0.09051514 ,0.53845215 ,-0.5142822 ,3 ,Acc ,15
3dd9e578dace13af ,5748392578707421 ,-0.13275146 ,0.56073 ,-0.42510986 ,3 ,Acc ,15
3dd9e578dace13af ,5748392679333619 ,-0.2322998 ,0.5755005 ,-0.36065674 ,3 ,Acc ,15
3dd9e578dace13af ,5748392798552838 ,-0.22705078 ,0.604126 ,-0.3145752 ,3 ,Acc ,15
3dd9e578dace13af ,5748392898753202 ,-0.27215576 ,0.59924316 ,-0.37426758 ,3 ,Acc ,15
3dd9e578dace13af ,5748392999704452 ,-0.322937 ,0.5492554 ,-0.47613525 ,3 ,Acc ,15
3dd9e578dace13af ,5748393099170181 ,-0.272583 ,0.51397705 ,-0.56225586 ,3 ,Acc ,15
3dd9e578dace13af ,5748393178612004 ,0.5692383 ,1.1480347 ,1.7523193 ,3 ,Acc ,4
3dd9e578dace13af ,5748393213775442 ,-0.2008667 ,0.47332764 ,-0.65979004 ,3 ,Acc ,15
3dd9e578dace13af ,5748393319993723 ,-0.28198242 ,0.6259155 ,-0.54663086 ,3 ,Acc ,15
3dd9e578dace13af ,5748393435781431 ,-0.25897217 ,0.6484375 ,-0.5460205 ,3 ,Acc ,15
3dd9e578dace13af ,5748393554744139 ,-0.31829834 ,0.6409302 ,-0.5402832 ,3 ,Acc ,15
3dd9e578dace13af ,5748393659516014 ,-0.37524414 ,0.6442871 ,-0.4794922 ,3 ,Acc ,15
3dd9e578dace13af ,5748393758765389 ,-0.48382568 ,0.619751 ,-0.44354248 ,3 ,Acc ,15
3dd9e578dace13af ,5748393881746431 ,-0.59436035 ,0.57336426 ,-0.43182373 ,3 ,Acc ,15
3dd9e578dace13af ,5748394000089139 ,-0.618103 ,0.56036377 ,-0.4420166 ,3 ,Acc ,15
3dd9e578dace13af ,5748394120362316 ,-0.6135254 ,0.52227783 ,-0.53167725 ,3 ,Acc ,15
3dd9e578dace13af ,5748394119157993 ,9.071274 ,-2.3060608 ,-2.926468 ,0 ,Acc ,9
3dd9e578dace13af ,5748394237541170 ,-0.47937012 ,0.585022 ,-0.6062012 ,3 ,Acc ,15
3dd9e578dace13af ,5748394341275910 ,-0.3838501 ,0.6010742 ,-0.6777344 ,3 ,Acc ,15
3dd9e578dace13af ,5748394456791587 ,-0.32006836 ,0.62286377 ,-0.697937 ,3 ,Acc ,15
3dd9e578dace13af ,5748394556539347 ,-0.3390503 ,0.6100464 ,-0.7017822 ,3 ,Acc ,15
3dd9e578dace13af ,5748394660220649 ,-0.41796875 ,0.60272217 ,-0.65270996 ,3 ,Acc ,15
3dd9e578dace13af ,5748394761677003 ,-0.5244751 ,0.5598755 ,-0.5982666 ,3 ,Acc ,15
3dd9e578dace13af ,5748394879121066 ,-0.6496582 ,0.49609375 ,-0.5079956 ,3 ,Acc ,15
3dd9e578dace13af ,5748394980601899 ,-0.69818115 ,0.4708252 ,-0.47247314 ,3 ,Acc ,15
3dd9e578dace13af ,5748395097130701 ,-0.6719971 ,0.48284912 ,-0.53118896 ,3 ,Acc ,15
3dd9e578dace13af ,5748395198572628 ,-0.59143066 ,0.5067749 ,-0.604126 ,3 ,Acc ,15
3dd9e578dace13af ,5748395317070232 ,-0.3977661 ,0.6508789 ,-0.62323 ,3 ,Acc ,15
3dd9e578dace13af ,5748395418766118 ,-0.27496338 ,0.67541504 ,-0.6777344 ,3 ,Acc ,15
3dd9e578dace13af ,5748395521074659 ,-0.2290039 ,0.68188477 ,-0.69244385 ,3 ,Acc ,15
3dd9e578dace13af ,5748395637962420 ,-0.33258057 ,0.6422119 ,-0.6861572 ,3 ,Acc ,15
3dd9e578dace13af ,5748395740596951 ,-0.4541626 ,0.59106445 ,-0.6511841 ,3 ,Acc ,15
3dd9e578dace13af ,5748395840502316 ,-0.55914307 ,0.5661011 ,-0.5470581 ,3 ,Acc ,15
3dd9e578dace13af ,5748395940861482 ,-0.67785645 ,0.4784546 ,-0.48223877 ,3 ,Acc ,15
3dd9e578dace13af ,5748396042739711 ,-0.70983887 ,0.46105957 ,-0.46472168 ,3 ,Acc ,15
3dd9e578dace13af ,5748396160608670 ,-0.66192627 ,0.48468018 ,-0.53149414 ,3 ,Acc ,15
3dd9e578dace13af ,5748396203866065 ,-0.51188964 ,1.6195679 ,2.1357057 ,3 ,Acc ,4
3dd9e578dace13af ,5748396279264763 ,-0.5288696 ,0.56121826 ,-0.60961914 ,3 ,Acc ,15
3dd9e578dace13af ,5748396382745388 ,-0.39605713 ,0.5968628 ,-0.69140625 ,3 ,Acc ,15
3dd9e578dace13af ,5748396499790857 ,-0.24743652 ,0.664917 ,-0.7038574 ,3 ,Acc ,15
3dd9e578dace13af ,5748396604141222 ,-0.23596191 ,0.6569824 ,-0.7160034 ,3 ,Acc ,15
3dd9e578dace13af ,5748396721418669 ,-0.36413574 ,0.6177368 ,-0.69525146 ,3 ,Acc ,15
3dd9e578dace13af ,5748396838524034 ,-0.54833984 ,0.54559326 ,-0.60913086 ,3 ,Acc ,15
3dd9e578dace13af ,5748396940566326 ,-0.6550293 ,0.487854 ,-0.49969482 ,3 ,Acc ,15
3dd9e578dace13af ,5748397041626794 ,-0.7173462 ,0.44415283 ,-0.473938 ,3 ,Acc ,15
3dd9e578dace13af ,5748397123003461 ,8.744598 ,-1.6682434 ,-4.1132813 ,0 ,Acc ,9
3dd9e578dace13af ,5748397158976534 ,-0.6995239 ,0.45080566 ,-0.5275879 ,3 ,Acc ,15
3dd9e578dace13af ,5748397281754867 ,-0.5845337 ,0.5164795 ,-0.6043091 ,3 ,Acc ,15
3dd9e578dace13af ,5748397381832367 ,-0.42034912 ,0.6364136 ,-0.6307373 ,3 ,Acc ,15
3dd9e578dace13af ,5748397501680440 ,-0.25335693 ,0.68774414 ,-0.6793823 ,3 ,Acc ,15
3dd9e578dace13af ,5748397603157263 ,-0.22619629 ,0.7006836 ,-0.67663574 ,3 ,Acc ,15
3dd9e578dace13af ,5748397703407263 ,-0.32122803 ,0.65966797 ,-0.67858887 ,3 ,Acc ,15
3dd9e578dace13af ,5748397821511638 ,-0.47094727 ,0.60198975 ,-0.6262207 ,3 ,Acc ,15
3dd9e578dace13af ,5748397923222159 ,-0.585022 ,0.553833 ,-0.5215454 ,3 ,Acc ,15
3dd9e578dace13af ,5748398043086794 ,-0.69958496 ,0.46124268 ,-0.49835205 ,3 ,Acc ,15
3dd9e578dace13af ,5748398145422106 ,-0.6893921 ,0.4671631 ,-0.5314331 ,3 ,Acc ,15
3dd9e578dace13af ,5748398245427992 ,-0.61572266 ,0.49865723 ,-0.59155273 ,3 ,Acc ,15
3dd9e578dace13af ,5748398346025544 ,-0.44348145 ,0.65808105 ,-0.56689453 ,3 ,Acc ,15
3dd9e578dace13af ,5748398443754294 ,-0.30236816 ,0.7182617 ,-0.61151123 ,3 ,Acc ,15
3dd9e578dace13af ,5748398563277471 ,-0.21618652 ,0.70983887 ,-0.6680908 ,3 ,Acc ,15
3dd9e578dace13af ,5748398981348877 ,-0.67626953 ,0.49145508 ,-0.4696045 ,3 ,Acc ,15
3dd9e578dace13af ,5748399102009033 ,-0.7109375 ,0.46325684 ,-0.48620605 ,3 ,Acc ,15
3dd9e578dace13af ,5748399203256689 ,-0.6524048 ,0.4989624 ,-0.5388794 ,3 ,Acc ,15
3dd9e578dace13af ,5748399203968460 ,0.43967286 ,1.2149414 ,1.7597535 ,3 ,Acc ,4
3dd9e578dace13af ,5748399320793252 ,-0.50982666 ,0.5940552 ,-0.58465576 ,3 ,Acc ,15
3dd9e578dace13af ,5748399425991429 ,-0.35961914 ,0.6912842 ,-0.6029663 ,3 ,Acc ,15
3dd9e578dace13af ,5748399541163981 ,-0.22515869 ,0.70184326 ,-0.67437744 ,3 ,Acc ,15
3dd9e578dace13af ,5748399645061325 ,-0.21954346 ,0.6916504 ,-0.6879883 ,3 ,Acc ,15
3dd9e578dace13af ,5748399744529345 ,-0.33496094 ,0.65441895 ,-0.6768799 ,3 ,Acc ,15
3dd9e578dace13af ,5748399860855752 ,-0.51342773 ,0.56799316 ,-0.62854004 ,3 ,Acc ,15
3dd9e578dace13af ,5748399963384554 ,-0.62927246 ,0.5194702 ,-0.51885986 ,3 ,Acc ,15
3dd9e578dace13af ,5748400085395491 ,-0.6934204 ,0.47808838 ,-0.47784424 ,3 ,Acc ,15
3dd9e578dace13af ,5748400125871689 ,8.7456665 ,-1.4275513 ,-4.200653 ,0 ,Acc ,9
3dd9e578dace13af ,5748400204948043 ,-0.66625977 ,0.49798584 ,-0.5202637 ,3 ,Acc ,15
3dd9e578dace13af ,5748400324932210 ,-0.54870605 ,0.5701904 ,-0.579895 ,3 ,Acc ,15
3dd9e578dace13af ,5748400445181585 ,-0.36395264 ,0.6923828 ,-0.60913086 ,3 ,Acc ,15
3dd9e578dace13af ,5748400547252939 ,-0.2588501 ,0.68292236 ,-0.6826782 ,3 ,Acc ,15
3dd9e578dace13af ,5748400664616428 ,-0.2619629 ,0.6768799 ,-0.6876831 ,3 ,Acc ,15
3dd9e578dace13af ,5748400767106741 ,-0.37261963 ,0.6502075 ,-0.65625 ,3 ,Acc ,15
3dd9e578dace13af ,5748400867426428 ,-0.50598145 ,0.6040039 ,-0.5848999 ,3 ,Acc ,15
3dd9e578dace13af ,5748400968289553 ,-0.6187134 ,0.54504395 ,-0.477417 ,3 ,Acc ,15
3dd9e578dace13af ,5748401086409657 ,-0.7017212 ,0.47381592 ,-0.42132568 ,3 ,Acc ,15
3dd9e578dace13af ,5748401208667626 ,-0.6890259 ,0.4925537 ,-0.47784424 ,3 ,Acc ,15
3dd9e578dace13af ,5748401328926324 ,-0.5292969 ,0.6199951 ,-0.526001 ,3 ,Acc ,15
3dd9e578dace13af ,5748401447612990 ,-0.33203125 ,0.7261963 ,-0.59375 ,3 ,Acc ,15
3dd9e578dace13af ,5748401565936636 ,-0.20220947 ,0.737854 ,-0.6439209 ,3 ,Acc ,15
3dd9e578dace13af ,5748401689041949 ,-0.26611328 ,0.7307739 ,-0.6241455 ,3 ,Acc ,15
3dd9e578dace13af ,5748401809215074 ,-0.48492432 ,0.6322632 ,-0.5744629 ,3 ,Acc ,15
3dd9e578dace13af ,5748401925431844 ,-0.611084 ,0.55126953 ,-0.46276855 ,3 ,Acc ,15
3dd9e578dace13af ,5748402028893459 ,-0.67993164 ,0.5003662 ,-0.38830566 ,3 ,Acc ,15
3dd9e578dace13af ,5748402150566532 ,-0.72772217 ,0.4788208 ,-0.39715576 ,3 ,Acc ,15
3dd9e578dace13af ,5748402209178459 ,1.8755127 ,0.56392825 ,2.076233 ,3 ,Acc ,4
3dd9e578dace13af ,5748402263793407 ,-0.6743164 ,0.503479 ,-0.50805664 ,3 ,Acc ,15
3dd9e578dace13af ,5748402364309605 ,-0.49395752 ,0.61968994 ,-0.58380127 ,3 ,Acc ,15
3dd9e578dace13af ,5748402469304344 ,-0.33563232 ,0.70269775 ,-0.62420654 ,3 ,Acc ,15
3dd9e578dace13af ,5748402584969136 ,-0.24536133 ,0.694397 ,-0.6765137 ,3 ,Acc ,15
3dd9e578dace13af ,5748402690103094 ,-0.23553467 ,0.7050171 ,-0.66882324 ,3 ,Acc ,15
3dd9e578dace13af ,5748402809077052 ,-0.38311768 ,0.64471436 ,-0.6604004 ,3 ,Acc ,15
3dd9e578dace13af ,5748402929168511 ,-0.57751465 ,0.5343628 ,-0.59576416 ,3 ,Acc ,15
3dd9e578dace13af ,5748403029862573 ,-0.60772705 ,0.54937744 ,-0.4537964 ,3 ,Acc ,15
3dd9e578dace13af ,5748403130190177 ,-0.6365967 ,0.5227661 ,-0.3632202 ,3 ,Acc ,15
3dd9e578dace13af ,5748403128544448 ,8.998947 ,1.7109985 ,-3.5016785 ,0 ,Acc ,9
3dd9e578dace13af ,5748403246133354 ,-0.70440674 ,0.48388672 ,-0.37457275 ,3 ,Acc ,15
3dd9e578dace13af ,5748403350630906 ,-0.6706543 ,0.5062866 ,-0.4656372 ,3 ,Acc ,15
3dd9e578dace13af ,5748403451012000 ,-0.50146484 ,0.63848877 ,-0.51660156 ,3 ,Acc ,15
3dd9e578dace13af ,5748403550436323 ,-0.32458496 ,0.7404785 ,-0.5640259 ,3 ,Acc ,15
3dd9e578dace13af ,5748403650274448 ,-0.19903564 ,0.69262695 ,-0.69244385 ,3 ,Acc ,15
3dd9e578dace13af ,5748403752888042 ,-0.1630249 ,0.6878052 ,-0.7073364 ,3 ,Acc ,15
3dd9e578dace13af ,5748403870169448 ,-0.29370117 ,0.67749023 ,-0.67077637 ,3 ,Acc ,15
3dd9e578dace13af ,5748403970739240 ,-0.46496582 ,0.61553955 ,-0.6121826 ,3 ,Acc ,15
3dd9e578dace13af ,5748404071023250 ,-0.5698242 ,0.58306885 ,-0.4420166 ,3 ,Acc ,15
3dd9e578dace13af ,5748404171435229 ,-0.6860962 ,0.4874878 ,-0.3671875 ,3 ,Acc ,15
3dd9e578dace13af ,5748404290935698 ,-0.77734375 ,0.42364502 ,-0.4173584 ,3 ,Acc ,15
3dd9e578dace13af ,5748404390873719 ,-0.73132324 ,0.42456055 ,-0.5168457 ,3 ,Acc ,15
3dd9e578dace13af ,5748404492154500 ,-0.55255127 ,0.55529785 ,-0.588562 ,3 ,Acc ,15
3dd9e578dace13af ,5748404610993406 ,-0.31152344 ,0.6765137 ,-0.6571655 ,3 ,Acc ,15
3dd9e578dace13af ,5748404710933093 ,-0.1496582 ,0.71069336 ,-0.68725586 ,3 ,Acc ,15
3dd9e578dace13af ,5748404812491583 ,-0.090026855 ,0.72180176 ,-0.68395996 ,3 ,Acc ,15
3dd9e578dace13af ,5748404931264708 ,-0.23382568 ,0.66363525 ,-0.71032715 ,3 ,Acc ,15
3dd9e578dace13af ,5748405032147729 ,-0.47314453 ,0.5354614 ,-0.6972046 ,3 ,Acc ,15
3dd9e578dace13af ,5748405150822885 ,-0.67681885 ,0.41900635 ,-0.59143066 ,3 ,Acc ,15
3dd9e578dace13af ,5748405233078041 ,-0.38444826 ,-1.0726318 ,0.7699585 ,3 ,Acc ,4
3dd9e578dace13af ,5748405266587052 ,-0.7141113 ,0.43554688 ,-0.541687 ,3 ,Acc ,15
3dd9e578dace13af ,5748405372194916 ,-0.6789551 ,0.47253418 ,-0.55200195 ,3 ,Acc ,15
3dd9e578dace13af ,5748405491630489 ,-0.553772 ,0.5619507 ,-0.5810547 ,3 ,Acc ,15
3dd9e578dace13af ,5748405610602051 ,-0.34783936 ,0.70703125 ,-0.58917236 ,3 ,Acc ,15
3dd9e578dace13af ,5748405712942624 ,-0.21350098 ,0.73205566 ,-0.6431885 ,3 ,Acc ,15
3dd9e578dace13af ,5748405828764291 ,-0.1642456 ,0.73742676 ,-0.65515137 ,3 ,Acc ,15
3dd9e578dace13af ,5748405929935697 ,-0.28399658 ,0.6734009 ,-0.6819458 ,3 ,Acc ,15
3dd9e578dace13af ,5748406051694812 ,-0.51330566 ,0.5722656 ,-0.6201782 ,3 ,Acc ,15
3dd9e578dace13af ,5748406128921843 ,9.08551 ,-2.556839 ,-2.6620178 ,0 ,Acc ,9
3dd9e578dace13af ,5748406169093770 ,-0.65686035 ,0.4749756 ,-0.5326538 ,3 ,Acc ,15
3dd9e578dace13af ,5748406294173301 ,-0.71972656 ,0.4244995 ,-0.5319214 ,3 ,Acc ,15
3dd9e578dace13af ,5748406413606062 ,-0.6706543 ,0.4491577 ,-0.57458496 ,3 ,Acc ,15
3dd9e578dace13af ,5748406534374655 ,-0.5067749 ,0.6027832 ,-0.5805054 ,3 ,Acc ,15
3dd9e578dace13af ,5748406650641218 ,-0.33135986 ,0.7007446 ,-0.62268066 ,3 ,Acc ,15
3dd9e578dace13af ,5748406752372572 ,-0.23278809 ,0.7055664 ,-0.6691284 ,3 ,Acc ,15
3dd9e578dace13af ,5748406854685801 ,-0.2208252 ,0.71191406 ,-0.666687 ,3 ,Acc ,15
3dd9e578dace13af ,5748406955787207 ,-0.3227539 ,0.68621826 ,-0.65008545 ,3 ,Acc ,15
3dd9e578dace13af ,5748407068666999 ,-0.48046875 ,0.59851074 ,-0.6268921 ,3 ,Acc ,15
3dd9e578dace13af ,5748407170318092 ,-0.5761719 ,0.564209 ,-0.527771 ,3 ,Acc ,15
3dd9e578dace13af ,5748407271745853 ,-0.64282227 ,0.5153198 ,-0.48205566 ,3 ,Acc ,15
3dd9e578dace13af ,5748407375293978 ,-0.66625977 ,0.505188 ,-0.48736572 ,3 ,Acc ,15
3dd9e578dace13af ,5748407489765176 ,-0.6314697 ,0.5150757 ,-0.54803467 ,3 ,Acc ,15
3dd9e578dace13af ,5748407590363769 ,-0.5235596 ,0.58380127 ,-0.59381104 ,3 ,Acc ,15
3dd9e578dace13af ,5748407695628092 ,-0.36297607 ,0.6984863 ,-0.602478 ,3 ,Acc ,15
3dd9e578dace13af ,5748407795157623 ,-0.24206543 ,0.72650146 ,-0.64245605 ,3 ,Acc ,15
3dd9e578dace13af ,5748407895875332 ,-0.2131958 ,0.7141113 ,-0.6664429 ,3 ,Acc ,15
3dd9e578dace13af ,5748408013293092 ,-0.3302002 ,0.66448975 ,-0.6702881 ,3 ,Acc ,15
3dd9e578dace13af ,5748408115539811 ,-0.45788574 ,0.6044922 ,-0.6416626 ,3 ,Acc ,15
3dd9e578dace13af ,5748408229820852 ,-0.5656128 ,0.576416 ,-0.5029297 ,3 ,Acc ,15
3dd9e578dace13af ,5748408251673769 ,0.8315552 ,-0.8230591 ,-2.6592774 ,3 ,Acc ,4
3dd9e578dace13af ,5748408330462415 ,-0.6590576 ,0.5010376 ,-0.47753906 ,3 ,Acc ,15
3dd9e578dace13af ,5748408431774967 ,-0.69091797 ,0.47644043 ,-0.49243164 ,3 ,Acc ,15
3dd9e578dace13af ,5748408558025332 ,-0.61047363 ,0.54345703 ,-0.5227661 ,3 ,Acc ,15
3dd9e578dace13af ,5748408676172311 ,-0.46154785 ,0.64959717 ,-0.56152344 ,3 ,Acc ,15
3dd9e578dace13af ,5748408793146894 ,-0.29968262 ,0.6867676 ,-0.6541748 ,3 ,Acc ,15
3dd9e578dace13af ,5748408895249654 ,-0.47766113 ,0.4798584 ,-0.6449585 ,3 ,Acc ,15
3dd9e578dace13af ,5748408996440383 ,-0.50494385 ,0.4628296 ,-0.64086914 ,3 ,Acc ,15
3dd9e578dace13af ,5748409096389602 ,-0.5654907 ,0.428833 ,-0.5709839 ,3 ,Acc ,15
3dd9e578dace13af ,5748409130706842 ,9.751831 ,0.99835205 ,-0.27456665 ,0 ,Acc ,9
3dd9e578dace13af ,5748409212890227 ,-0.6304321 ,0.3550415 ,-0.42541504 ,3 ,Acc ,15
3dd9e578dace13af ,5748409313386737 ,-0.6965332 ,0.25958252 ,-0.26843262 ,3 ,Acc ,15
3dd9e578dace13af ,5748409417440748 ,-0.72021484 ,0.22485352 ,-0.1897583 ,3 ,Acc ,15
3dd9e578dace13af ,5748409537671946 ,-0.7581177 ,0.2609253 ,-0.23425293 ,3 ,Acc ,15
3dd9e578dace13af ,5748409656597519 ,-0.7246094 ,0.30004883 ,-0.3460083 ,3 ,Acc ,15
3dd9e578dace13af ,5748409758925539 ,-0.60809326 ,0.39074707 ,-0.45996094 ,3 ,Acc ,15
3dd9e578dace13af ,5748409872843300 ,-0.5050049 ,0.46368408 ,-0.6081543 ,3 ,Acc ,15
3dd9e578dace13af ,5748409975484185 ,-0.4727173 ,0.48901367 ,-0.64038086 ,3 ,Acc ,15
3dd9e578dace13af ,5748410077584133 ,-0.5421753 ,0.4696045 ,-0.5802002 ,3 ,Acc ,15
3dd9e578dace13af ,5748410178301268 ,-0.6506958 ,0.38824463 ,-0.5062866 ,3 ,Acc ,15
3dd9e578dace13af ,5748410298046425 ,-0.64294434 ,0.33935547 ,-0.3081665 ,3 ,Acc ,15
3dd9e578dace13af ,5748410416259602 ,-0.6834717 ,0.24145508 ,-0.17663574 ,3 ,Acc ,15
3dd9e578dace13af ,5748410538878300 ,-0.7076416 ,0.23828125 ,-0.17572021 ,3 ,Acc ,15
3dd9e578dace13af ,5748410638106112 ,-0.6696167 ,0.2901001 ,-0.26538086 ,3 ,Acc ,15
3dd9e578dace13af ,5748410756569445 ,-0.6054077 ,0.37902832 ,-0.40350342 ,3 ,Acc ,15
3dd9e578dace13af ,5748410859043716 ,-0.5506592 ,0.43933105 ,-0.5239868 ,3 ,Acc ,15
3dd9e578dace13af ,5748410960096997 ,-0.4970703 ,0.49298096 ,-0.59594727 ,3 ,Acc ,15
3dd9e578dace13af ,5748411072959706 ,-0.57025146 ,0.44708252 ,-0.60980225 ,3 ,Acc ,15
3dd9e578dace13af ,5748411179389497 ,-0.6552124 ,0.40283203 ,-0.49066162 ,3 ,Acc ,15
3dd9e578dace13af ,5748411255513976 ,-3.3602052 ,-0.2623169 ,-3.7467773 ,3 ,Acc ,4
3dd9e578dace13af ,5748411294254341 ,-0.6604004 ,0.3250122 ,-0.29840088 ,3 ,Acc ,15
3dd9e578dace13af ,5748411393297310 ,-0.62677 ,0.24432373 ,-0.15533447 ,3 ,Acc ,15
3dd9e578dace13af ,5748411499706424 ,-0.6843872 ,0.22351074 ,-0.12194824 ,3 ,Acc ,15
3dd9e578dace13af ,5748411617893716 ,-0.73779297 ,0.27282715 ,-0.22235107 ,3 ,Acc ,15
3dd9e578dace13af ,5748411736476372 ,-0.6636963 ,0.35284424 ,-0.3796997 ,3 ,Acc ,15
3dd9e578dace13af ,5748411860130226 ,-0.5518799 ,0.45928955 ,-0.53149414 ,3 ,Acc ,15
3dd9e578dace13af ,5748411974386216 ,-0.46575928 ,0.52111816 ,-0.6213379 ,3 ,Acc ,15
3dd9e578dace13af ,5748412078883924 ,-0.49401855 ,0.51239014 ,-0.6090088 ,3 ,Acc ,15
3dd9e578dace13af ,5748412134020591 ,9.673508 ,-1.4437408 ,-0.71354675 ,0 ,Acc ,9
3dd9e578dace13af ,5748412194173403 ,-0.6031494 ,0.44805908 ,-0.51605225 ,3 ,Acc ,15
3dd9e578dace13af ,5748412297550278 ,-0.6522217 ,0.3727417 ,-0.3760376 ,3 ,Acc ,15
3dd9e578dace13af ,5748412415033559 ,-0.6012573 ,0.24731445 ,-0.14508057 ,3 ,Acc ,15
3dd9e578dace13af ,5748412519641528 ,-0.6265869 ,0.20385742 ,-0.07623291 ,3 ,Acc ,15
3dd9e578dace13af ,5748412618932101 ,-0.6900635 ,0.24969482 ,-0.13812256 ,3 ,Acc ,15
3dd9e578dace13af ,5748412719557153 ,-0.67700195 ,0.3126831 ,-0.26605225 ,3 ,Acc ,15
3dd9e578dace13af ,5748412821197882 ,-0.61920166 ,0.395813 ,-0.40893555 ,3 ,Acc ,15
3dd9e578dace13af ,5748412940556944 ,-0.5064087 ,0.48706055 ,-0.5621948 ,3 ,Acc ,15
3dd9e578dace13af ,5748413060266528 ,-0.440979 ,0.52301025 ,-0.6220093 ,3 ,Acc ,15
3dd9e578dace13af ,5748413161661892 ,-0.5106201 ,0.48083496 ,-0.57891846 ,3 ,Acc ,15
3dd9e578dace13af ,5748413279435538 ,-0.6274414 ,0.3857422 ,-0.44036865 ,3 ,Acc ,15
3dd9e578dace13af ,5748413400475590 ,-0.6135254 ,0.28179932 ,-0.21844482 ,3 ,Acc ,15
3dd9e578dace13af ,5748413501196736 ,-0.61047363 ,0.20501709 ,-0.10180664 ,3 ,Acc ,15
3dd9e578dace13af ,5748413620974392 ,-0.63983154 ,0.24157715 ,-0.11376953 ,3 ,Acc ,15
3dd9e578dace13af ,5748413721629809 ,-0.61834717 ,0.30670166 ,-0.21154785 ,3 ,Acc ,15
3dd9e578dace13af ,5748413821204913 ,-0.57073975 ,0.38397217 ,-0.34143066 ,3 ,Acc ,15
3dd9e578dace13af ,5748413942363767 ,-0.50860596 ,0.46002197 ,-0.51660156 ,3 ,Acc ,15
3dd9e578dace13af ,5748414061176163 ,-0.44525146 ,0.49682617 ,-0.6308594 ,3 ,Acc ,15
3dd9e578dace13af ,5748414161320434 ,-0.45458984 ,0.5003052 ,-0.6425781 ,3 ,Acc ,15
3dd9e578dace13af ,5748414259609184 ,0.6754395 ,-1.0195313 ,-2.3279297 ,3 ,Acc ,4
3dd9e578dace13af ,5748414277980486 ,-0.55908203 ,0.4368286 ,-0.5897827 ,3 ,Acc ,15
3dd9e578dace13af ,5748414378191163 ,-0.5862427 ,0.40301514 ,-0.45898438 ,3 ,Acc ,15
3dd9e578dace13af ,5748414482243350 ,-0.55303955 ,0.3477173 ,-0.29803467 ,3 ,Acc ,15
3dd9e578dace13af ,5748414596741840 ,-0.57543945 ,0.26397705 ,-0.17687988 ,3 ,Acc ,15
3dd9e578dace13af ,5748414701809548 ,-0.5932617 ,0.27172852 ,-0.14105225 ,3 ,Acc ,15
3dd9e578dace13af ,5748414823336944 ,-0.6154785 ,0.30596924 ,-0.19067383 ,3 ,Acc ,15
3dd9e578dace13af ,5748414940413819 ,-0.57891846 ,0.37487793 ,-0.30688477 ,3 ,Acc ,15
3dd9e578dace13af ,5748415042289548 ,-0.52453613 ,0.44250488 ,-0.43548584 ,3 ,Acc ,15
3dd9e578dace13af ,5748415143682360 ,-0.49206543 ,0.46514893 ,-0.55670166 ,3 ,Acc ,15
3dd9e578dace13af ,5748415142022673 ,9.763199 ,-0.4342804 ,0.8134613 ,0 ,Acc ,9
3dd9e578dace13af ,5748415259284912 ,-0.47045898 ,0.4683838 ,-0.60894775 ,3 ,Acc ,15
3dd9e578dace13af ,5748415379388298 ,-0.5159302 ,0.4477539 ,-0.555603 ,3 ,Acc ,15
3dd9e578dace13af ,5748415481279183 ,-0.55041504 ,0.4076538 ,-0.48284912 ,3 ,Acc ,15
3dd9e578dace13af ,5748415584113714 ,-0.5114136 ,0.37664795 ,-0.35687256 ,3 ,Acc ,15
3dd9e578dace13af ,5748415698354391 ,-0.47314453 ,0.31329346 ,-0.20941162 ,3 ,Acc ,15
3dd9e578dace13af ,5748415801448193 ,-0.5185547 ,0.27172852 ,-0.1461792 ,3 ,Acc ,15
3dd9e578dace13af ,5748415903160068 ,-0.5498047 ,0.28289795 ,-0.13397217 ,3 ,Acc ,15
3dd9e578dace13af ,5748416004028870 ,-0.5827637 ,0.32043457 ,-0.18078613 ,3 ,Acc ,15
3dd9e578dace13af ,5748416123218766 ,-0.5964966 ,0.3725586 ,-0.30285645 ,3 ,Acc ,15
3dd9e578dace13af ,5748416241492256 ,-0.583313 ,0.38513184 ,-0.43737793 ,3 ,Acc ,15
3dd9e578dace13af ,5748416363251058 ,-0.4786377 ,0.44647217 ,-0.52075195 ,3 ,Acc ,15
3dd9e578dace13af ,5748416484439704 ,-0.4401245 ,0.48931885 ,-0.56018066 ,3 ,Acc ,15
3dd9e578dace13af ,5748416585732516 ,-0.48718262 ,0.4897461 ,-0.5482788 ,3 ,Acc ,15
3dd9e578dace13af ,5748416702780381 ,-0.6567383 ,0.37548828 ,-0.5282593 ,3 ,Acc ,15
3dd9e578dace13af ,5748416804864235 ,-0.70666504 ,0.33770752 ,-0.4963379 ,3 ,Acc ,15
3dd9e578dace13af ,5748416903977828 ,-0.71313477 ,0.34429932 ,-0.45770264 ,3 ,Acc ,15
3dd9e578dace13af ,5748417005216110 ,-0.74572754 ,0.33062744 ,-0.42364502 ,3 ,Acc ,15
3dd9e578dace13af ,5748417123154651 ,-0.7987671 ,0.29815674 ,-0.37823486 ,3 ,Acc ,15
3dd9e578dace13af ,5748417226419078 ,-0.8446655 ,0.26934814 ,-0.37182617 ,3 ,Acc ,15
3dd9e578dace13af ,5748417263530172 ,2.2217286 ,-0.29630128 ,0.66269535 ,3 ,Acc ,4
3dd9e578dace13af ,5748417343176995 ,-0.8642578 ,0.25445557 ,-0.40594482 ,3 ,Acc ,15
3dd9e578dace13af ,5748417463211526 ,-0.840271 ,0.2680664 ,-0.46484375 ,3 ,Acc ,15
3dd9e578dace13af ,5748417583255745 ,-0.7885742 ,0.32806396 ,-0.5158081 ,3 ,Acc ,15
3dd9e578dace13af ,5748417683241578 ,-0.74523926 ,0.4175415 ,-0.510437 ,3 ,Acc ,15
3dd9e578dace13af ,5748417783336734 ,-0.63964844 ,0.39489746 ,-0.65423584 ,3 ,Acc ,15
3dd9e578dace13af ,5748417907209755 ,-0.697876 ,0.35546875 ,-0.62145996 ,3 ,Acc ,15
3dd9e578dace13af ,5748418027267620 ,-0.77020264 ,0.2529297 ,-0.56427 ,3 ,Acc ,15
3dd9e578dace13af ,5748418147195640 ,-0.8019409 ,0.108947754 ,-0.49743652 ,3 ,Acc ,15
3dd9e578dace13af ,5748418145530172 ,7.1569214 ,-5.975403 ,-3.0402527 ,0 ,Acc ,9
3dd9e578dace13af ,5748418262209703 ,-0.805542 ,0.039978027 ,-0.440979 ,3 ,Acc ,15
3dd9e578dace13af ,5748418368126838 ,-0.7873535 ,-0.0107421875 ,-0.41705322 ,3 ,Acc ,15
3dd9e578dace13af ,5748418484163557 ,-0.7653198 ,-0.03125 ,-0.4144287 ,3 ,Acc ,15
3dd9e578dace13af ,5748418606889338 ,-0.7494507 ,-0.025878906 ,-0.4303589 ,3 ,Acc ,15
3dd9e578dace13af ,5748418722367463 ,-0.7298584 ,-0.034606934 ,-0.44976807 ,3 ,Acc ,15
3dd9e578dace13af ,5748418822893140 ,-0.7305298 ,-0.034606934 ,-0.46392822 ,3 ,Acc ,15
3dd9e578dace13af ,5748418927162828 ,-0.7307129 ,-0.055236816 ,-0.45056152 ,3 ,Acc ,15
3dd9e578dace13af ,5748419344640848 ,-0.6324463 ,-0.23474121 ,-0.38342285 ,3 ,Acc ,15
3dd9e578dace13af ,5748420104390431 ,-0.5269165 ,-0.12451172 ,-0.1404419 ,3 ,Acc ,15
3dd9e578dace13af ,5748420225664338 ,-0.56085205 ,-0.19476318 ,-0.24676514 ,3 ,Acc ,15
3dd9e578dace13af ,5748420264211421 ,-1.7735596 ,0.34727785 ,-2.0571167 ,3 ,Acc ,4
3dd9e578dace13af ,5748420348961369 ,-0.6328125 ,-0.1942749 ,-0.3873291 ,3 ,Acc ,15
3dd9e578dace13af ,5748420448864494 ,-0.6804199 ,-0.16168213 ,-0.4890747 ,3 ,Acc ,15
3dd9e578dace13af ,5748420569472462 ,-0.67089844 ,-0.2253418 ,-0.51013184 ,3 ,Acc ,15
3dd9e578dace13af ,5748420685665119 ,-0.65856934 ,-0.2826538 ,-0.45336914 ,3 ,Acc ,15
3dd9e578dace13af ,5748420789074650 ,-0.63635254 ,-0.27520752 ,-0.39031982 ,3 ,Acc ,15
3dd9e578dace13af ,5748420907508660 ,-0.583374 ,-0.21887207 ,-0.3303833 ,3 ,Acc ,15
3dd9e578dace13af ,5748421030005171 ,-0.5963745 ,-0.08526611 ,-0.28167725 ,3 ,Acc ,15
3dd9e578dace13af ,5748421145094337 ,-0.5853882 ,0.011047363 ,-0.20336914 ,3 ,Acc ,15
3dd9e578dace13af ,5748421163891056 ,1.8813019 ,-9.117233 ,3.0833282 ,0 ,Acc ,9
3dd9e578dace13af ,5748421249677462 ,-0.5822754 ,0.038330078 ,-0.1607666 ,3 ,Acc ,15
3dd9e578dace13af ,5748421350412931 ,-0.5777588 ,-0.0021972656 ,-0.16082764 ,3 ,Acc ,15
3dd9e578dace13af ,5748421470565066 ,-0.5148926 ,-0.13842773 ,-0.21606445 ,3 ,Acc ,15
3dd9e578dace13af ,5748421591297254 ,-0.5378418 ,-0.21221924 ,-0.3078003 ,3 ,Acc ,15
3dd9e578dace13af ,5748421707909806 ,-0.5895386 ,-0.23693848 ,-0.40893555 ,3 ,Acc ,15
3dd9e578dace13af ,5748421810327931 ,-0.57580566 ,-0.28582764 ,-0.43041992 ,3 ,Acc ,15
3dd9e578dace13af ,5748421929927983 ,-0.5671997 ,-0.30523682 ,-0.40612793 ,3 ,Acc ,15
3dd9e578dace13af ,5748422050583764 ,-0.55358887 ,-0.26568604 ,-0.3499756 ,3 ,Acc ,15
3dd9e578dace13af ,5748422150200691 ,-0.5595093 ,-0.18292236 ,-0.30114746 ,3 ,Acc ,15
3dd9e578dace13af ,5748422250696993 ,-0.5689087 ,-0.06817627 ,-0.20471191 ,3 ,Acc ,15
3dd9e578dace13af ,5748422351294597 ,-0.508667 ,-0.0119018555 ,-0.10888672 ,3 ,Acc ,15
3dd9e578dace13af ,5748422451151732 ,-0.47369385 ,-0.034606934 ,-0.09875488 ,3 ,Acc ,15
3dd9e578dace13af ,5748422572699805 ,-0.5187378 ,-0.12573242 ,-0.19903564 ,3 ,Acc ,15
3dd9e578dace13af ,5748422689444649 ,-0.5944214 ,-0.17443848 ,-0.3300171 ,3 ,Acc ,15
3dd9e578dace13af ,5748422791928295 ,-0.6154175 ,-0.23175049 ,-0.40948486 ,3 ,Acc ,15
3dd9e578dace13af ,5748422908565014 ,-0.57702637 ,-0.34710693 ,-0.44744873 ,3 ,Acc ,15
3dd9e578dace13af ,5748423011376003 ,-0.57403564 ,-0.36383057 ,-0.4331665 ,3 ,Acc ,15
3dd9e578dace13af ,5748423110703399 ,-0.5852661 ,-0.30273438 ,-0.3963623 ,3 ,Acc ,15
3dd9e578dace13af ,5748423232495743 ,-0.58514404 ,-0.1954956 ,-0.3112793 ,3 ,Acc ,15
3dd9e578dace13af ,5748423271103763 ,0.69349366 ,0.6637573 ,3.0989501 ,3 ,Acc ,4
3dd9e578dace13af ,5748423350810534 ,-0.56799316 ,-0.07006836 ,-0.19342041 ,3 ,Acc ,15
3dd9e578dace13af ,5748423450053763 ,-0.56591797 ,0.020141602 ,-0.10900879 ,3 ,Acc ,15
3dd9e578dace13af ,5748423553412982 ,-0.55096436 ,0.03869629 ,-0.06976318 ,3 ,Acc ,15
3dd9e578dace13af ,5748423672494336 ,-0.5090332 ,-0.059387207 ,-0.12756348 ,3 ,Acc ,15
3dd9e578dace13af ,5748423771981576 ,-0.5405884 ,-0.14984131 ,-0.24816895 ,3 ,Acc ,15
3dd9e578dace13af ,5748423888342513 ,-0.5819702 ,-0.22558594 ,-0.38458252 ,3 ,Acc ,15
3dd9e578dace13af ,5748423989207878 ,-0.55322266 ,-0.3140869 ,-0.40533447 ,3 ,Acc ,15
3dd9e578dace13af ,5748424092782305 ,-0.52301025 ,-0.3848877 ,-0.38427734 ,3 ,Acc ,15
3dd9e578dace13af ,5748424170104336 ,8.878937 ,-3.880005 ,1.5100555 ,0 ,Acc ,9
3dd9e578dace13af ,5748424207187096 ,-0.51849365 ,-0.37554932 ,-0.3670044 ,3 ,Acc ,15
3dd9e578dace13af ,5748424311453190 ,-0.49804688 ,-0.3255005 ,-0.31604004 ,3 ,Acc ,15
3dd9e578dace13af ,5748424411150586 ,-0.5009155 ,-0.21386719 ,-0.25964355 ,3 ,Acc ,15
3dd9e578dace13af ,5748424512342513 ,-0.51153564 ,-0.080322266 ,-0.17388916 ,3 ,Acc ,15
3dd9e578dace13af ,5748424630970794 ,-0.48937988 ,0.0037841797 ,-0.09515381 ,3 ,Acc ,15
3dd9e578dace13af ,5748424733405221 ,-0.5036011 ,-0.038208008 ,-0.12011719 ,3 ,Acc ,15
3dd9e578dace13af ,5748424833725013 ,-0.48413086 ,-0.13452148 ,-0.1796875 ,3 ,Acc ,15
3dd9e578dace13af ,5748424954301002 ,-0.57281494 ,-0.18450928 ,-0.31793213 ,3 ,Acc ,15
3dd9e578dace13af ,5748425072686627 ,-0.6099243 ,-0.26898193 ,-0.43969727 ,3 ,Acc ,15
3dd9e578dace13af ,5748425175507409 ,-0.5830078 ,-0.36273193 ,-0.4650879 ,3 ,Acc ,15
3dd9e578dace13af ,5748425290500690 ,-0.585083 ,-0.35705566 ,-0.43756104 ,3 ,Acc ,15
3dd9e578dace13af ,5748425390321575 ,-0.57873535 ,-0.29180908 ,-0.3848877 ,3 ,Acc ,15
3dd9e578dace13af ,5748425490827669 ,-0.58673096 ,-0.16809082 ,-0.31860352 ,3 ,Acc ,15
3dd9e578dace13af ,5748425595014804 ,-0.56365967 ,-0.040527344 ,-0.22180176 ,3 ,Acc ,15
3dd9e578dace13af ,5748425709274856 ,-0.5279541 ,0.0446167 ,-0.15838623 ,3 ,Acc ,15
3dd9e578dace13af ,5748425809939700 ,-0.529541 ,0.009277344 ,-0.17840576 ,3 ,Acc ,15
3dd9e578dace13af ,5748425915321783 ,-0.508667 ,-0.11755371 ,-0.23339844 ,3 ,Acc ,15
3dd9e578dace13af ,5748426033271002 ,-0.5496826 ,-0.22088623 ,-0.34692383 ,3 ,Acc ,15
3dd9e578dace13af ,5748426153811523 ,-0.5665283 ,-0.33654785 ,-0.42700195 ,3 ,Acc ,15
3dd9e578dace13af ,5748426273244179 ,-0.5340576 ,-0.43218994 ,-0.4069214 ,3 ,Acc ,15
3dd9e578dace13af ,5748426273957512 ,0.14655761 ,-0.40250245 ,0.2262085 ,3 ,Acc ,4
3dd9e578dace13af ,5748426376986679 ,-0.5339966 ,-0.3953247 ,-0.38500977 ,3 ,Acc ,15
3dd9e578dace13af ,5748426495339283 ,-0.51641846 ,-0.27789307 ,-0.33618164 ,3 ,Acc ,15
3dd9e578dace13af ,5748426596079804 ,-0.520874 ,-0.12762451 ,-0.27825928 ,3 ,Acc ,15
3dd9e578dace13af ,5748426713869491 ,-0.5098877 ,0.03149414 ,-0.18127441 ,3 ,Acc ,15
3dd9e578dace13af ,5748426836552356 ,-0.49871826 ,0.07116699 ,-0.13085938 ,3 ,Acc ,15
3dd9e578dace13af ,5748426956521522 ,-0.47027588 ,-0.052734375 ,-0.15881348 ,3 ,Acc ,15
3dd9e578dace13af ,5748427070929127 ,-0.5005493 ,-0.19281006 ,-0.26672363 ,3 ,Acc ,15
3dd9e578dace13af ,5748427171943710 ,-0.52911377 ,-0.30950928 ,-0.36395264 ,3 ,Acc ,15
3dd9e578dace13af ,5748427171230272 ,8.033722 ,-5.068802 ,2.4365234 ,0 ,Acc ,9
3dd9e578dace13af ,5748427276789856 ,-0.4899292 ,-0.4309082 ,-0.37835693 ,3 ,Acc ,15
3dd9e578dace13af ,5748427396798397 ,-0.49395752 ,-0.44573975 ,-0.35699463 ,3 ,Acc ,15
3dd9e578dace13af ,5748427496482772 ,-0.513916 ,-0.3635254 ,-0.34240723 ,3 ,Acc ,15
3dd9e578dace13af ,5748427613205793 ,-0.6047363 ,-0.16314697 ,-0.32348633 ,3 ,Acc ,15
3dd9e578dace13af ,5748427714800741 ,-0.61486816 ,-0.040527344 ,-0.23016357 ,3 ,Acc ,15
3dd9e578dace13af ,5748427814254647 ,-0.5755615 ,0.031982422 ,-0.13604736 ,3 ,Acc ,15
3dd9e578dace13af ,5748427917524178 ,-0.52490234 ,0.02545166 ,-0.10021973 ,3 ,Acc ,15
3dd9e578dace13af ,5748428037641157 ,-0.529541 ,-0.09375 ,-0.17681885 ,3 ,Acc ,15
3dd9e578dace13af ,5748428152573032 ,-0.56915283 ,-0.21392822 ,-0.31158447 ,3 ,Acc ,15
3dd9e578dace13af ,5748428257229803 ,-0.59594727 ,-0.30126953 ,-0.42053223 ,3 ,Acc ,15
3dd9e578dace13af ,5748428357938761 ,-0.5969238 ,-0.36627197 ,-0.49310303 ,3 ,Acc ,15
3dd9e578dace13af ,5748428457505636 ,-0.60723877 ,-0.385437 ,-0.4907837 ,3 ,Acc ,15
3dd9e578dace13af ,5748428558256730 ,-0.58062744 ,-0.39233398 ,-0.41967773 ,3 ,Acc ,15
3dd9e578dace13af ,5748428676926470 ,-0.54956055 ,-0.2970581 ,-0.35339355 ,3 ,Acc ,15
3dd9e578dace13af ,5748428779423449 ,-0.5829468 ,-0.13226318 ,-0.2758789 ,3 ,Acc ,15
3dd9e578dace13af ,5748428893448761 ,-0.513855 ,0.0056152344 ,-0.12664795 ,3 ,Acc ,15
3dd9e578dace13af ,5748428996022199 ,-0.4885254 ,0.06933594 ,-0.0736084 ,3 ,Acc ,15
3dd9e578dace13af ,5748429115104230 ,-0.51013184 ,-0.011474609 ,-0.115356445 ,3 ,Acc ,15
3dd9e578dace13af ,5748429214560688 ,-0.46862793 ,-0.16998291 ,-0.17596436 ,3 ,Acc ,15
3dd9e578dace13af ,5748429278270688 ,-0.8485474 ,-1.8234742 ,-2.893982 ,3 ,Acc ,4
3dd9e578dace13af ,5748429334042094 ,-0.49987793 ,-0.319458 ,-0.30541992 ,3 ,Acc ,15
3dd9e578dace13af ,5748429437071886 ,-0.56591797 ,-0.38354492 ,-0.45587158 ,3 ,Acc ,15
3dd9e578dace13af ,5748429559300480 ,-0.55444336 ,-0.42749023 ,-0.44250488 ,3 ,Acc ,15
3dd9e578dace13af ,5748429675552198 ,-0.5472412 ,-0.34820557 ,-0.37780762 ,3 ,Acc ,15
3dd9e578dace13af ,5748429778596782 ,-0.6011963 ,-0.1795044 ,-0.31939697 ,3 ,Acc ,15
3dd9e578dace13af ,5748429879605948 ,-0.59039307 ,-0.035583496 ,-0.19372559 ,3 ,Acc ,15
3dd9e578dace13af ,5748429980923813 ,-0.54974365 ,0.06756592 ,-0.08868408 ,3 ,Acc ,15
3dd9e578dace13af ,5748430096444802 ,-0.52471924 ,0.05609131 ,-0.078552246 ,3 ,Acc ,15
3dd9e578dace13af ,5748430176434177 ,2.1141663 ,-8.444595 ,4.515442 ,0 ,Acc ,9
3dd9e578dace13af ,5748430219456834 ,-0.51641846 ,-0.10290527 ,-0.17053223 ,3 ,Acc ,15
3dd9e578dace13af ,5748430318620844 ,-0.5567627 ,-0.2111206 ,-0.2993164 ,3 ,Acc ,15
3dd9e578dace13af ,5748430437720375 ,-0.6175537 ,-0.28881836 ,-0.47399902 ,3 ,Acc ,15
3dd9e578dace13af ,5748430539699281 ,-0.5953369 ,-0.3652954 ,-0.4984131 ,3 ,Acc ,15
3dd9e578dace13af ,5748430639713761 ,-0.5787964 ,-0.38293457 ,-0.44647217 ,3 ,Acc ,15
3dd9e578dace13af ,5748430756287094 ,-0.5789795 ,-0.28881836 ,-0.39416504 ,3 ,Acc ,15
3dd9e578dace13af ,5748430858622094 ,-0.61798096 ,-0.13354492 ,-0.31451416 ,3 ,Acc ,15
3dd9e578dace13af ,5748430975089333 ,-0.5696411 ,0.008544922 ,-0.15924072 ,3 ,Acc ,15
3dd9e578dace13af ,5748431078204125 ,-0.539978 ,0.07232666 ,-0.097473145 ,3 ,Acc ,15
3dd9e578dace13af ,5748431199330271 ,-0.5526123 ,-0.017822266 ,-0.14715576 ,3 ,Acc ,15
3dd9e578dace13af ,5748431321186885 ,-0.53686523 ,-0.21905518 ,-0.2529297 ,3 ,Acc ,15
3dd9e578dace13af ,5748431438827562 ,-0.5909424 ,-0.3291626 ,-0.4317627 ,3 ,Acc ,15
3dd9e578dace13af ,5748431538329177 ,-0.58251953 ,-0.3935547 ,-0.4973755 ,3 ,Acc ,15
3dd9e578dace13af ,5748431640868031 ,-0.5614624 ,-0.43115234 ,-0.4520874 ,3 ,Acc ,15
3dd9e578dace13af ,5748431740153291 ,-0.53234863 ,-0.39416504 ,-0.3803711 ,3 ,Acc ,15
3dd9e578dace13af ,5748431840818135 ,-0.5795288 ,-0.22723389 ,-0.3334961 ,3 ,Acc ,15
3dd9e578dace13af ,5748431941163343 ,-0.60632324 ,-0.04748535 ,-0.18249512 ,3 ,Acc ,15
3dd9e578dace13af ,5748432041673031 ,-0.53845215 ,0.06939697 ,-0.025512695 ,3 ,Acc ,15
3dd9e578dace13af ,5748432161030270 ,-0.48309326 ,0.07446289 ,0.010375977 ,3 ,Acc ,15
3dd9e578dace13af ,5748432280989697 ,-0.4977417 ,-0.099975586 ,-0.10430908 ,3 ,Acc ,15
3dd9e578dace13af ,5748432281716729 ,-0.8963379 ,-1.5059327 ,-4.2076907 ,3 ,Acc ,4
3dd9e578dace13af ,5748432382760427 ,-0.5288086 ,-0.23443604 ,-0.27215576 ,3 ,Acc ,15
3dd9e578dace13af ,5748432499924281 ,-0.55267334 ,-0.3418579 ,-0.42388916 ,3 ,Acc ,15
3dd9e578dace13af ,5748432602545374 ,-0.54437256 ,-0.39141846 ,-0.43988037 ,3 ,Acc ,15
3dd9e578dace13af ,5748432701791364 ,-0.5422363 ,-0.37731934 ,-0.4093628 ,3 ,Acc ,15
3dd9e578dace13af ,5748432802258343 ,-0.57092285 ,-0.27746582 ,-0.38452148 ,3 ,Acc ,15
3dd9e578dace13af ,5748432902781312 ,-0.5942993 ,-0.14727783 ,-0.30999756 ,3 ,Acc ,15
3dd9e578dace13af ,5748433021119124 ,-0.5507202 ,-0.033203125 ,-0.17852783 ,3 ,Acc ,15
3dd9e578dace13af ,5748433139447718 ,-0.5327759 ,-0.021606445 ,-0.13543701 ,3 ,Acc ,15
3dd9e578dace13af ,5748433180986260 ,2.4444427 ,-8.612274 ,4.00296 ,0 ,Acc ,9
3dd9e578dace13af ,5748433239531260 ,-0.55078125 ,-0.109375 ,-0.18804932 ,3 ,Acc ,15
3dd9e578dace13af ,5748433342885687 ,-0.55407715 ,-0.2166748 ,-0.2695923 ,3 ,Acc ,15
3dd9e578dace13af ,5748433443511624 ,-0.57684326 ,-0.29577637 ,-0.38336182 ,3 ,Acc ,15
3dd9e578dace13af ,5748433561418187 ,-0.5618286 ,-0.37249756 ,-0.4909668 ,3 ,Acc ,15
3dd9e578dace13af ,5748433663305478 ,-0.62438965 ,-0.3081665 ,-0.52301025 ,3 ,Acc ,15
3dd9e578dace13af ,5748433763819541 ,-0.6412964 ,-0.2644043 ,-0.43945313 ,3 ,Acc ,15
3dd9e578dace13af ,5748433863354697 ,-0.6501465 ,-0.18322754 ,-0.32495117 ,3 ,Acc ,15
3dd9e578dace13af ,5748433981396676 ,-0.61932373 ,-0.0836792 ,-0.18878174 ,3 ,Acc ,15
3dd9e578dace13af ,5748434083236884 ,-0.56829834 ,-0.045898438 ,-0.15673828 ,3 ,Acc ,15
3dd9e578dace13af ,5748434185406676 ,-0.56658936 ,-0.07849121 ,-0.20794678 ,3 ,Acc ,15
3dd9e578dace13af ,5748434298077613 ,-0.55859375 ,-0.1583252 ,-0.2772827 ,3 ,Acc ,15
3dd9e578dace13af ,5748434400182093 ,-0.6168213 ,-0.16314697 ,-0.37506104 ,3 ,Acc ,15
3dd9e578dace13af ,5748434499900270 ,-0.6414795 ,-0.20379639 ,-0.4569702 ,3 ,Acc ,15
3dd9e578dace13af ,5748434604725113 ,-0.5907593 ,-0.33312988 ,-0.473938 ,3 ,Acc ,15
3dd9e578dace13af ,5748434721272144 ,-0.51556396 ,-0.44805908 ,-0.4093628 ,3 ,Acc ,15
3dd9e578dace13af ,5748434843109592 ,-0.5548706 ,-0.32666016 ,-0.38476563 ,3 ,Acc ,15
3dd9e578dace13af ,5748434963240738 ,-0.5731201 ,-0.17266846 ,-0.2678833 ,3 ,Acc ,15
3dd9e578dace13af ,5748435082942978 ,-0.5272217 ,-0.074157715 ,-0.10601807 ,3 ,Acc ,15
3dd9e578dace13af ,5748435185601832 ,-0.5145874 ,-0.018432617 ,-0.066833496 ,3 ,Acc ,15
3dd9e578dace13af ,5748435304892144 ,-0.56347656 ,-0.06011963 ,-0.1437378 ,3 ,Acc ,15
3dd9e578dace13af ,5748435305601259 ,-0.5798584 ,-0.6786255 ,-3.258252 ,3 ,Acc ,4
3dd9e578dace13af ,5748435421026936 ,-0.545105 ,-0.23962402 ,-0.3100586 ,3 ,Acc ,15
3dd9e578dace13af ,5748435521385477 ,-0.5732422 ,-0.3013916 ,-0.4519043 ,3 ,Acc ,15
3dd9e578dace13af ,5748435641381363 ,-0.54559326 ,-0.4025879 ,-0.48773193 ,3 ,Acc ,15
3dd9e578dace13af ,5748435744108654 ,-0.522522 ,-0.4508667 ,-0.43945313 ,3 ,Acc ,15
3dd9e578dace13af ,5748435860911623 ,-0.54888916 ,-0.33917236 ,-0.38519287 ,3 ,Acc ,15
3dd9e578dace13af ,5748435961716050 ,-0.6314697 ,-0.12426758 ,-0.28442383 ,3 ,Acc ,15
3dd9e578dace13af ,5748436065747821 ,-0.5889282 ,0.018005371 ,-0.1239624 ,3 ,Acc ,15
3dd9e578dace13af ,5748436183267300 ,-0.5388794 ,0.10699463 ,-0.029541016 ,3 ,Acc ,15
3dd9e578dace13af ,5748436181449279 ,-1.4405212 ,-8.887863 ,3.885971 ,0 ,Acc ,9
3dd9e578dace13af ,5748436306108133 ,-0.5281372 ,0.044067383 ,-0.05847168 ,3 ,Acc ,15
3dd9e578dace13af ,5748436421323810 ,-0.50024414 ,-0.14758301 ,-0.18798828 ,3 ,Acc ,15
3dd9e578dace13af ,5748436520948290 ,-0.5783081 ,-0.22296143 ,-0.36712646 ,3 ,Acc ,15
3dd9e578dace13af ,5748436626301779 ,-0.5820923 ,-0.30743408 ,-0.47924805 ,3 ,Acc ,15
3dd9e578dace13af ,5748436727036987 ,-0.5385132 ,-0.41723633 ,-0.47180176 ,3 ,Acc ,15
3dd9e578dace13af ,5748436826553185 ,-0.5531616 ,-0.41448975 ,-0.45007324 ,3 ,Acc ,15
3dd9e578dace13af ,5748436946026362 ,-0.57366943 ,-0.3157959 ,-0.39916992 ,3 ,Acc ,15
3dd9e578dace13af ,5748437047393550 ,-0.6448364 ,-0.12854004 ,-0.3371582 ,3 ,Acc ,15
3dd9e578dace13af ,5748437164309175 ,-0.5927124 ,0.018005371 ,-0.16430664 ,3 ,Acc ,15
3dd9e578dace13af ,5748437266937196 ,-0.5428467 ,0.08325195 ,-0.08135986 ,3 ,Acc ,15
3dd9e578dace13af ,5748437385680216 ,-0.54888916 ,0.029174805 ,-0.11364746 ,3 ,Acc ,15
3dd9e578dace13af ,5748437484484696 ,-0.5437622 ,-0.09222412 ,-0.20666504 ,3 ,Acc ,15
3dd9e578dace13af ,5748437587132456 ,-0.57855225 ,-0.18389893 ,-0.33892822 ,3 ,Acc ,15
3dd9e578dace13af ,5748437687297977 ,-0.5924072 ,-0.29412842 ,-0.44573975 ,3 ,Acc ,15
3dd9e578dace13af ,5748437787087247 ,-0.54260254 ,-0.41345215 ,-0.45928955 ,3 ,Acc ,15
3dd9e578dace13af ,5748437906861102 ,-0.5638428 ,-0.3864746 ,-0.4359131 ,3 ,Acc ,15
3dd9e578dace13af ,5748438008274435 ,-0.5616455 ,-0.31622314 ,-0.39611816 ,3 ,Acc ,15
3dd9e578dace13af ,5748438126244904 ,-0.6074219 ,-0.13067627 ,-0.3305664 ,3 ,Acc ,15
3dd9e578dace13af ,5748438226058445 ,-0.56469727 ,-0.012878418 ,-0.20361328 ,3 ,Acc ,15
3dd9e578dace13af ,5748438307259956 ,1.4326538 ,0.20921631 ,1.9817139 ,3 ,Acc ,4
3dd9e578dace13af ,5748438342414799 ,-0.49591064 ,0.05999756 ,-0.10839844 ,3 ,Acc ,15
3dd9e578dace13af ,5748438468427612 ,-0.49517822 ,-0.0038452148 ,-0.13110352 ,3 ,Acc ,15
3dd9e578dace13af ,5748438569067091 ,-0.5185547 ,-0.11578369 ,-0.21429443 ,3 ,Acc ,15
3dd9e578dace13af ,5748438683438289 ,-0.5513916 ,-0.25891113 ,-0.3430786 ,3 ,Acc ,15
3dd9e578dace13af ,5748438809417976 ,-0.50024414 ,-0.42541504 ,-0.40124512 ,3 ,Acc ,15
3dd9e578dace13af ,5748438926984903 ,-0.5296631 ,-0.4173584 ,-0.40924072 ,3 ,Acc ,15
3dd9e578dace13af ,5748439049561830 ,-0.49249268 ,-0.3727417 ,-0.34197998 ,3 ,Acc ,15
3dd9e578dace13af ,5748439168781414 ,-0.5411377 ,-0.2041626 ,-0.30828857 ,3 ,Acc ,15
3dd9e578dace13af ,5748439184673862 ,5.7192993 ,-7.2593536 ,3.2804565 ,0 ,Acc ,9
3dd9e578dace13af ,5748439268758861 ,-0.53344727 ,-0.07043457 ,-0.19598389 ,3 ,Acc ,15
3dd9e578dace13af ,5748439368713914 ,-0.5220947 ,0.02709961 ,-0.08935547 ,3 ,Acc ,15
3dd9e578dace13af ,5748439469401153 ,-0.4841919 ,0.013671875 ,-0.051513672 ,3 ,Acc ,15
3dd9e578dace13af ,5748439588896934 ,-0.4661255 ,-0.12512207 ,-0.10974121 ,3 ,Acc ,15
3dd9e578dace13af ,5748439690251153 ,-0.44360352 ,-0.25280762 ,-0.19403076 ,3 ,Acc ,15
3dd9e578dace13af ,5748439790083757 ,-0.48919678 ,-0.34240723 ,-0.32055664 ,3 ,Acc ,15
3dd9e578dace13af ,5748439890484851 ,-0.47784424 ,-0.4258423 ,-0.3991089 ,3 ,Acc ,15
3dd9e578dace13af ,5748439990410267 ,-0.4763794 ,-0.44580078 ,-0.3984375 ,3 ,Acc ,15
3dd9e578dace13af ,5748440089126205 ,-0.5083008 ,-0.36914063 ,-0.37738037 ,3 ,Acc ,15
3dd9e578dace13af ,5748440210813340 ,-0.54193115 ,-0.23626709 ,-0.28918457 ,3 ,Acc ,15
3dd9e578dace13af ,5748440647655684 ,-0.4414673 ,-0.18273926 ,-0.13800049 ,3 ,Acc ,15
3dd9e578dace13af ,5748440750326153 ,-0.47686768 ,-0.24743652 ,-0.24407959 ,3 ,Acc ,15
3dd9e578dace13af ,5748440869291465 ,-0.43249512 ,-0.39788818 ,-0.30133057 ,3 ,Acc ,15
3dd9e578dace13af ,5748440971672246 ,-0.4371338 ,-0.44543457 ,-0.30603027 ,3 ,Acc ,15
3dd9e578dace13af ,5748441071087402 ,-0.46124268 ,-0.39916992 ,-0.28131104 ,3 ,Acc ,15
3dd9e578dace13af ,5748441171853236 ,-0.50823975 ,-0.28375244 ,-0.27368164 ,3 ,Acc ,15
3dd9e578dace13af ,5748441291252350 ,-0.52264404 ,-0.14227295 ,-0.21850586 ,3 ,Acc ,15
3dd9e578dace13af ,5748441306901309 ,-0.14868164 ,1.3614991 ,2.430945 ,3 ,Acc ,4
3dd9e578dace13af ,5748441408995996 ,-0.465271 ,-0.07409668 ,-0.16693115 ,3 ,Acc ,15
3dd9e578dace13af ,5748441536866986 ,-0.4552002 ,-0.107421875 ,-0.19128418 ,3 ,Acc ,15
3dd9e578dace13af ,5748441646546777 ,-0.48724365 ,-0.19781494 ,-0.2545166 ,3 ,Acc ,15
3dd9e578dace13af ,5748441749181256 ,-0.5232544 ,-0.23028564 ,-0.31219482 ,3 ,Acc ,15
3dd9e578dace13af ,5748441851335058 ,-0.5586548 ,-0.2637329 ,-0.3776245 ,3 ,Acc ,15
3dd9e578dace13af ,5748441952516152 ,-0.5638428 ,-0.33935547 ,-0.42333984 ,3 ,Acc ,15
3dd9e578dace13af ,5748442070461308 ,-0.59747314 ,-0.32141113 ,-0.42303467 ,3 ,Acc ,15
3dd9e578dace13af ,5748442171216673 ,-0.6190796 ,-0.23413086 ,-0.3908081 ,3 ,Acc ,15
3dd9e578dace13af ,5748442188063912 ,7.4083405 ,-6.2704926 ,1.4027405 ,0 ,Acc ,9
3dd9e578dace13af ,5748442272170267 ,-0.6095581 ,-0.1595459 ,-0.34954834 ,3 ,Acc ,15
3dd9e578dace13af ,5748442373168235 ,-0.60266113 ,-0.078430176 ,-0.30926514 ,3 ,Acc ,15
3dd9e578dace13af ,5748442487373027 ,-0.57928467 ,-0.008911133 ,-0.2675171 ,3 ,Acc ,15
3dd9e578dace13af ,5748442588434589 ,-0.58062744 ,-0.021911621 ,-0.28625488 ,3 ,Acc ,15
3dd9e578dace13af ,5748442693497871 ,-0.60595703 ,-0.10858154 ,-0.3574829 ,3 ,Acc ,15
3dd9e578dace13af ,5748442793004068 ,-0.651001 ,-0.117126465 ,-0.434021 ,3 ,Acc ,15
3dd9e578dace13af ,5748442909066464 ,-0.69641113 ,-0.09283447 ,-0.4874878 ,3 ,Acc ,15
3dd9e578dace13af ,5748443013814589 ,-0.6948242 ,-0.16558838 ,-0.5027466 ,3 ,Acc ,15
3dd9e578dace13af ,5748443113466204 ,-0.69403076 ,-0.22979736 ,-0.5003662 ,3 ,Acc ,15
3dd9e578dace13af ,5748443230747975 ,-0.7163086 ,-0.19586182 ,-0.47540283 ,3 ,Acc ,15
3dd9e578dace13af ,5748443351238860 ,-0.7080078 ,-0.11401367 ,-0.42718506 ,3 ,Acc ,15
3dd9e578dace13af ,5748443454323704 ,-0.6963501 ,-0.030578613 ,-0.395813 ,3 ,Acc ,15
3dd9e578dace13af ,5748443571931568 ,-0.5855713 ,-0.2434082 ,-0.5810547 ,3 ,Acc ,15
3dd9e578dace13af ,5748443671412506 ,-0.5772095 ,-0.22558594 ,-0.586853 ,3 ,Acc ,15
3dd9e578dace13af ,5748443774701360 ,-0.57806396 ,-0.24853516 ,-0.631958 ,3 ,Acc ,15
3dd9e578dace13af ,5748443889748808 ,-0.5620117 ,-0.28619385 ,-0.7005005 ,3 ,Acc ,15
3dd9e578dace13af ,5748443990630995 ,-0.5518799 ,-0.2937622 ,-0.72924805 ,3 ,Acc ,15
3dd9e578dace13af ,5748444110114589 ,-0.55822754 ,-0.30603027 ,-0.74035645 ,3 ,Acc ,15
3dd9e578dace13af ,5748444211728287 ,-0.5689087 ,-0.32983398 ,-0.73431396 ,3 ,Acc ,15
3dd9e578dace13af ,5748444309569224 ,0.033984374 ,0.04248047 ,0.13381349 ,3 ,Acc ,4
3dd9e578dace13af ,5748444330692766 ,-0.5761719 ,-0.32214355 ,-0.73828125 ,3 ,Acc ,15
3dd9e578dace13af ,5748444433713235 ,-0.5675659 ,-0.31622314 ,-0.73742676 ,3 ,Acc ,15
3dd9e578dace13af ,5748444554978234 ,-0.5505371 ,-0.25793457 ,-0.7415161 ,3 ,Acc ,15
3dd9e578dace13af ,5748444674976672 ,-0.53240967 ,-0.18914795 ,-0.72210693 ,3 ,Acc ,15
3dd9e578dace13af ,5748444775728547 ,-0.5155029 ,-0.17590332 ,-0.7138672 ,3 ,Acc ,15
3dd9e578dace13af ,5748444875299484 ,-0.5336914 ,-0.14215088 ,-0.73999023 ,3 ,Acc ,15
3dd9e578dace13af ,5748444975984380 ,-0.5411377 ,-0.1918335 ,-0.7440796 ,3 ,Acc ,15
3dd9e578dace13af ,5748445096132245 ,-0.54730225 ,-0.17901611 ,-0.78222656 ,3 ,Acc ,15
3dd9e578dace13af ,5748445191275995 ,9.19429 ,1.619461 ,3.0020752 ,0 ,Acc ,9
3dd9e578dace13af ,5748445211163026 ,-0.5576782 ,-0.20751953 ,-0.7960205 ,3 ,Acc ,15
3dd9e578dace13af ,5748445315681568 ,-0.5637207 ,-0.26031494 ,-0.7831421 ,3 ,Acc ,15
3dd9e578dace13af ,5748445430006047 ,-0.5679321 ,-0.2682495 ,-0.7775879 ,3 ,Acc ,15
3dd9e578dace13af ,5748445530674120 ,-0.5513916 ,-0.24700928 ,-0.79193115 ,3 ,Acc ,15
3dd9e578dace13af ,5748445635775213 ,-0.5371704 ,-0.12426758 ,-0.81866455 ,3 ,Acc ,15
3dd9e578dace13af ,5748445752657505 ,-0.51049805 ,-0.058532715 ,-0.78863525 ,3 ,Acc ,15
3dd9e578dace13af ,5748445855608390 ,-0.4855957 ,-0.037963867 ,-0.7764282 ,3 ,Acc ,15
3dd9e578dace13af ,5748445955020369 ,-0.49499512 ,-0.03491211 ,-0.79382324 ,3 ,Acc ,15
3dd9e578dace13af ,5748446055959588 ,-0.5155029 ,-0.09655762 ,-0.8060303 ,3 ,Acc ,15
3dd9e578dace13af ,5748446175409744 ,-0.5274658 ,-0.14691162 ,-0.81573486 ,3 ,Acc ,15
3dd9e578dace13af ,5748446294800473 ,-0.5469971 ,-0.20355225 ,-0.8084717 ,3 ,Acc ,15
3dd9e578dace13af ,5748446394806880 ,-0.5631714 ,-0.24359131 ,-0.7893677 ,3 ,Acc ,15
3dd9e578dace13af ,5748446513311619 ,-0.56689453 ,-0.23516846 ,-0.7887573 ,3 ,Acc ,15
3dd9e578dace13af ,5748446617715057 ,-0.55267334 ,-0.21325684 ,-0.7960205 ,3 ,Acc ,15
3dd9e578dace13af ,5748446717265629 ,-0.5258179 ,-0.15704346 ,-0.80133057 ,3 ,Acc ,15
3dd9e578dace13af ,5748446833291359 ,-0.4915161 ,-0.08258057 ,-0.78015137 ,3 ,Acc ,15
3dd9e578dace13af ,5748446938087504 ,-0.47302246 ,-0.055786133 ,-0.7628784 ,3 ,Acc ,15
3dd9e578dace13af ,5748447057340317 ,-0.48797607 ,-0.08337402 ,-0.76916504 ,3 ,Acc ,15
3dd9e578dace13af ,5748447172532869 ,-0.5153198 ,-0.1461792 ,-0.7805176 ,3 ,Acc ,15
3dd9e578dace13af ,5748447273269275 ,-0.5180664 ,-0.1416626 ,-0.7890625 ,3 ,Acc ,15
3dd9e578dace13af ,5748447312859744 ,-0.60959476 ,-0.093457036 ,0.14018555 ,3 ,Acc ,4
3dd9e578dace13af ,5748447394394848 ,-0.52783203 ,-0.13415527 ,-0.78393555 ,3 ,Acc ,15
3dd9e578dace13af ,5748447516603025 ,-0.5415039 ,-0.12176514 ,-0.76312256 ,3 ,Acc ,15
3dd9e578dace13af ,5748447618829015 ,-0.5588989 ,-0.1184082 ,-0.73651123 ,3 ,Acc ,15
3dd9e578dace13af ,5748447738853546 ,-0.55908203 ,-0.16137695 ,-0.7086792 ,3 ,Acc ,15
3dd9e578dace13af ,5748447838451098 ,-0.5494385 ,-0.13653564 ,-0.72180176 ,3 ,Acc ,15
3dd9e578dace13af ,5748447939133129 ,-0.53619385 ,-0.11828613 ,-0.7237549 ,3 ,Acc ,15
3dd9e578dace13af ,5748448034288129 ,-0.5204468 ,-0.11993408 ,-0.7352905 ,3 ,Acc ,15
3dd9e578dace13af ,5748448158862139 ,-0.5092163 ,-0.11016846 ,-0.7717285 ,3 ,Acc ,15
3dd9e578dace13af ,5748448195400421 ,8.521088 ,-1.7691803 ,4.520096 ,0 ,Acc ,9
3dd9e578dace13af ,5748448259617139 ,-0.4984131 ,-0.11773682 ,-0.7849121 ,3 ,Acc ,15
3dd9e578dace13af ,5748448379634223 ,-0.47912598 ,-0.0970459 ,-0.7994385 ,3 ,Acc ,15
3dd9e578dace13af ,5748448478607139 ,-0.47625732 ,-0.079833984 ,-0.7994995 ,3 ,Acc ,15
3dd9e578dace13af ,5748448579924275 ,-0.5010376 ,-0.068847656 ,-0.77685547 ,3 ,Acc ,15
3dd9e578dace13af ,5748448699973233 ,-0.5421753 ,-0.107666016 ,-0.7324829 ,3 ,Acc ,15
3dd9e578dace13af ,5748448801067295 ,-0.56207275 ,-0.17236328 ,-0.6848755 ,3 ,Acc ,15
3dd9e578dace13af ,5748448918798077 ,-0.57244873 ,-0.19647217 ,-0.6588745 ,3 ,Acc ,15
3dd9e578dace13af ,5748449020252556 ,-0.57751465 ,-0.21954346 ,-0.62176514 ,3 ,Acc ,15
3dd9e578dace13af ,5748449137691670 ,-0.5741577 ,-0.27490234 ,-0.586792 ,3 ,Acc ,15
3dd9e578dace13af ,5748449236730993 ,-0.5610962 ,-0.30688477 ,-0.5947876 ,3 ,Acc ,15
3dd9e578dace13af ,5748449340650941 ,-0.55078125 ,-0.32043457 ,-0.63464355 ,3 ,Acc ,15
3dd9e578dace13af ,5748449440228701 ,-0.5408325 ,-0.3446045 ,-0.64056396 ,3 ,Acc ,15
3dd9e578dace13af ,5748449540865941 ,-0.5326538 ,-0.35498047 ,-0.633728 ,3 ,Acc ,15
3dd9e578dace13af ,5748449640337087 ,-0.5317993 ,-0.36206055 ,-0.59942627 ,3 ,Acc ,15
3dd9e578dace13af ,5748449741103076 ,-0.53460693 ,-0.3834839 ,-0.53826904 ,3 ,Acc ,15
3dd9e578dace13af ,5748449860798701 ,-0.5472412 ,-0.40716553 ,-0.44482422 ,3 ,Acc ,15
3dd9e578dace13af ,5748449960681462 ,-0.5510254 ,-0.44036865 ,-0.3585205 ,3 ,Acc ,15
3dd9e578dace13af ,5748450061407451 ,-0.52093506 ,-0.4852295 ,-0.26330566 ,3 ,Acc ,15
3dd9e578dace13af ,5748450178211514 ,-0.52752686 ,-0.472229 ,-0.2107544 ,3 ,Acc ,15
3dd9e578dace13af ,5748450281098389 ,-0.5175781 ,-0.46746826 ,-0.16351318 ,3 ,Acc ,15
3dd9e578dace13af ,5748450321706774 ,0.5543701 ,-0.043542482 ,0.27506104 ,3 ,Acc ,4
3dd9e578dace13af ,5748450400812555 ,-0.5062866 ,-0.46801758 ,-0.15209961 ,3 ,Acc ,15
3dd9e578dace13af ,5748450517705263 ,-0.5004883 ,-0.48217773 ,-0.15814209 ,3 ,Acc ,15
3dd9e578dace13af ,5748450641605315 ,-0.48388672 ,-0.506897 ,-0.12866211 ,3 ,Acc ,15
3dd9e578dace13af ,5748450741377711 ,-0.47998047 ,-0.51416016 ,-0.11022949 ,3 ,Acc ,15
3dd9e578dace13af ,5748450862397086 ,-0.4753418 ,-0.51379395 ,-0.08862305 ,3 ,Acc ,15
3dd9e578dace13af ,5748450980723805 ,-0.4572754 ,-0.5204468 ,-0.062561035 ,3 ,Acc ,15
3dd9e578dace13af ,5748451101267138 ,-0.43878174 ,-0.52349854 ,-0.031311035 ,3 ,Acc ,15
3dd9e578dace13af ,5748451202414065 ,-0.4187622 ,-0.5494995 ,0.01159668 ,3 ,Acc ,15
3dd9e578dace13af ,5748451200739117 ,7.695511 ,-6.062332 ,0.44421387 ,0 ,Acc ,9
3dd9e578dace13af ,5748451302817399 ,-0.40216064 ,-0.5664673 ,0.046569824 ,3 ,Acc ,15
3dd9e578dace13af ,5748451418890784 ,-0.39611816 ,-0.57684326 ,0.07128906 ,3 ,Acc ,15
3dd9e578dace13af ,5748451521123336 ,-0.381958 ,-0.5803833 ,0.08917236 ,3 ,Acc ,15
3dd9e578dace13af ,5748451621181305 ,-0.3595581 ,-0.59161377 ,0.117126465 ,3 ,Acc ,15
3dd9e578dace13af ,5748451722606982 ,-0.3392334 ,-0.6008911 ,0.13891602 ,3 ,Acc ,15
3dd9e578dace13af ,5748451841852294 ,-0.33551025 ,-0.5957031 ,0.15948486 ,3 ,Acc ,15
3dd9e578dace13af ,5748451941345263 ,-0.31433105 ,-0.5897827 ,0.18139648 ,3 ,Acc ,15
3dd9e578dace13af ,5748452042990055 ,-0.29333496 ,-0.5947876 ,0.20257568 ,3 ,Acc ,15
3dd9e578dace13af ,5748452157390315 ,-0.28277588 ,-0.58740234 ,0.21203613 ,3 ,Acc ,15
3dd9e578dace13af ,5748452263560888 ,-0.2647705 ,-0.58410645 ,0.21612549 ,3 ,Acc ,15
3dd9e578dace13af ,5748452382843804 ,-0.24310303 ,-0.58587646 ,0.21984863 ,3 ,Acc ,15
3dd9e578dace13af ,5748452503254898 ,-0.22546387 ,-0.58569336 ,0.21203613 ,3 ,Acc ,15
3dd9e578dace13af ,5748452605178804 ,-0.20721436 ,-0.58740234 ,0.21368408 ,3 ,Acc ,15
3dd9e578dace13af ,5748452723792138 ,-0.19335938 ,-0.5883789 ,0.21069336 ,3 ,Acc ,15
3dd9e578dace13af ,5748452823586877 ,-0.18743896 ,-0.58374023 ,0.21221924 ,3 ,Acc ,15
3dd9e578dace13af ,5748452943062085 ,-0.18597412 ,-0.57696533 ,0.21044922 ,3 ,Acc ,15
3dd9e578dace13af ,5748453061118075 ,-0.17669678 ,-0.57128906 ,0.22064209 ,3 ,Acc ,15
3dd9e578dace13af ,5748453184890210 ,-0.17254639 ,-0.55529785 ,0.24328613 ,3 ,Acc ,15
3dd9e578dace13af ,5748453283974898 ,-0.19396973 ,-0.53326416 ,0.26733398 ,3 ,Acc ,15
3dd9e578dace13af ,5748453343960679 ,0.7317261 ,0.3164795 ,0.814563 ,3 ,Acc ,4
3dd9e578dace13af ,5748453399887502 ,-0.21569824 ,-0.5012207 ,0.29699707 ,3 ,Acc ,15
3dd9e578dace13af ,5748453499661669 ,-0.28735352 ,-0.49597168 ,0.26501465 ,3 ,Acc ,15
3dd9e578dace13af ,5748453605819064 ,-0.51605225 ,-0.5029907 ,0.10272217 ,3 ,Acc ,15
3dd9e578dace13af ,5748453721621408 ,-0.72161865 ,-0.45300293 ,-0.024047852 ,3 ,Acc ,15
3dd9e578dace13af ,5748453825522814 ,-0.859375 ,-0.3996582 ,-0.14837646 ,3 ,Acc ,15
3dd9e578dace13af ,5748453925115158 ,-0.9038696 ,-0.35253906 ,-0.15844727 ,3 ,Acc ,15
3dd9e578dace13af ,5748454040696043 ,-0.9259033 ,-0.32965088 ,-0.14770508 ,3 ,Acc ,15
3dd9e578dace13af ,5748454140146356 ,-0.9328003 ,-0.3244629 ,-0.13952637 ,3 ,Acc ,15
