3dd9e578dace13af ,302151994074 ,1.9563446 ,-4.9158325 ,8.256973 ,0 ,Acc ,9
3dd9e578dace13af ,305155458031 ,1.2178955 ,-3.939087 ,8.897781 ,0 ,Acc ,9
3dd9e578dace13af ,305153805687 ,0.7932129 ,-0.25553894 ,0.104400635 ,0 ,Acc ,10
3dd9e578dace13af ,308175535530 ,1.0283813 ,-1.2681427 ,9.669769 ,0 ,Acc ,9
3dd9e578dace13af ,308175039488 ,-0.02281189 ,0.17160034 ,0.07461548 ,0 ,Acc ,10
3dd9e578dace13af ,311180212612 ,0.7223358 ,-2.8264618 ,9.362671 ,0 ,Acc ,9
3dd9e578dace13af ,311178373810 ,-0.018447876 ,0.082717896 ,0.1662445 ,0 ,Acc ,10
3dd9e578dace13af ,314185280527 ,0.29386902 ,-0.45896912 ,-0.18806458 ,0 ,Acc ,10
3dd9e578dace13af ,314186990892 ,0.9606781 ,-5.3158264 ,8.184692 ,0 ,Acc ,9
3dd9e578dace13af ,314983901673 ,1.4661102 ,-4.901001 ,8.366653 ,0 ,Acc ,9
3dd9e578dace13af ,315085450475 ,1.4102173 ,-5.0579987 ,8.282394 ,0 ,Acc ,9
3dd9e578dace13af ,315187789329 ,1.399292 ,-5.2601776 ,8.157364 ,0 ,Acc ,9
3dd9e578dace13af ,315287751881 ,1.3575287 ,-5.3643494 ,8.096359 ,0 ,Acc ,9
3dd9e578dace13af ,315388285892 ,1.3238678 ,-5.4188232 ,8.065598 ,0 ,Acc ,9
3dd9e578dace13af ,315508386933 ,1.2926788 ,-5.4219666 ,8.0685425 ,0 ,Acc ,9
3dd9e578dace13af ,315628697350 ,1.3226013 ,-5.4853973 ,8.020691 ,0 ,Acc ,9
3dd9e578dace13af ,315748632506 ,1.3260498 ,-5.54834 ,7.9767 ,0 ,Acc ,9
3dd9e578dace13af ,315848347454 ,1.234726 ,-5.702545 ,7.8820496 ,0 ,Acc ,9
3dd9e578dace13af ,315948868652 ,1.1413574 ,-5.988037 ,7.6818542 ,0 ,Acc ,9
3dd9e578dace13af ,316048500527 ,1.0733643 ,-6.093857 ,7.608078 ,0 ,Acc ,9
3dd9e578dace13af ,316149033600 ,1.0096283 ,-6.066284 ,7.6387787 ,0 ,Acc ,9
3dd9e578dace13af ,316228884068 ,0.30914307 ,-0.117004395 ,0.4753418 ,3 ,Acc ,15
3dd9e578dace13af ,316330571516 ,0.31274414 ,-0.11663818 ,0.4696045 ,3 ,Acc ,15
3dd9e578dace13af ,316431004745 ,0.3242798 ,-0.11828613 ,0.46502686 ,3 ,Acc ,15
3dd9e578dace13af ,316551350787 ,0.34197998 ,-0.12506104 ,0.4664917 ,3 ,Acc ,15
3dd9e578dace13af ,316671497922 ,0.3375244 ,-0.12548828 ,0.47399902 ,3 ,Acc ,15
3dd9e578dace13af ,316772569172 ,0.33563232 ,-0.12524414 ,0.4696045 ,3 ,Acc ,15
3dd9e578dace13af ,316887147141 ,0.34490967 ,-0.12182617 ,0.4644165 ,3 ,Acc ,15
3dd9e578dace13af ,316991873339 ,0.34454346 ,-0.116760254 ,0.46380615 ,3 ,Acc ,15
3dd9e578dace13af ,317112051881 ,0.34716797 ,-0.115600586 ,0.45977783 ,3 ,Acc ,15
3dd9e578dace13af ,317192799224 ,2.0398598 ,-6.172252 ,7.431602 ,3 ,Acc ,1
3dd9e578dace13af ,317226394172 ,0.3466797 ,-0.11254883 ,0.4552002 ,3 ,Acc ,15
3dd9e578dace13af ,317331629901 ,0.34674072 ,-0.10772705 ,0.4529419 ,3 ,Acc ,15
3dd9e578dace13af ,317451862557 ,0.34881592 ,-0.10534668 ,0.4484253 ,3 ,Acc ,15
3dd9e578dace13af ,317552549380 ,0.34985352 ,-0.10241699 ,0.44482422 ,3 ,Acc ,15
3dd9e578dace13af ,317672546359 ,0.347229 ,-0.09814453 ,0.44250488 ,3 ,Acc ,15
3dd9e578dace13af ,317773671568 ,0.32348633 ,-0.08123779 ,0.44995117 ,3 ,Acc ,15
3dd9e578dace13af ,317892110474 ,0.32037354 ,-0.061584473 ,0.43914795 ,3 ,Acc ,15
3dd9e578dace13af ,317992946984 ,0.32080078 ,-0.04522705 ,0.42663574 ,3 ,Acc ,15
3dd9e578dace13af ,318113107349 ,0.31536865 ,-0.03717041 ,0.42126465 ,3 ,Acc ,15
3dd9e578dace13af ,318233181463 ,0.3102417 ,-0.049682617 ,0.4171753 ,3 ,Acc ,15
3dd9e578dace13af ,318332802297 ,0.3106079 ,-0.057495117 ,0.41363525 ,3 ,Acc ,15
3dd9e578dace13af ,318433468963 ,0.31298828 ,-0.05822754 ,0.41125488 ,3 ,Acc ,15
3dd9e578dace13af ,318532947661 ,0.31207275 ,-0.053771973 ,0.41308594 ,3 ,Acc ,15
3dd9e578dace13af ,318633654120 ,0.3112793 ,-0.054626465 ,0.4187622 ,3 ,Acc ,15
3dd9e578dace13af ,318733180005 ,0.31311035 ,-0.057739258 ,0.42907715 ,3 ,Acc ,15
3dd9e578dace13af ,318833718599 ,0.30926514 ,-0.05822754 ,0.44799805 ,3 ,Acc ,15
3dd9e578dace13af ,318933314901 ,0.30181885 ,-0.062927246 ,0.472229 ,3 ,Acc ,15
3dd9e578dace13af ,319053553807 ,0.27838135 ,-0.06640625 ,0.51330566 ,3 ,Acc ,15
3dd9e578dace13af ,319152620057 ,1.7361603 ,-4.9417267 ,8.290665 ,0 ,Acc ,9
3dd9e578dace13af ,319154362869 ,0.26934814 ,-0.06878662 ,0.5328369 ,3 ,Acc ,15
3dd9e578dace13af ,319274164484 ,0.276062 ,-0.07623291 ,0.5282593 ,3 ,Acc ,15
3dd9e578dace13af ,319375367400 ,0.2805786 ,-0.073913574 ,0.52001953 ,3 ,Acc ,15
3dd9e578dace13af ,319493934171 ,0.28631592 ,-0.06414795 ,0.5132446 ,3 ,Acc ,15
3dd9e578dace13af ,319594482452 ,0.2880249 ,-0.056518555 ,0.50286865 ,3 ,Acc ,15
3dd9e578dace13af ,319694297661 ,0.2897339 ,-0.052978516 ,0.49438477 ,3 ,Acc ,15
3dd9e578dace13af ,319794032557 ,0.28967285 ,-0.047180176 ,0.49108887 ,3 ,Acc ,15
3dd9e578dace13af ,319894421932 ,0.29083252 ,-0.04321289 ,0.48669434 ,3 ,Acc ,15
3dd9e578dace13af ,319994966619 ,0.29180908 ,-0.040100098 ,0.4814453 ,3 ,Acc ,15
3dd9e578dace13af ,320115107192 ,0.29101563 ,-0.036987305 ,0.4781494 ,3 ,Acc ,15
3dd9e578dace13af ,320195927452 ,2.4181437 ,-4.9703627 ,8.293514 ,3 ,Acc ,1
3dd9e578dace13af ,320229465213 ,0.2915039 ,-0.03564453 ,0.47351074 ,3 ,Acc ,15
3dd9e578dace13af ,320334936983 ,0.291687 ,-0.033691406 ,0.46984863 ,3 ,Acc ,15
3dd9e578dace13af ,320435437661 ,0.29187012 ,-0.032226563 ,0.46673584 ,3 ,Acc ,15
3dd9e578dace13af ,320535044640 ,0.29211426 ,-0.030639648 ,0.46228027 ,3 ,Acc ,15
3dd9e578dace13af ,320635802088 ,0.2919922 ,-0.029296875 ,0.45880127 ,3 ,Acc ,15
3dd9e578dace13af ,320755824796 ,0.29223633 ,-0.026855469 ,0.45428467 ,3 ,Acc ,15
3dd9e578dace13af ,320875941983 ,0.2921753 ,-0.024536133 ,0.45007324 ,3 ,Acc ,15
3dd9e578dace13af ,320977108494 ,0.29248047 ,-0.02319336 ,0.44628906 ,3 ,Acc ,15
3dd9e578dace13af ,321095691983 ,0.29260254 ,-0.020935059 ,0.4420166 ,3 ,Acc ,15
3dd9e578dace13af ,321196267712 ,0.2929077 ,-0.019042969 ,0.4383545 ,3 ,Acc ,15
3dd9e578dace13af ,321295959483 ,0.29284668 ,-0.016723633 ,0.43469238 ,3 ,Acc ,15
3dd9e578dace13af ,321396492608 ,0.29144287 ,-0.01373291 ,0.4315796 ,3 ,Acc ,15
3dd9e578dace13af ,321496035993 ,0.29406738 ,-0.009460449 ,0.43310547 ,3 ,Acc ,15
3dd9e578dace13af ,321596775785 ,0.30029297 ,0.0056152344 ,0.44018555 ,3 ,Acc ,15
3dd9e578dace13af ,321716981931 ,0.31396484 ,0.023132324 ,0.44976807 ,3 ,Acc ,15
3dd9e578dace13af ,321837081566 ,0.33587646 ,0.022521973 ,0.4416504 ,3 ,Acc ,15
3dd9e578dace13af ,321957111254 ,0.33807373 ,0.02508545 ,0.4329834 ,3 ,Acc ,15
3dd9e578dace13af ,322077132504 ,0.3734131 ,0.008911133 ,0.40118408 ,3 ,Acc ,15
3dd9e578dace13af ,322155456670 ,3.0874329 ,-6.4430237 ,6.7175293 ,0 ,Acc ,9
3dd9e578dace13af ,322197554639 ,0.40216064 ,0.014770508 ,0.37145996 ,3 ,Acc ,15
3dd9e578dace13af ,322312425420 ,0.41027832 ,0.040893555 ,0.35455322 ,3 ,Acc ,15
3dd9e578dace13af ,322417126983 ,0.43792725 ,0.05432129 ,0.354187 ,3 ,Acc ,15
3dd9e578dace13af ,322517834691 ,0.46606445 ,0.06945801 ,0.36016846 ,3 ,Acc ,15
3dd9e578dace13af ,322638034639 ,0.46813965 ,0.09020996 ,0.37139893 ,3 ,Acc ,15
3dd9e578dace13af ,322757120055 ,0.49664307 ,0.09954834 ,0.4182129 ,3 ,Acc ,15
3dd9e578dace13af ,322857560680 ,0.5206299 ,0.10296631 ,0.48321533 ,3 ,Acc ,15
3dd9e578dace13af ,322958342972 ,0.55371094 ,0.08203125 ,0.5467529 ,3 ,Acc ,15
3dd9e578dace13af ,323078358805 ,0.6001587 ,0.05340576 ,0.6062012 ,3 ,Acc ,15
3dd9e578dace13af ,323179479587 ,0.62713623 ,0.018066406 ,0.66796875 ,3 ,Acc ,15
3dd9e578dace13af ,323217973180 ,10.127473 ,-3.3854012 ,0.090979666 ,3 ,Acc ,1
3dd9e578dace13af ,323295729795 ,0.64208984 ,-0.08148193 ,0.73895264 ,3 ,Acc ,15
3dd9e578dace13af ,323412580159 ,0.6352539 ,-0.15344238 ,0.7564087 ,3 ,Acc ,15
3dd9e578dace13af ,323518954899 ,0.6236572 ,-0.21777344 ,0.74902344 ,3 ,Acc ,15
3dd9e578dace13af ,323639221618 ,0.61535645 ,-0.28204346 ,0.7319946 ,3 ,Acc ,15
3dd9e578dace13af ,323758537711 ,0.6292114 ,-0.31274414 ,0.7079468 ,3 ,Acc ,15
3dd9e578dace13af ,323858530420 ,0.63812256 ,-0.32977295 ,0.68969727 ,3 ,Acc ,15
3dd9e578dace13af ,323958734586 ,0.6063843 ,-0.36547852 ,0.694458 ,3 ,Acc ,15
3dd9e578dace13af ,324079465003 ,0.55249023 ,-0.41461182 ,0.7010498 ,3 ,Acc ,15
3dd9e578dace13af ,324180600263 ,0.5140381 ,-0.44158936 ,0.7038574 ,3 ,Acc ,15
3dd9e578dace13af ,324299078128 ,0.47851563 ,-0.48937988 ,0.6777344 ,3 ,Acc ,15
3dd9e578dace13af ,324399768024 ,0.49249268 ,-0.49987793 ,0.64593506 ,3 ,Acc ,15
3dd9e578dace13af ,324520000680 ,0.552124 ,-0.45928955 ,0.6217041 ,3 ,Acc ,15
3dd9e578dace13af ,324640214430 ,0.60284424 ,-0.40063477 ,0.63623047 ,3 ,Acc ,15
3dd9e578dace13af ,324760361461 ,0.618103 ,-0.36480713 ,0.6563721 ,3 ,Acc ,15
3dd9e578dace13af ,324880374794 ,0.60131836 ,-0.34857178 ,0.6972656 ,3 ,Acc ,15
3dd9e578dace13af ,324981135784 ,0.5241089 ,-0.39013672 ,0.74554443 ,3 ,Acc ,15
3dd9e578dace13af ,325099875888 ,0.48553467 ,-0.43029785 ,0.7513428 ,3 ,Acc ,15
3dd9e578dace13af ,325158883492 ,8.430069 ,-4.794464 ,1.4550323 ,0 ,Acc ,9
3dd9e578dace13af ,325220136877 ,0.5567627 ,-0.36090088 ,0.7407837 ,3 ,Acc ,15
3dd9e578dace13af ,325320915054 ,0.62719727 ,-0.29595947 ,0.7122803 ,3 ,Acc ,15
3dd9e578dace13af ,325436661461 ,0.68096924 ,-0.23919678 ,0.6845093 ,3 ,Acc ,15
3dd9e578dace13af ,325540511877 ,0.6798706 ,-0.22375488 ,0.6966553 ,3 ,Acc ,15
3dd9e578dace13af ,325640187763 ,0.6291504 ,-0.24957275 ,0.736084 ,3 ,Acc ,15
3dd9e578dace13af ,325740048127 ,0.5439453 ,-0.3383789 ,0.7666626 ,3 ,Acc ,15
3dd9e578dace13af ,325860851773 ,0.47253418 ,-0.36236572 ,0.7913208 ,3 ,Acc ,15
3dd9e578dace13af ,325982556877 ,0.45690918 ,-0.36401367 ,0.79522705 ,3 ,Acc ,15
3dd9e578dace13af ,326101602502 ,0.5074463 ,-0.36206055 ,0.7770386 ,3 ,Acc ,15
3dd9e578dace13af ,326201833804 ,0.56365967 ,-0.34051514 ,0.7515869 ,3 ,Acc ,15
3dd9e578dace13af ,326240489273 ,9.26556 ,-2.8107927 ,2.1021092 ,3 ,Acc ,1
3dd9e578dace13af ,326319872450 ,0.5734863 ,-0.39538574 ,0.67749023 ,3 ,Acc ,15
3dd9e578dace13af ,326419188231 ,0.5442505 ,-0.45733643 ,0.6046753 ,3 ,Acc ,15
3dd9e578dace13af ,326522035106 ,0.5378418 ,-0.4987793 ,0.54956055 ,3 ,Acc ,15
3dd9e578dace13af ,326642383908 ,0.555603 ,-0.52545166 ,0.5288696 ,3 ,Acc ,15
3dd9e578dace13af ,326742288491 ,0.5652466 ,-0.52490234 ,0.5664673 ,3 ,Acc ,15
3dd9e578dace13af ,326842440783 ,0.5061035 ,-0.53234863 ,0.64471436 ,3 ,Acc ,15
3dd9e578dace13af ,326956750002 ,0.36761475 ,-0.5708618 ,0.7236328 ,3 ,Acc ,15
3dd9e578dace13af ,327062577033 ,0.27893066 ,-0.57696533 ,0.7658081 ,3 ,Acc ,15
3dd9e578dace13af ,327162787189 ,0.2738037 ,-0.57702637 ,0.7682495 ,3 ,Acc ,15
3dd9e578dace13af ,327262785054 ,0.3737793 ,-0.5932007 ,0.699646 ,3 ,Acc ,15
3dd9e578dace13af ,327363060002 ,0.46472168 ,-0.60009766 ,0.5967407 ,3 ,Acc ,15
3dd9e578dace13af ,327462978804 ,0.510376 ,-0.6030884 ,0.50164795 ,3 ,Acc ,15
3dd9e578dace13af ,327563234845 ,0.54504395 ,-0.5977173 ,0.45898438 ,3 ,Acc ,15
3dd9e578dace13af ,327662978335 ,0.54956055 ,-0.5961914 ,0.45111084 ,3 ,Acc ,15
3dd9e578dace13af ,327782995418 ,0.54089355 ,-0.5987549 ,0.47473145 ,3 ,Acc ,15
3dd9e578dace13af ,327883533335 ,0.5296631 ,-0.58361816 ,0.54278564 ,3 ,Acc ,15
3dd9e578dace13af ,327984778022 ,0.45690918 ,-0.5784912 ,0.63568115 ,3 ,Acc ,15
3dd9e578dace13af ,328103301928 ,0.31903076 ,-0.6132202 ,0.70843506 ,3 ,Acc ,15
3dd9e578dace13af ,328162220835 ,4.8122253 ,-8.449265 ,1.2738495 ,0 ,Acc ,9
3dd9e578dace13af ,328223289428 ,0.22387695 ,-0.58532715 ,0.7781372 ,3 ,Acc ,15
3dd9e578dace13af ,328324113699 ,0.24987793 ,-0.5618286 ,0.7874756 ,3 ,Acc ,15
3dd9e578dace13af ,328444192553 ,0.41186523 ,-0.57244873 ,0.6902466 ,3 ,Acc ,15
3dd9e578dace13af ,328561481147 ,0.55267334 ,-0.5280762 ,0.5979004 ,3 ,Acc ,15
3dd9e578dace13af ,328663625470 ,0.59210205 ,-0.524353 ,0.54901123 ,3 ,Acc ,15
3dd9e578dace13af ,328764080782 ,0.61413574 ,-0.5214844 ,0.5244751 ,3 ,Acc ,15
3dd9e578dace13af ,328881026251 ,0.6246948 ,-0.5108032 ,0.53826904 ,3 ,Acc ,15
3dd9e578dace13af ,328985279741 ,0.59869385 ,-0.5107422 ,0.58496094 ,3 ,Acc ,15
3dd9e578dace13af ,329103814897 ,0.49291992 ,-0.52423096 ,0.6871338 ,3 ,Acc ,15
3dd9e578dace13af ,329205018751 ,0.36639404 ,-0.5583496 ,0.7442627 ,3 ,Acc ,15
3dd9e578dace13af ,329245703959 ,7.3789296 ,-2.9592333 ,-0.6464345 ,3 ,Acc ,1
3dd9e578dace13af ,329319263699 ,0.22381592 ,-0.5429077 ,0.79663086 ,3 ,Acc ,15
3dd9e578dace13af ,329419251928 ,0.20593262 ,-0.5256958 ,0.8078613 ,3 ,Acc ,15
3dd9e578dace13af ,329525363074 ,0.32885742 ,-0.522522 ,0.7809448 ,3 ,Acc ,15
3dd9e578dace13af ,329645584376 ,0.4897461 ,-0.4744873 ,0.7313843 ,3 ,Acc ,15
3dd9e578dace13af ,329744888490 ,0.5656128 ,-0.45654297 ,0.6854248 ,3 ,Acc ,15
3dd9e578dace13af ,329845798699 ,0.6029053 ,-0.45288086 ,0.6538086 ,3 ,Acc ,15
3dd9e578dace13af ,329965864011 ,0.62384033 ,-0.45544434 ,0.63171387 ,3 ,Acc ,15
3dd9e578dace13af ,330086056042 ,0.61047363 ,-0.43963623 ,0.65856934 ,3 ,Acc ,15
3dd9e578dace13af ,330187071407 ,0.53411865 ,-0.44439697 ,0.71661377 ,3 ,Acc ,15
3dd9e578dace13af ,330305579792 ,0.39990234 ,-0.52752686 ,0.73480225 ,3 ,Acc ,15
3dd9e578dace13af ,330406310365 ,0.29785156 ,-0.5440674 ,0.7474365 ,3 ,Acc ,15
3dd9e578dace13af ,330505884011 ,0.27947998 ,-0.52160645 ,0.76171875 ,3 ,Acc ,15
3dd9e578dace13af ,330606351511 ,0.40026855 ,-0.4824829 ,0.75756836 ,3 ,Acc ,15
3dd9e578dace13af ,330706037240 ,0.53900146 ,-0.43395996 ,0.7178955 ,3 ,Acc ,15
3dd9e578dace13af ,330826204844 ,0.58862305 ,-0.45166016 ,0.6691284 ,3 ,Acc ,15
3dd9e578dace13af ,330925583542 ,0.5947876 ,-0.46954346 ,0.651001 ,3 ,Acc ,15
3dd9e578dace13af ,331026368125 ,0.5900879 ,-0.48291016 ,0.6461792 ,3 ,Acc ,15
3dd9e578dace13af ,331126396511 ,0.609375 ,-0.46850586 ,0.6392822 ,3 ,Acc ,15
3dd9e578dace13af ,331165143438 ,7.8042603 ,-5.7058105 ,-1.6454163 ,0 ,Acc ,9
3dd9e578dace13af ,331226451458 ,0.6036377 ,-0.4421997 ,0.6624756 ,3 ,Acc ,15
3dd9e578dace13af ,331327238698 ,0.506897 ,-0.48950195 ,0.7027588 ,3 ,Acc ,15
3dd9e578dace13af ,331426816250 ,0.3916626 ,-0.5661011 ,0.70007324 ,3 ,Acc ,15
3dd9e578dace13af ,331527122031 ,0.29718018 ,-0.5673828 ,0.71691895 ,3 ,Acc ,15
3dd9e578dace13af ,331647737760 ,0.3109131 ,-0.5186157 ,0.74212646 ,3 ,Acc ,15
3dd9e578dace13af ,331747122604 ,0.43463135 ,-0.44903564 ,0.7501221 ,3 ,Acc ,15
3dd9e578dace13af ,331847871667 ,0.5149536 ,-0.40893555 ,0.73516846 ,3 ,Acc ,15
3dd9e578dace13af ,331968016719 ,0.5390625 ,-0.45428467 ,0.6991577 ,3 ,Acc ,15
3dd9e578dace13af ,332087115208 ,0.54467773 ,-0.45336914 ,0.69415283 ,3 ,Acc ,15
3dd9e578dace13af ,332202479479 ,0.55023193 ,-0.4416504 ,0.6925659 ,3 ,Acc ,15
3dd9e578dace13af ,332262666406 ,16.4338 ,-8.010999 ,2.801216 ,3 ,Acc ,1
3dd9e578dace13af ,332322454896 ,0.47894287 ,-0.42755127 ,0.73706055 ,3 ,Acc ,15
3dd9e578dace13af ,332442822135 ,0.32336426 ,-0.51312256 ,0.736084 ,3 ,Acc ,15
3dd9e578dace13af ,332864319739 ,0.47668457 ,-0.4475708 ,0.7305908 ,3 ,Acc ,15
3dd9e578dace13af ,332968985364 ,0.5690918 ,-0.41290283 ,0.6972656 ,3 ,Acc ,15
3dd9e578dace13af ,333089288958 ,0.6079712 ,-0.40759277 ,0.6704712 ,3 ,Acc ,15
3dd9e578dace13af ,333190380676 ,0.6088867 ,-0.43029785 ,0.65667725 ,3 ,Acc ,15
3dd9e578dace13af ,333308898645 ,0.5684204 ,-0.46411133 ,0.66345215 ,3 ,Acc ,15
3dd9e578dace13af ,333428981249 ,0.45391846 ,-0.5107422 ,0.69384766 ,3 ,Acc ,15
3dd9e578dace13af ,333529612447 ,0.3265381 ,-0.57373047 ,0.6881714 ,3 ,Acc ,15
3dd9e578dace13af ,333648918593 ,0.18457031 ,-0.57733154 ,0.6933594 ,3 ,Acc ,15
3dd9e578dace13af ,333749301041 ,0.18475342 ,-0.5588379 ,0.70770264 ,3 ,Acc ,15
3dd9e578dace13af ,333848689791 ,0.31243896 ,-0.5213623 ,0.7235718 ,3 ,Acc ,15
3dd9e578dace13af ,333970209322 ,0.4519043 ,-0.4710083 ,0.71551514 ,3 ,Acc ,15
3dd9e578dace13af ,334090353384 ,0.51330566 ,-0.5209961 ,0.66400146 ,3 ,Acc ,15
3dd9e578dace13af ,334168818541 ,5.434799 ,-8.124893 ,-0.78686523 ,0 ,Acc ,9
3dd9e578dace13af ,334208189947 ,0.53601074 ,-0.5054321 ,0.66015625 ,3 ,Acc ,15
3dd9e578dace13af ,334309930728 ,0.52716064 ,-0.5093994 ,0.6600342 ,3 ,Acc ,15
3dd9e578dace13af ,334410654634 ,0.48565674 ,-0.49853516 ,0.6802368 ,3 ,Acc ,15
3dd9e578dace13af ,334530761509 ,0.34655762 ,-0.567688 ,0.6837158 ,3 ,Acc ,15
3dd9e578dace13af ,334630267186 ,0.21234131 ,-0.6080322 ,0.6569824 ,3 ,Acc ,15
3dd9e578dace13af ,334765908384 ,0.13787842 ,-0.5725708 ,0.675354 ,3 ,Acc ,15
3dd9e578dace13af ,334870546301 ,0.26263428 ,-0.53344727 ,0.70654297 ,3 ,Acc ,15
3dd9e578dace13af ,334971269426 ,0.40142822 ,-0.47143555 ,0.7196045 ,3 ,Acc ,15
3dd9e578dace13af ,335065997134 ,0.4892578 ,-0.4607544 ,0.7000122 ,3 ,Acc ,15
3dd9e578dace13af ,335192546353 ,0.52923584 ,-0.46697998 ,0.67645264 ,3 ,Acc ,15
3dd9e578dace13af ,335265863644 ,9.509769 ,-4.4436383 ,2.777274 ,3 ,Acc ,1
3dd9e578dace13af ,335307154165 ,0.5253296 ,-0.46704102 ,0.67596436 ,3 ,Acc ,15
3dd9e578dace13af ,335411746769 ,0.5048828 ,-0.46594238 ,0.6816406 ,3 ,Acc ,15
3dd9e578dace13af ,335511153696 ,0.42822266 ,-0.48706055 ,0.6893921 ,3 ,Acc ,15
3dd9e578dace13af ,335626542498 ,0.3178711 ,-0.54992676 ,0.65625 ,3 ,Acc ,15
3dd9e578dace13af ,335732095155 ,0.22814941 ,-0.5472412 ,0.6350708 ,3 ,Acc ,15
3dd9e578dace13af ,335852393384 ,0.19250488 ,-0.52648926 ,0.6409302 ,3 ,Acc ,15
3dd9e578dace13af ,335970389478 ,0.30010986 ,-0.5199585 ,0.66101074 ,3 ,Acc ,15
3dd9e578dace13af ,336071847030 ,0.3789673 ,-0.5222168 ,0.66552734 ,3 ,Acc ,15
3dd9e578dace13af ,336172571248 ,0.42034912 ,-0.5739136 ,0.6298828 ,3 ,Acc ,15
3dd9e578dace13af ,336272130727 ,0.43444824 ,-0.61053467 ,0.59454346 ,3 ,Acc ,15
3dd9e578dace13af ,336372766613 ,0.4333496 ,-0.6413574 ,0.5686035 ,3 ,Acc ,15
3dd9e578dace13af ,336472212186 ,0.44433594 ,-0.6394043 ,0.56274414 ,3 ,Acc ,15
3dd9e578dace13af ,336572959217 ,0.44592285 ,-0.61657715 ,0.5760498 ,3 ,Acc ,15
3dd9e578dace13af ,336693107446 ,0.36486816 ,-0.60772705 ,0.6062012 ,3 ,Acc ,15
3dd9e578dace13af ,336794286352 ,0.274292 ,-0.62164307 ,0.6010742 ,3 ,Acc ,15
3dd9e578dace13af ,336912752185 ,0.1873169 ,-0.6119995 ,0.61169434 ,3 ,Acc ,15
3dd9e578dace13af ,337013442029 ,0.199646 ,-0.6112671 ,0.61260986 ,3 ,Acc ,15
3dd9e578dace13af ,337114784894 ,0.27807617 ,-0.5991821 ,0.61932373 ,3 ,Acc ,15
3dd9e578dace13af ,337172011769 ,-0.769577 ,-9.70639 ,1.1679077 ,0 ,Acc ,9
3dd9e578dace13af ,337233640935 ,0.3348999 ,-0.5869751 ,0.6298218 ,3 ,Acc ,15
3dd9e578dace13af ,337333837342 ,0.3411255 ,-0.6300659 ,0.6057739 ,3 ,Acc ,15
3dd9e578dace13af ,337437763227 ,0.31115723 ,-0.65405273 ,0.6032715 ,3 ,Acc ,15
3dd9e578dace13af ,337554074894 ,0.26068115 ,-0.6083374 ,0.6411743 ,3 ,Acc ,15
3dd9e578dace13af ,337670716664 ,0.18218994 ,-0.53411865 ,0.6652832 ,3 ,Acc ,15
3dd9e578dace13af ,337774270727 ,0.09564209 ,-0.47375488 ,0.6498413 ,3 ,Acc ,15
3dd9e578dace13af ,337894357133 ,-0.08154297 ,-0.3439331 ,0.5881958 ,3 ,Acc ,15
3dd9e578dace13af ,337995521664 ,-0.20404053 ,-0.23803711 ,0.5302124 ,3 ,Acc ,15
3dd9e578dace13af ,338114605466 ,-0.26208496 ,-0.12182617 ,0.4763794 ,3 ,Acc ,15
3dd9e578dace13af ,338234624008 ,-0.20953369 ,0.008422852 ,0.45367432 ,3 ,Acc ,15
3dd9e578dace13af ,338269831091 ,4.606444 ,-2.384625 ,6.6367273 ,3 ,Acc ,1
3dd9e578dace13af ,338351352133 ,-0.15008545 ,0.15423584 ,0.4420166 ,3 ,Acc ,15
3dd9e578dace13af ,338455024060 ,-0.21081543 ,0.25964355 ,0.38275146 ,3 ,Acc ,15
3dd9e578dace13af ,338556365414 ,-0.3102417 ,0.28710938 ,0.2958374 ,3 ,Acc ,15
3dd9e578dace13af ,338675221299 ,-0.3546753 ,0.23913574 ,0.15948486 ,3 ,Acc ,15
3dd9e578dace13af ,338775471872 ,-0.36669922 ,0.20678711 ,0.038269043 ,3 ,Acc ,15
3dd9e578dace13af ,338874981664 ,-0.41583252 ,0.16571045 ,-0.15618896 ,3 ,Acc ,15
3dd9e578dace13af ,338975073956 ,-0.45532227 ,0.16693115 ,-0.37597656 ,3 ,Acc ,15
3dd9e578dace13af ,339075162445 ,-0.506897 ,0.16442871 ,-0.43243408 ,3 ,Acc ,15
3dd9e578dace13af ,339175099320 ,-0.55474854 ,0.16796875 ,-0.35949707 ,3 ,Acc ,15
3dd9e578dace13af ,339275107810 ,-0.5755615 ,0.1552124 ,-0.24035645 ,3 ,Acc ,15
3dd9e578dace13af ,339490939216 ,-0.5742798 ,0.036010742 ,0.008239746 ,3 ,Acc ,15
3dd9e578dace13af ,339590539059 ,-0.5180664 ,-0.026123047 ,0.1449585 ,3 ,Acc ,15
3dd9e578dace13af ,339710105778 ,-0.40966797 ,-0.095458984 ,0.3343506 ,3 ,Acc ,15
3dd9e578dace13af ,339810274007 ,-0.2680664 ,-0.18688965 ,0.41711426 ,3 ,Acc ,15
3dd9e578dace13af ,339910206663 ,-0.18255615 ,-0.24316406 ,0.5076904 ,3 ,Acc ,15
3dd9e578dace13af ,340010651299 ,-0.081848145 ,-0.25579834 ,0.6227417 ,3 ,Acc ,15
3dd9e578dace13af ,340110503747 ,0.0947876 ,-0.28198242 ,0.7227173 ,3 ,Acc ,15
3dd9e578dace13af ,340190642028 ,0.3531494 ,-6.9414825 ,6.9181824 ,0 ,Acc ,9
3dd9e578dace13af ,340310489268 ,0.3795166 ,-0.28479004 ,0.70758057 ,3 ,Acc ,15
3dd9e578dace13af ,340531496299 ,0.4541626 ,-0.34399414 ,0.6366577 ,3 ,Acc ,15
3dd9e578dace13af ,340631107392 ,0.4187622 ,-0.35839844 ,0.6452637 ,3 ,Acc ,15
3dd9e578dace13af ,340731708434 ,0.33276367 ,-0.36291504 ,0.6727295 ,3 ,Acc ,15
3dd9e578dace13af ,340831358903 ,0.20611572 ,-0.44085693 ,0.6561279 ,3 ,Acc ,15
3dd9e578dace13af ,340931955621 ,0.08154297 ,-0.520813 ,0.5695801 ,3 ,Acc ,15
3dd9e578dace13af ,341031433851 ,-0.044189453 ,-0.5390625 ,0.50323486 ,3 ,Acc ,15
3dd9e578dace13af ,341132018017 ,-0.087768555 ,-0.5285034 ,0.49414063 ,3 ,Acc ,15
3dd9e578dace13af ,341272165882 ,13.086706 ,-6.5936313 ,3.2273839 ,3 ,Acc ,1
3dd9e578dace13af ,341332247496 ,0.25042725 ,-0.40447998 ,0.6538696 ,3 ,Acc ,15
3dd9e578dace13af ,341452318173 ,0.4220581 ,-0.34869385 ,0.65997314 ,3 ,Acc ,15
3dd9e578dace13af ,341551975673 ,0.4744873 ,-0.31195068 ,0.65252686 ,3 ,Acc ,15
3dd9e578dace13af ,341653894423 ,0.5018921 ,-0.31756592 ,0.6341553 ,3 ,Acc ,15
3dd9e578dace13af ,341757123069 ,0.4814453 ,-0.3295288 ,0.6287842 ,3 ,Acc ,15
3dd9e578dace13af ,341858070257 ,0.38476563 ,-0.35528564 ,0.64068604 ,3 ,Acc ,15
3dd9e578dace13af ,341958280256 ,0.24719238 ,-0.47485352 ,0.60131836 ,3 ,Acc ,15
3dd9e578dace13af ,342075463069 ,0.06506348 ,-0.5518799 ,0.494812 ,3 ,Acc ,15
3dd9e578dace13af ,342179006350 ,-0.059814453 ,-0.55584717 ,0.44940186 ,3 ,Acc ,15
3dd9e578dace13af ,342299222808 ,-0.015686035 ,-0.5309448 ,0.4973755 ,3 ,Acc ,15
3dd9e578dace13af ,342419327131 ,0.18896484 ,-0.46606445 ,0.59716797 ,3 ,Acc ,15
3dd9e578dace13af ,342539437808 ,0.3927002 ,-0.43029785 ,0.61865234 ,3 ,Acc ,15
3dd9e578dace13af ,342638870465 ,0.48150635 ,-0.3920288 ,0.61383057 ,3 ,Acc ,15
3dd9e578dace13af ,342739687131 ,0.51086426 ,-0.37268066 ,0.6086426 ,3 ,Acc ,15
3dd9e578dace13af ,342853965256 ,0.49560547 ,-0.39648438 ,0.5875244 ,3 ,Acc ,15
3dd9e578dace13af ,342974027652 ,0.37268066 ,-0.442688 ,0.57562256 ,3 ,Acc ,15
3dd9e578dace13af ,343073728277 ,0.23461914 ,-0.53411865 ,0.52368164 ,3 ,Acc ,15
3dd9e578dace13af ,343176494996 ,0.086242676 ,-0.5726929 ,0.46038818 ,3 ,Acc ,15
3dd9e578dace13af ,343194046246 ,-7.1351776 ,-5.883316 ,3.2628174 ,0 ,Acc ,9
3dd9e578dace13af ,343300224787 ,-0.0095825195 ,-0.57177734 ,0.44177246 ,3 ,Acc ,15
3dd9e578dace13af ,343401091402 ,0.098083496 ,-0.53912354 ,0.503479 ,3 ,Acc ,15
3dd9e578dace13af ,343519866818 ,0.28393555 ,-0.46240234 ,0.5784912 ,3 ,Acc ,15
3dd9e578dace13af ,343640039058 ,0.41967773 ,-0.4290161 ,0.5820923 ,3 ,Acc ,15
3dd9e578dace13af ,343740807027 ,0.46899414 ,-0.41174316 ,0.5769043 ,3 ,Acc ,15
3dd9e578dace13af ,343860899110 ,0.49731445 ,-0.41204834 ,0.564209 ,3 ,Acc ,15
3dd9e578dace13af ,343980999162 ,0.43780518 ,-0.40637207 ,0.56085205 ,3 ,Acc ,15
3dd9e578dace13af ,344101109787 ,0.31158447 ,-0.49975586 ,0.52838135 ,3 ,Acc ,15
3dd9e578dace13af ,344202247547 ,0.17449951 ,-0.59521484 ,0.427063 ,3 ,Acc ,15
3dd9e578dace13af ,344254985568 ,6.517017 ,-1.4987702 ,-0.16759412 ,3 ,Acc ,1
3dd9e578dace13af ,344314736506 ,-0.019958496 ,-0.6066284 ,0.3869629 ,3 ,Acc ,15
3dd9e578dace13af ,344421400308 ,-0.010192871 ,-0.60150146 ,0.4109497 ,3 ,Acc ,15
3dd9e578dace13af ,344521092599 ,0.13134766 ,-0.5543823 ,0.48468018 ,3 ,Acc ,15
3dd9e578dace13af ,344641067443 ,0.28948975 ,-0.48138428 ,0.5499878 ,3 ,Acc ,15
3dd9e578dace13af ,344741818328 ,0.3928833 ,-0.46539307 ,0.55133057 ,3 ,Acc ,15
3dd9e578dace13af ,344859572912 ,0.4397583 ,-0.43878174 ,0.55462646 ,3 ,Acc ,15
3dd9e578dace13af ,344961463849 ,0.43377686 ,-0.43170166 ,0.5536499 ,3 ,Acc ,15
3dd9e578dace13af ,345062238432 ,0.37493896 ,-0.4437256 ,0.5380249 ,3 ,Acc ,15
3dd9e578dace13af ,345176458016 ,0.21661377 ,-0.5158081 ,0.4859619 ,3 ,Acc ,15
3dd9e578dace13af ,345281771297 ,0.08831787 ,-0.5644531 ,0.40716553 ,3 ,Acc ,15
3dd9e578dace13af ,345382527078 ,-0.017944336 ,-0.5720215 ,0.35998535 ,3 ,Acc ,15
3dd9e578dace13af ,345482102547 ,-0.030395508 ,-0.56347656 ,0.37530518 ,3 ,Acc ,15
3dd9e578dace13af ,345602371193 ,0.14764404 ,-0.5194092 ,0.45770264 ,3 ,Acc ,15
3dd9e578dace13af ,345702616036 ,0.24194336 ,-0.44561768 ,0.519104 ,3 ,Acc ,15
3dd9e578dace13af ,345803972547 ,0.32696533 ,-0.43945313 ,0.524353 ,3 ,Acc ,15
3dd9e578dace13af ,345922558120 ,0.3696289 ,-0.42315674 ,0.526062 ,3 ,Acc ,15
3dd9e578dace13af ,346023257807 ,0.3652954 ,-0.42175293 ,0.5196533 ,3 ,Acc ,15
3dd9e578dace13af ,346122793640 ,0.30773926 ,-0.43743896 ,0.5025635 ,3 ,Acc ,15
3dd9e578dace13af ,346202787807 ,-4.5376587 ,-7.662018 ,4.107712 ,0 ,Acc ,9
3dd9e578dace13af ,346241087546 ,0.19274902 ,-0.5265503 ,0.44366455 ,3 ,Acc ,15
3dd9e578dace13af ,346343549734 ,0.089416504 ,-0.5809326 ,0.35437012 ,3 ,Acc ,15
3dd9e578dace13af ,346443078953 ,-0.024108887 ,-0.5827637 ,0.3085327 ,3 ,Acc ,15
3dd9e578dace13af ,346563176921 ,-0.011230469 ,-0.56988525 ,0.33148193 ,3 ,Acc ,15
3dd9e578dace13af ,346664106140 ,0.123291016 ,-0.5232544 ,0.41479492 ,3 ,Acc ,15
3dd9e578dace13af ,346784076921 ,0.25982666 ,-0.46655273 ,0.4812622 ,3 ,Acc ,15
3dd9e578dace13af ,346904204734 ,0.37091064 ,-0.4598999 ,0.47668457 ,3 ,Acc ,15
3dd9e578dace13af ,347005218275 ,0.38494873 ,-0.43371582 ,0.484375 ,3 ,Acc ,15
3dd9e578dace13af ,347123802754 ,0.4053955 ,-0.43658447 ,0.4706421 ,3 ,Acc ,15
3dd9e578dace13af ,347224515202 ,0.34716797 ,-0.45361328 ,0.45880127 ,3 ,Acc ,15
3dd9e578dace13af ,347284613536 ,14.709975 ,-3.3087866 ,-0.545878 ,3 ,Acc ,1
3dd9e578dace13af ,347340255619 ,0.25006104 ,-0.56817627 ,0.362854 ,3 ,Acc ,15
3dd9e578dace13af ,347444136296 ,0.12225342 ,-0.5987549 ,0.30560303 ,3 ,Acc ,15
3dd9e578dace13af ,347580052702 ,0.024536133 ,-0.61169434 ,0.29577637 ,3 ,Acc ,15
3dd9e578dace13af ,347684337911 ,0.13012695 ,-0.61279297 ,0.3348999 ,3 ,Acc ,15
3dd9e578dace13af ,347785160827 ,0.28204346 ,-0.5709839 ,0.38482666 ,3 ,Acc ,15
3dd9e578dace13af ,347905233744 ,0.38897705 ,-0.51727295 ,0.43170166 ,3 ,Acc ,15
3dd9e578dace13af ,348019944525 ,0.40740967 ,-0.4993286 ,0.421875 ,3 ,Acc ,15
3dd9e578dace13af ,348124950254 ,0.40985107 ,-0.5119629 ,0.3977661 ,3 ,Acc ,15
3dd9e578dace13af ,348245035567 ,0.40997314 ,-0.5390625 ,0.3531494 ,3 ,Acc ,15
3dd9e578dace13af ,348345724994 ,0.36157227 ,-0.5913696 ,0.30462646 ,3 ,Acc ,15
3dd9e578dace13af ,348445243952 ,0.28552246 ,-0.6870117 ,0.21887207 ,3 ,Acc ,15
3dd9e578dace13af ,348545076973 ,0.20935059 ,-0.7496338 ,0.16223145 ,3 ,Acc ,15
3dd9e578dace13af ,348645037650 ,0.20758057 ,-0.7982788 ,0.13067627 ,3 ,Acc ,15
3dd9e578dace13af ,348745099056 ,0.30664063 ,-0.8231201 ,0.11566162 ,3 ,Acc ,15
3dd9e578dace13af ,348845787233 ,0.46746826 ,-0.8123169 ,0.08770752 ,3 ,Acc ,15
3dd9e578dace13af ,348965794004 ,0.61834717 ,-0.7680664 ,0.017028809 ,3 ,Acc ,15
3dd9e578dace13af ,349066456660 ,0.644104 ,-0.75909424 ,-0.020324707 ,3 ,Acc ,15
3dd9e578dace13af ,349166102702 ,0.6464844 ,-0.76049805 ,-0.05114746 ,3 ,Acc ,15
3dd9e578dace13af ,349205392129 ,-0.9995117 ,0.90530396 ,-9.71347 ,0 ,Acc ,9
3dd9e578dace13af ,349266605670 ,0.6414795 ,-0.76190186 ,-0.088378906 ,3 ,Acc ,15
3dd9e578dace13af ,349366150045 ,0.6444092 ,-0.755249 ,-0.11138916 ,3 ,Acc ,15
3dd9e578dace13af ,349466932597 ,0.6508179 ,-0.74365234 ,-0.1361084 ,3 ,Acc ,15
3dd9e578dace13af ,349587099629 ,0.6501465 ,-0.7434082 ,-0.13201904 ,3 ,Acc ,15
3dd9e578dace13af ,349707120201 ,0.6272583 ,-0.74902344 ,-0.144104 ,3 ,Acc ,15
3dd9e578dace13af ,349808290358 ,0.60424805 ,-0.7409668 ,-0.15875244 ,3 ,Acc ,15
3dd9e578dace13af ,349924671816 ,0.59020996 ,-0.6763916 ,-0.21936035 ,3 ,Acc ,15
3dd9e578dace13af ,350027587337 ,0.57244873 ,-0.5779419 ,-0.29644775 ,3 ,Acc ,15
3dd9e578dace13af ,350127128743 ,0.55426025 ,-0.44866943 ,-0.3798828 ,3 ,Acc ,15
3dd9e578dace13af ,350227619941 ,0.5210571 ,-0.32299805 ,-0.45489502 ,3 ,Acc ,15
3dd9e578dace13af ,350287176764 ,9.155427 ,-5.731719 ,-0.35434186 ,3 ,Acc ,1
3dd9e578dace13af ,350342063691 ,0.48156738 ,-0.21917725 ,-0.52404785 ,3 ,Acc ,15
3dd9e578dace13af ,350447117337 ,0.46209717 ,-0.18945313 ,-0.5656128 ,3 ,Acc ,15
3dd9e578dace13af ,350567120149 ,0.4465332 ,-0.20202637 ,-0.58807373 ,3 ,Acc ,15
3dd9e578dace13af ,350668530618 ,0.4517212 ,-0.2557373 ,-0.59277344 ,3 ,Acc ,15
3dd9e578dace13af ,350788375201 ,0.51135254 ,-0.41986084 ,-0.5053711 ,3 ,Acc ,15
3dd9e578dace13af ,350887784211 ,0.57562256 ,-0.522522 ,-0.39257813 ,3 ,Acc ,15
3dd9e578dace13af ,351006208170 ,0.58587646 ,-0.5413208 ,-0.31359863 ,3 ,Acc ,15
3dd9e578dace13af ,351108731763 ,0.5774536 ,-0.5437012 ,-0.27264404 ,3 ,Acc ,15
3dd9e578dace13af ,351209850774 ,0.5812988 ,-0.5623779 ,-0.24359131 ,3 ,Acc ,15
3dd9e578dace13af ,351328363117 ,0.5664673 ,-0.53912354 ,-0.3048706 ,3 ,Acc ,15
3dd9e578dace13af ,351428524420 ,0.5699463 ,-0.55114746 ,-0.3400879 ,3 ,Acc ,15
3dd9e578dace13af ,351527912180 ,0.5778198 ,-0.5722656 ,-0.33520508 ,3 ,Acc ,15
3dd9e578dace13af ,351629281242 ,0.57684326 ,-0.5609131 ,-0.362854 ,3 ,Acc ,15
3dd9e578dace13af ,351728913013 ,0.576416 ,-0.54797363 ,-0.38098145 ,3 ,Acc ,15
3dd9e578dace13af ,351848877388 ,0.5756836 ,-0.54974365 ,-0.38781738 ,3 ,Acc ,15
3dd9e578dace13af ,351949434523 ,0.57836914 ,-0.56915283 ,-0.38659668 ,3 ,Acc ,15
3dd9e578dace13af ,352049209315 ,0.58343506 ,-0.63183594 ,-0.30755615 ,3 ,Acc ,15
3dd9e578dace13af ,352149777544 ,0.5352173 ,-0.6699829 ,-0.23443604 ,3 ,Acc ,15
3dd9e578dace13af ,352208729211 ,4.817978 ,7.1783447 ,-4.6290894 ,0 ,Acc ,9
3dd9e578dace13af ,352269977753 ,0.4716797 ,-0.73046875 ,-0.11694336 ,3 ,Acc ,15
3dd9e578dace13af ,352390062180 ,0.46740723 ,-0.74212646 ,-0.0657959 ,3 ,Acc ,15
3dd9e578dace13af ,352510239627 ,0.53100586 ,-0.668396 ,-0.21466064 ,3 ,Acc ,15
3dd9e578dace13af ,352630393482 ,0.5828247 ,-0.59228516 ,-0.34875488 ,3 ,Acc ,15
3dd9e578dace13af ,352750480825 ,0.59246826 ,-0.5513916 ,-0.41680908 ,3 ,Acc ,15
3dd9e578dace13af ,352853213534 ,0.5887451 ,-0.53790283 ,-0.4439087 ,3 ,Acc ,15
3dd9e578dace13af ,352970111711 ,0.58032227 ,-0.5524292 ,-0.43341064 ,3 ,Acc ,15
3dd9e578dace13af ,353070920929 ,0.55914307 ,-0.5982666 ,-0.38189697 ,3 ,Acc ,15
3dd9e578dace13af ,353190921658 ,0.51049805 ,-0.65405273 ,-0.25115967 ,3 ,Acc ,15
3dd9e578dace13af ,353306739679 ,0.3937378 ,-0.7161865 ,-0.10449219 ,3 ,Acc ,15
3dd9e578dace13af ,353307461710 ,5.8322754 ,-2.585738 ,-0.20111294 ,3 ,Acc ,1
3dd9e578dace13af ,353411791085 ,0.3567505 ,-0.7508545 ,0.04083252 ,3 ,Acc ,15
3dd9e578dace13af ,353530723690 ,0.4050293 ,-0.74835205 ,0.018249512 ,3 ,Acc ,15
3dd9e578dace13af ,353631486137 ,0.49957275 ,-0.7074585 ,-0.15423584 ,3 ,Acc ,15
3dd9e578dace13af ,353731036971 ,0.5620117 ,-0.6569214 ,-0.29370117 ,3 ,Acc ,15
3dd9e578dace13af ,353831639054 ,0.5710449 ,-0.62231445 ,-0.37646484 ,3 ,Acc ,15
3dd9e578dace13af ,353931230825 ,0.564209 ,-0.5941162 ,-0.42926025 ,3 ,Acc ,15
3dd9e578dace13af ,354031909939 ,0.5626221 ,-0.58569336 ,-0.44830322 ,3 ,Acc ,15
3dd9e578dace13af ,354152015304 ,0.553833 ,-0.64019775 ,-0.3779297 ,3 ,Acc ,15
3dd9e578dace13af ,354269323585 ,0.4880371 ,-0.67767334 ,-0.24438477 ,3 ,Acc ,15
3dd9e578dace13af ,354371698012 ,0.37042236 ,-0.7223511 ,-0.11791992 ,3 ,Acc ,15
3dd9e578dace13af ,354472282231 ,0.3149414 ,-0.7583618 ,0.049682617 ,3 ,Acc ,15
3dd9e578dace13af ,354592521918 ,0.33917236 ,-0.75927734 ,0.06896973 ,3 ,Acc ,15
3dd9e578dace13af ,354692094679 ,0.4387207 ,-0.73339844 ,-0.10168457 ,3 ,Acc ,15
3dd9e578dace13af ,354792714522 ,0.5152588 ,-0.6804199 ,-0.2748413 ,3 ,Acc ,15
3dd9e578dace13af ,354892146762 ,0.55010986 ,-0.631897 ,-0.3829956 ,3 ,Acc ,15
3dd9e578dace13af ,354993028168 ,0.5462036 ,-0.61590576 ,-0.43432617 ,3 ,Acc ,15
3dd9e578dace13af ,355113077699 ,0.53082275 ,-0.59851074 ,-0.47003174 ,3 ,Acc ,15
3dd9e578dace13af ,355214256397 ,0.52441406 ,-0.6326904 ,-0.42016602 ,3 ,Acc ,15
3dd9e578dace13af ,355212593481 ,0.4552307 ,9.173096 ,-3.4376373 ,0 ,Acc ,9
3dd9e578dace13af ,355332763741 ,0.45825195 ,-0.6755371 ,-0.29248047 ,3 ,Acc ,15
3dd9e578dace13af ,355433396918 ,0.3444214 ,-0.7105713 ,-0.17736816 ,3 ,Acc ,15
3dd9e578dace13af ,355553479887 ,0.28259277 ,-0.756958 ,0.018432617 ,3 ,Acc ,15
3dd9e578dace13af ,355653100407 ,0.28790283 ,-0.7581787 ,0.06536865 ,3 ,Acc ,15
3dd9e578dace13af ,355753786970 ,0.35968018 ,-0.7418213 ,-0.06262207 ,3 ,Acc ,15
3dd9e578dace13af ,355873901605 ,0.45025635 ,-0.7102661 ,-0.23632813 ,3 ,Acc ,15
3dd9e578dace13af ,355993988272 ,0.4822998 ,-0.6586304 ,-0.36730957 ,3 ,Acc ,15
3dd9e578dace13af ,356114192386 ,0.48449707 ,-0.647583 ,-0.40844727 ,3 ,Acc ,15
3dd9e578dace13af ,356234255824 ,0.47790527 ,-0.65252686 ,-0.40673828 ,3 ,Acc ,15
3dd9e578dace13af ,356314987334 ,12.469003 ,-5.592855 ,2.2984335 ,3 ,Acc ,1
3dd9e578dace13af ,356348487074 ,0.45263672 ,-0.7070923 ,-0.31726074 ,3 ,Acc ,15
3dd9e578dace13af ,356474445095 ,0.35369873 ,-0.7330322 ,-0.18737793 ,3 ,Acc ,15
3dd9e578dace13af ,356574022022 ,0.262146 ,-0.758667 ,-0.06756592 ,3 ,Acc ,15
3dd9e578dace13af ,356674850563 ,0.23339844 ,-0.7694092 ,0.055358887 ,3 ,Acc ,15
3dd9e578dace13af ,356795301240 ,0.2763672 ,-0.7663574 ,0.018920898 ,3 ,Acc ,15
3dd9e578dace13af ,356915050667 ,0.39135742 ,-0.7460327 ,-0.1572876 ,3 ,Acc ,15
3dd9e578dace13af ,357016107074 ,0.44647217 ,-0.72088623 ,-0.2619629 ,3 ,Acc ,15
3dd9e578dace13af ,357134559001 ,0.45422363 ,-0.6940918 ,-0.34954834 ,3 ,Acc ,15
3dd9e578dace13af ,357254823688 ,0.44622803 ,-0.6868286 ,-0.3876953 ,3 ,Acc ,15
3dd9e578dace13af ,357355463688 ,0.43737793 ,-0.69836426 ,-0.3793335 ,3 ,Acc ,15
3dd9e578dace13af ,357474302126 ,0.40600586 ,-0.73065186 ,-0.29003906 ,3 ,Acc ,15
3dd9e578dace13af ,357575112959 ,0.31811523 ,-0.7440796 ,-0.18823242 ,3 ,Acc ,15
3dd9e578dace13af ,357675891188 ,0.22698975 ,-0.776001 ,-0.054382324 ,3 ,Acc ,15
3dd9e578dace13af ,357795945407 ,0.20977783 ,-0.7873535 ,0.08630371 ,3 ,Acc ,15
3dd9e578dace13af ,357896044157 ,0.265625 ,-0.78204346 ,0.024475098 ,3 ,Acc ,15
3dd9e578dace13af ,357996451292 ,0.34643555 ,-0.74591064 ,-0.17028809 ,3 ,Acc ,15
3dd9e578dace13af ,358096233271 ,0.41644287 ,-0.6950073 ,-0.31304932 ,3 ,Acc ,15
3dd9e578dace13af ,358196327438 ,0.43182373 ,-0.6810303 ,-0.36938477 ,3 ,Acc ,15
3dd9e578dace13af ,358234899990 ,2.9063568 ,8.937378 ,-2.8011627 ,0 ,Acc ,9
3dd9e578dace13af ,358312831136 ,0.40759277 ,-0.6738281 ,-0.4111328 ,3 ,Acc ,15
3dd9e578dace13af ,358417592646 ,0.4085083 ,-0.68688965 ,-0.40655518 ,3 ,Acc ,15
3dd9e578dace13af ,358536605302 ,0.4060669 ,-0.74432373 ,-0.31140137 ,3 ,Acc ,15
3dd9e578dace13af ,358636455563 ,0.36791992 ,-0.7796631 ,-0.1583252 ,3 ,Acc ,15
3dd9e578dace13af ,358736760719 ,0.24725342 ,-0.79870605 ,-0.052001953 ,3 ,Acc ,15
3dd9e578dace13af ,358837069573 ,0.18414307 ,-0.8081665 ,0.082214355 ,3 ,Acc ,15
3dd9e578dace13af ,358937043271 ,0.16937256 ,-0.8084717 ,0.095458984 ,3 ,Acc ,15
3dd9e578dace13af ,359037356812 ,0.24676514 ,-0.8134155 ,-0.001159668 ,3 ,Acc ,15
3dd9e578dace13af ,359137125875 ,0.36608887 ,-0.796875 ,-0.14154053 ,3 ,Acc ,15
3dd9e578dace13af ,359237464104 ,0.4406128 ,-0.77874756 ,-0.21673584 ,3 ,Acc ,15
3dd9e578dace13af ,359317219417 ,6.799533 ,-3.3375173 ,2.5713725 ,3 ,Acc ,1
3dd9e578dace13af ,359351747281 ,0.4683838 ,-0.7807007 ,-0.23925781 ,3 ,Acc ,15
3dd9e578dace13af ,359451430041 ,0.45812988 ,-0.7770996 ,-0.2666626 ,3 ,Acc ,15
3dd9e578dace13af ,359557151760 ,0.42962646 ,-0.78448486 ,-0.2611084 ,3 ,Acc ,15
3dd9e578dace13af ,359657384521 ,0.39117432 ,-0.8144531 ,-0.19500732 ,3 ,Acc ,15
3dd9e578dace13af ,359757123948 ,0.29577637 ,-0.83361816 ,-0.120666504 ,3 ,Acc ,15
3dd9e578dace13af ,359857530093 ,0.17980957 ,-0.8527832 ,-0.024291992 ,3 ,Acc ,15
3dd9e578dace13af ,359958212802 ,0.109375 ,-0.8562622 ,0.09185791 ,3 ,Acc ,15
3dd9e578dace13af ,360075272229 ,0.109375 ,-0.85479736 ,0.085632324 ,3 ,Acc ,15
3dd9e578dace13af ,360197801864 ,0.20214844 ,-0.8277588 ,-0.031799316 ,3 ,Acc ,15
3dd9e578dace13af ,360298172489 ,0.2897339 ,-0.80255127 ,-0.12335205 ,3 ,Acc ,15
3dd9e578dace13af ,360398751031 ,0.32147217 ,-0.7719116 ,-0.23132324 ,3 ,Acc ,15
3dd9e578dace13af ,360518537801 ,0.30004883 ,-0.7658081 ,-0.26068115 ,3 ,Acc ,15
3dd9e578dace13af ,360618767072 ,0.28778076 ,-0.75775146 ,-0.2781372 ,3 ,Acc ,15
3dd9e578dace13af ,360718540145 ,0.2788086 ,-0.75616455 ,-0.27868652 ,3 ,Acc ,15
3dd9e578dace13af ,360820419937 ,0.25616455 ,-0.74523926 ,-0.2722168 ,3 ,Acc ,15
3dd9e578dace13af ,360938831708 ,0.2388916 ,-0.74713135 ,-0.2453003 ,3 ,Acc ,15
3dd9e578dace13af ,361058806083 ,0.21325684 ,-0.7307129 ,-0.24072266 ,3 ,Acc ,15
3dd9e578dace13af ,361159408635 ,0.2189331 ,-0.70861816 ,-0.2925415 ,3 ,Acc ,15
3dd9e578dace13af ,361237992020 ,6.468643 ,7.2738953 ,-1.1905212 ,0 ,Acc ,9
3dd9e578dace13af ,361277409572 ,0.24468994 ,-0.71520996 ,-0.3366089 ,3 ,Acc ,15
3dd9e578dace13af ,361379322280 ,0.25109863 ,-0.75927734 ,-0.31304932 ,3 ,Acc ,15
3dd9e578dace13af ,361480118791 ,0.25439453 ,-0.7938843 ,-0.2701416 ,3 ,Acc ,15
3dd9e578dace13af ,361600333634 ,0.23529053 ,-0.8092041 ,-0.23724365 ,3 ,Acc ,15
3dd9e578dace13af ,361720356343 ,0.24224854 ,-0.819397 ,-0.22918701 ,3 ,Acc ,15
3dd9e578dace13af ,361821066916 ,0.2518921 ,-0.82696533 ,-0.21575928 ,3 ,Acc ,15
3dd9e578dace13af ,361939731968 ,0.18585205 ,-0.82702637 ,-0.15820313 ,3 ,Acc ,15
3dd9e578dace13af ,362040452228 ,0.11853027 ,-0.8345947 ,-0.08496094 ,3 ,Acc ,15
3dd9e578dace13af ,362140081603 ,0.08502197 ,-0.8514404 ,0.042175293 ,3 ,Acc ,15
3dd9e578dace13af ,362240814467 ,0.057739258 ,-0.85614014 ,0.11956787 ,3 ,Acc ,15
3dd9e578dace13af ,362321631290 ,9.682152 ,-7.1251445 ,4.2521024 ,3 ,Acc ,1
3dd9e578dace13af ,362818014415 ,-0.21362305 ,-0.8031006 ,0.17993164 ,3 ,Acc ,15
3dd9e578dace13af ,362920728061 ,-0.18591309 ,-0.8164673 ,0.20233154 ,3 ,Acc ,15
3dd9e578dace13af ,363022588842 ,-0.12243652 ,-0.8260498 ,0.24731445 ,3 ,Acc ,15
3dd9e578dace13af ,363141081863 ,-0.12939453 ,-0.82836914 ,0.25854492 ,3 ,Acc ,15
3dd9e578dace13af ,363241870665 ,-0.07513428 ,-0.82440186 ,0.28497314 ,3 ,Acc ,15
3dd9e578dace13af ,363342052540 ,0.047424316 ,-0.82476807 ,0.2727661 ,3 ,Acc ,15
3dd9e578dace13af ,363461525509 ,0.17132568 ,-0.8487549 ,0.037109375 ,3 ,Acc ,15
3dd9e578dace13af ,363562293165 ,0.24121094 ,-0.8498535 ,-0.105041504 ,3 ,Acc ,15
3dd9e578dace13af ,363682513842 ,0.26037598 ,-0.84832764 ,-0.15185547 ,3 ,Acc ,15
3dd9e578dace13af ,363781832696 ,0.24969482 ,-0.84991455 ,-0.1762085 ,3 ,Acc ,15
3dd9e578dace13af ,363882553529 ,0.2374878 ,-0.8510742 ,-0.19744873 ,3 ,Acc ,15
3dd9e578dace13af ,363998460508 ,0.22821045 ,-0.86505127 ,-0.14666748 ,3 ,Acc ,15
3dd9e578dace13af ,364102101654 ,0.14929199 ,-0.8600464 ,-0.08428955 ,3 ,Acc ,15
3dd9e578dace13af ,364202895613 ,0.05621338 ,-0.864563 ,0.028015137 ,3 ,Acc ,15
3dd9e578dace13af ,364239924727 ,8.491699 ,-1.1198883 ,-4.7756805 ,0 ,Acc ,9
3dd9e578dace13af ,364322980404 ,0.016174316 ,-0.8467407 ,0.15808105 ,3 ,Acc ,15
3dd9e578dace13af ,364424173581 ,0.011962891 ,-0.8439331 ,0.093444824 ,3 ,Acc ,15
3dd9e578dace13af ,364542714310 ,0.09631348 ,-0.8642578 ,-0.059753418 ,3 ,Acc ,15
3dd9e578dace13af ,364642677331 ,0.18939209 ,-0.87390137 ,-0.09851074 ,3 ,Acc ,15
3dd9e578dace13af ,364742867696 ,0.21954346 ,-0.8774414 ,-0.13702393 ,3 ,Acc ,15
3dd9e578dace13af ,364843641966 ,0.23309326 ,-0.88238525 ,-0.15795898 ,3 ,Acc ,15
3dd9e578dace13af ,364943160873 ,0.2255249 ,-0.8820801 ,-0.17706299 ,3 ,Acc ,15
3dd9e578dace13af ,365043793112 ,0.19500732 ,-0.88568115 ,-0.15661621 ,3 ,Acc ,15
3dd9e578dace13af ,365163937852 ,0.08483887 ,-0.87158203 ,-0.10644531 ,3 ,Acc ,15
3dd9e578dace13af ,365284072227 ,-0.014099121 ,-0.8652954 ,0.012756348 ,3 ,Acc ,15
3dd9e578dace13af ,365323810977 ,6.7947445 ,-1.5275006 ,0.15322891 ,3 ,Acc ,1
3dd9e578dace13af ,365401248008 ,-0.05102539 ,-0.8444824 ,0.104003906 ,3 ,Acc ,15
3dd9e578dace13af ,365503956810 ,-0.022766113 ,-0.8505249 ,0.012023926 ,3 ,Acc ,15
3dd9e578dace13af ,365604360352 ,0.06707764 ,-0.8720703 ,-0.093566895 ,3 ,Acc ,15
3dd9e578dace13af ,365703897487 ,0.16174316 ,-0.88897705 ,-0.11218262 ,3 ,Acc ,15
3dd9e578dace13af ,365804625299 ,0.18804932 ,-0.9003906 ,-0.11004639 ,3 ,Acc ,15
3dd9e578dace13af ,365909750716 ,0.1821289 ,-0.9055786 ,-0.12243652 ,3 ,Acc ,15
3dd9e578dace13af ,366022457591 ,0.16125488 ,-0.90631104 ,-0.13555908 ,3 ,Acc ,15
3dd9e578dace13af ,366124980716 ,0.1182251 ,-0.9059448 ,-0.099121094 ,3 ,Acc ,15
3dd9e578dace13af ,366227040716 ,0.040283203 ,-0.89178467 ,-0.043273926 ,3 ,Acc ,15
3dd9e578dace13af ,366344561289 ,-0.032348633 ,-0.88031006 ,0.061950684 ,3 ,Acc ,15
3dd9e578dace13af ,366459460768 ,-0.06726074 ,-0.8609009 ,0.14349365 ,3 ,Acc ,15
3dd9e578dace13af ,366565403164 ,-0.05670166 ,-0.86169434 ,0.11767578 ,3 ,Acc ,15
3dd9e578dace13af ,366664928372 ,9.765625E-4 ,-0.87854004 ,0.063964844 ,3 ,Acc ,15
3dd9e578dace13af ,366765156080 ,0.05102539 ,-0.89312744 ,0.084350586 ,3 ,Acc ,15
3dd9e578dace13af ,366865207018 ,0.018737793 ,-0.8907471 ,0.117004395 ,3 ,Acc ,15
3dd9e578dace13af ,366965926289 ,-0.06335449 ,-0.8512573 ,0.269104 ,3 ,Acc ,15
3dd9e578dace13af ,367086030195 ,-0.18078613 ,-0.6217041 ,0.63848877 ,3 ,Acc ,15
3dd9e578dace13af ,367206217486 ,-0.293396 ,-0.34814453 ,0.83258057 ,3 ,Acc ,15
3dd9e578dace13af ,367241027643 ,-3.9562683 ,-6.590912 ,6.0891724 ,0 ,Acc ,9
3dd9e578dace13af ,367320594726 ,-0.36993408 ,-0.21990967 ,0.87713623 ,3 ,Acc ,15
3dd9e578dace13af ,367427379049 ,-0.38891602 ,-0.18157959 ,0.8918457 ,3 ,Acc ,15
3dd9e578dace13af ,367545984518 ,-0.39245605 ,-0.16558838 ,0.9014282 ,3 ,Acc ,15
3dd9e578dace13af ,367646671705 ,-0.36279297 ,-0.19830322 ,0.9091797 ,3 ,Acc ,15
3dd9e578dace13af ,367746215247 ,-0.2647705 ,-0.28668213 ,0.9199829 ,3 ,Acc ,15
3dd9e578dace13af ,367846730455 ,-0.13665771 ,-0.42138672 ,0.89556885 ,3 ,Acc ,15
3dd9e578dace13af ,367946266392 ,-0.029052734 ,-0.5529175 ,0.8279419 ,3 ,Acc ,15
3dd9e578dace13af ,368046884622 ,0.034973145 ,-0.5863037 ,0.79559326 ,3 ,Acc ,15
3dd9e578dace13af ,368167060194 ,0.047546387 ,-0.54577637 ,0.8199463 ,3 ,Acc ,15
3dd9e578dace13af ,368287130090 ,-0.025634766 ,-0.50128174 ,0.8527832 ,3 ,Acc ,15
3dd9e578dace13af ,368327279101 ,6.4308257 ,-7.144298 ,8.734048 ,3 ,Acc ,1
3dd9e578dace13af ,368401633788 ,-0.083618164 ,-0.44647217 ,0.88323975 ,3 ,Acc ,15
3dd9e578dace13af ,368506921132 ,-0.14678955 ,-0.46551514 ,0.8699341 ,3 ,Acc ,15
3dd9e578dace13af ,368607615350 ,-0.1671753 ,-0.4584961 ,0.87194824 ,3 ,Acc ,15
3dd9e578dace13af ,368707223736 ,-0.12548828 ,-0.44024658 ,0.8876343 ,3 ,Acc ,15
3dd9e578dace13af ,368807894777 ,-0.08581543 ,-0.47143555 ,0.87420654 ,3 ,Acc ,15
3dd9e578dace13af ,368922230923 ,-0.031188965 ,-0.56970215 ,0.8031006 ,3 ,Acc ,15
3dd9e578dace13af ,369026611809 ,-0.0010986328 ,-0.68170166 ,0.6786499 ,3 ,Acc ,15
3dd9e578dace13af ,369128282902 ,0.015930176 ,-0.75 ,0.56414795 ,3 ,Acc ,15
3dd9e578dace13af ,369229067225 ,0.028686523 ,-0.7647705 ,0.53167725 ,3 ,Acc ,15
3dd9e578dace13af ,369347134204 ,0.003479004 ,-0.7508545 ,0.54901123 ,3 ,Acc ,15
3dd9e578dace13af ,369448673058 ,-0.050048828 ,-0.7121582 ,0.59973145 ,3 ,Acc ,15
3dd9e578dace13af ,369568697954 ,-0.19610596 ,-0.7033081 ,0.58813477 ,3 ,Acc ,15
3dd9e578dace13af ,369687828840 ,-0.2321167 ,-0.70947266 ,0.57244873 ,3 ,Acc ,15
3dd9e578dace13af ,369788361756 ,-0.11352539 ,-0.7722168 ,0.52264404 ,3 ,Acc ,15
3dd9e578dace13af ,369888924777 ,0.074157715 ,-0.8798828 ,0.3161621 ,3 ,Acc ,15
3dd9e578dace13af ,370006125715 ,0.16711426 ,-0.92266846 ,0.0769043 ,3 ,Acc ,15
3dd9e578dace13af ,370108656600 ,0.18328857 ,-0.9289551 ,-0.016174316 ,3 ,Acc ,15
3dd9e578dace13af ,370208542746 ,0.1762085 ,-0.9343262 ,-0.034057617 ,3 ,Acc ,15
3dd9e578dace13af ,370247787642 ,5.511673 ,1.7937927 ,-7.91037 ,0 ,Acc ,9
3dd9e578dace13af ,370308765714 ,0.13543701 ,-0.93829346 ,-0.057800293 ,3 ,Acc ,15
3dd9e578dace13af ,370409399100 ,0.092041016 ,-0.9423828 ,-0.034118652 ,3 ,Acc ,15
3dd9e578dace13af ,370529720818 ,-1.2207031E-4 ,-0.92407227 ,0.06048584 ,3 ,Acc ,15
3dd9e578dace13af ,370649889048 ,-0.1428833 ,-0.87475586 ,0.13922119 ,3 ,Acc ,15
3dd9e578dace13af ,370769930662 ,-0.23376465 ,-0.8189697 ,0.23614502 ,3 ,Acc ,15
3dd9e578dace13af ,370890347381 ,-0.19940186 ,-0.82580566 ,0.23553467 ,3 ,Acc ,15
3dd9e578dace13af ,371010294672 ,-0.04626465 ,-0.8930664 ,0.101501465 ,3 ,Acc ,15
3dd9e578dace13af ,371109868058 ,0.03491211 ,-0.920166 ,-0.043151855 ,3 ,Acc ,15
3dd9e578dace13af ,371210388058 ,0.06561279 ,-0.92285156 ,-0.14343262 ,3 ,Acc ,15
3dd9e578dace13af ,371309977329 ,0.06817627 ,-0.9238281 ,-0.17791748 ,3 ,Acc ,15
3dd9e578dace13af ,371329633787 ,7.7093296 ,-5.1475334 ,3.7588966 ,3 ,Acc ,1
3dd9e578dace13af ,371410858526 ,0.053527832 ,-0.9248657 ,-0.18353271 ,3 ,Acc ,15
3dd9e578dace13af ,371530896964 ,0.016906738 ,-0.9269409 ,-0.13946533 ,3 ,Acc ,15
3dd9e578dace13af ,371631659412 ,-0.06994629 ,-0.8966675 ,-0.08276367 ,3 ,Acc ,15
3dd9e578dace13af ,371731029516 ,-0.19805908 ,-0.8404541 ,-0.04260254 ,3 ,Acc ,15
3dd9e578dace13af ,371831059776 ,-0.28601074 ,-0.791687 ,0.055358887 ,3 ,Acc ,15
3dd9e578dace13af ,371931319360 ,-0.29901123 ,-0.76452637 ,0.12860107 ,3 ,Acc ,15
3dd9e578dace13af ,372032405714 ,-0.23187256 ,-0.80444336 ,0.093322754 ,3 ,Acc ,15
3dd9e578dace13af ,372150981964 ,-0.09899902 ,-0.8770752 ,-0.11340332 ,3 ,Acc ,15
3dd9e578dace13af ,372251581912 ,-0.026184082 ,-0.8892822 ,-0.22174072 ,3 ,Acc ,15
3dd9e578dace13af ,372351045662 ,-0.015075684 ,-0.88378906 ,-0.2854004 ,3 ,Acc ,15
3dd9e578dace13af ,372451851703 ,-0.01751709 ,-0.88494873 ,-0.2923584 ,3 ,Acc ,15
3dd9e578dace13af ,372568772224 ,-0.05621338 ,-0.871521 ,-0.29412842 ,3 ,Acc ,15
3dd9e578dace13af ,372669250401 ,-0.11383057 ,-0.8511963 ,-0.28637695 ,3 ,Acc ,15
3dd9e578dace13af ,372772159776 ,-0.17993164 ,-0.8324585 ,-0.18255615 ,3 ,Acc ,15
3dd9e578dace13af ,372892267849 ,-0.2720337 ,-0.8024292 ,-0.06738281 ,3 ,Acc ,15
3dd9e578dace13af ,372994427745 ,-0.3081665 ,-0.76885986 ,0.03540039 ,3 ,Acc ,15
3dd9e578dace13af ,373111959620 ,-0.27679443 ,-0.78460693 ,0.021911621 ,3 ,Acc ,15
3dd9e578dace13af ,373212641078 ,-0.17095947 ,-0.8485718 ,-0.17016602 ,3 ,Acc ,15
3dd9e578dace13af ,373250096651 ,7.836151 ,3.3109589 ,-4.878769 ,0 ,Acc ,9
3dd9e578dace13af ,373332780661 ,-0.025268555 ,-0.88879395 ,-0.27319336 ,3 ,Acc ,15
3dd9e578dace13af ,373433830140 ,-0.0032348633 ,-0.91223145 ,-0.23352051 ,3 ,Acc ,15
3dd9e578dace13af ,373546442796 ,-0.032958984 ,-0.9202881 ,-0.2277832 ,3 ,Acc ,15
3dd9e578dace13af ,373647168161 ,-0.04119873 ,-0.9258423 ,-0.20904541 ,3 ,Acc ,15
3dd9e578dace13af ,373773379463 ,-0.037353516 ,-0.92510986 ,-0.17773438 ,3 ,Acc ,15
3dd9e578dace13af ,373893295557 ,-0.10223389 ,-0.9003296 ,-0.02947998 ,3 ,Acc ,15
3dd9e578dace13af ,374013509671 ,-0.24975586 ,-0.8372803 ,0.052490234 ,3 ,Acc ,15
3dd9e578dace13af ,374116081911 ,-0.32928467 ,-0.78338623 ,0.15405273 ,3 ,Acc ,15
3dd9e578dace13af ,374234782900 ,-0.31793213 ,-0.7753906 ,0.199646 ,3 ,Acc ,15
3dd9e578dace13af ,374334598786 ,14.470555 ,-3.6870706 ,0.2825158 ,3 ,Acc ,1
3dd9e578dace13af ,374348815192 ,-0.19586182 ,-0.8713989 ,0.036010742 ,3 ,Acc ,15
3dd9e578dace13af ,374450860609 ,-0.07067871 ,-0.9223633 ,-0.039978027 ,3 ,Acc ,15
3dd9e578dace13af ,374553487379 ,-0.008605957 ,-0.9435425 ,-0.026306152 ,3 ,Acc ,15
3dd9e578dace13af ,374654715765 ,0.012390137 ,-0.9577637 ,9.1552734E-4 ,3 ,Acc ,15
3dd9e578dace13af ,374774858056 ,0.015686035 ,-0.9610596 ,-0.0068359375 ,3 ,Acc ,15
3dd9e578dace13af ,374894894515 ,-0.0016479492 ,-0.94989014 ,0.0068969727 ,3 ,Acc ,15
3dd9e578dace13af ,375014980088 ,-0.1449585 ,-0.9065552 ,0.08874512 ,3 ,Acc ,15
3dd9e578dace13af ,375134698577 ,-0.33294678 ,-0.8284912 ,0.14202881 ,3 ,Acc ,15
3dd9e578dace13af ,375236614463 ,-0.40386963 ,-0.7492676 ,0.26019287 ,3 ,Acc ,15
3dd9e578dace13af ,375354388212 ,-0.37738037 ,-0.74542236 ,0.28430176 ,3 ,Acc ,15
3dd9e578dace13af ,375453949046 ,-0.24945068 ,-0.8413086 ,0.18939209 ,3 ,Acc ,15
3dd9e578dace13af ,375553900035 ,-0.11401367 ,-0.91290283 ,0.093811035 ,3 ,Acc ,15
3dd9e578dace13af ,375672752848 ,-0.019348145 ,-0.944397 ,0.02911377 ,3 ,Acc ,15
3dd9e578dace13af ,375775562431 ,-0.0947876 ,-0.58374023 ,0.24261475 ,3 ,Acc ,15
3dd9e578dace13af ,375874900556 ,-0.13165283 ,-0.59313965 ,0.2467041 ,3 ,Acc ,15
3dd9e578dace13af ,375975610608 ,-0.15234375 ,-0.5803833 ,0.2816162 ,3 ,Acc ,15
3dd9e578dace13af ,376075245712 ,-0.21948242 ,-0.5269165 ,0.34869385 ,3 ,Acc ,15
3dd9e578dace13af ,376175821650 ,-0.33703613 ,-0.43774414 ,0.397583 ,3 ,Acc ,15
3dd9e578dace13af ,376254298420 ,1.957901 ,-8.806442 ,3.8448944 ,0 ,Acc ,9
3dd9e578dace13af ,376293456441 ,-0.41033936 ,-0.35913086 ,0.45214844 ,3 ,Acc ,15
3dd9e578dace13af ,376406879045 ,-0.43695068 ,-0.33270264 ,0.4421997 ,3 ,Acc ,15
3dd9e578dace13af ,376515600972 ,-0.45721436 ,-0.3873291 ,0.32073975 ,3 ,Acc ,15
3dd9e578dace13af ,376616389149 ,-0.4547119 ,-0.4510498 ,0.22363281 ,3 ,Acc ,15
3dd9e578dace13af ,376715840295 ,-0.47460938 ,-0.49493408 ,0.13745117 ,3 ,Acc ,15
3dd9e578dace13af ,376831654618 ,-0.53167725 ,-0.5029297 ,0.07476807 ,3 ,Acc ,15
3dd9e578dace13af ,376972394149 ,-0.57440186 ,-0.5131836 ,0.04083252 ,3 ,Acc ,15
3dd9e578dace13af ,377075311181 ,-0.5925293 ,-0.5164795 ,0.036987305 ,3 ,Acc ,15
3dd9e578dace13af ,377176941597 ,-0.6221924 ,-0.48461914 ,0.04626465 ,3 ,Acc ,15
3dd9e578dace13af ,377297061649 ,-0.66937256 ,-0.40673828 ,0.04156494 ,3 ,Acc ,15
3dd9e578dace13af ,377337261337 ,9.102755 ,-5.1762643 ,1.6232687 ,3 ,Acc ,1
3dd9e578dace13af ,377414475295 ,-0.73028564 ,-0.3007202 ,0.049743652 ,3 ,Acc ,15
3dd9e578dace13af ,377516746805 ,-0.8015747 ,-0.20043945 ,0.07824707 ,3 ,Acc ,15
3dd9e578dace13af ,377616350712 ,-0.84906006 ,-0.10870361 ,0.11920166 ,3 ,Acc ,15
3dd9e578dace13af ,377716876076 ,-0.86779785 ,-0.043273926 ,0.12298584 ,3 ,Acc ,15
3dd9e578dace13af ,377817118576 ,-0.8812866 ,-0.024597168 ,0.10394287 ,3 ,Acc ,15
3dd9e578dace13af ,377917157534 ,-0.8966675 ,-0.014282227 ,0.07324219 ,3 ,Acc ,15
3dd9e578dace13af ,378017787170 ,-0.9140625 ,-0.011169434 ,0.06970215 ,3 ,Acc ,15
3dd9e578dace13af ,378137131128 ,-0.9256592 ,-0.011657715 ,0.06976318 ,3 ,Acc ,15
3dd9e578dace13af ,378238049461 ,-0.9219971 ,-0.02319336 ,0.0635376 ,3 ,Acc ,15
3dd9e578dace13af ,378338215555 ,-0.9026489 ,-0.04852295 ,0.040283203 ,3 ,Acc ,15
3dd9e578dace13af ,378439264618 ,-0.89508057 ,-0.07147217 ,0.047546387 ,3 ,Acc ,15
3dd9e578dace13af ,378554519513 ,-0.9031372 ,-0.085632324 ,0.06878662 ,3 ,Acc ,15
3dd9e578dace13af ,378658506492 ,-0.92559814 ,-0.06652832 ,0.049926758 ,3 ,Acc ,15
3dd9e578dace13af ,378778647013 ,-0.9281006 ,-0.07696533 ,0.008056641 ,3 ,Acc ,15
3dd9e578dace13af ,378898813524 ,-0.8286743 ,-0.22180176 ,-0.018432617 ,3 ,Acc ,15
3dd9e578dace13af ,379018923576 ,-0.7472534 ,-0.38391113 ,-0.051208496 ,3 ,Acc ,15
3dd9e578dace13af ,379139044253 ,-0.6809082 ,-0.51312256 ,-0.06298828 ,3 ,Acc ,15
3dd9e578dace13af ,379240167221 ,-0.6159668 ,-0.5784302 ,-0.028076172 ,3 ,Acc ,15
3dd9e578dace13af ,379272135346 ,6.3852844 ,-6.174881 ,-4.155609 ,0 ,Acc ,9
3dd9e578dace13af ,379358524201 ,-0.57666016 ,-0.6209717 ,0.015136719 ,3 ,Acc ,15
3dd9e578dace13af ,379459074096 ,-0.5482178 ,-0.6581421 ,0.05718994 ,3 ,Acc ,15
3dd9e578dace13af ,379579495971 ,-0.5279541 ,-0.68585205 ,0.12017822 ,3 ,Acc ,15
3dd9e578dace13af ,379699701492 ,-0.51293945 ,-0.6847534 ,0.16784668 ,3 ,Acc ,15
3dd9e578dace13af ,379819802325 ,-0.5421753 ,-0.6546631 ,0.18951416 ,3 ,Acc ,15
3dd9e578dace13af ,379939873784 ,-0.6194458 ,-0.588501 ,0.1687622 ,3 ,Acc ,15
3dd9e578dace13af ,380041027377 ,-0.6879883 ,-0.5114746 ,0.13256836 ,3 ,Acc ,15
3dd9e578dace13af ,380159568888 ,-0.69940186 ,-0.45703125 ,0.12780762 ,3 ,Acc ,15
3dd9e578dace13af ,380279600398 ,-0.744751 ,-0.3375244 ,0.085998535 ,3 ,Acc ,15
3dd9e578dace13af ,380340328106 ,10.649409 ,-4.8985367 ,0.7182605 ,3 ,Acc ,1
3dd9e578dace13af ,380395462846 ,-0.7949829 ,-0.22076416 ,0.05090332 ,3 ,Acc ,15
3dd9e578dace13af ,380500489148 ,-0.8032837 ,-0.13928223 ,0.04638672 ,3 ,Acc ,15
3dd9e578dace13af ,380618860919 ,-0.7814331 ,-0.050842285 ,0.049194336 ,3 ,Acc ,15
3dd9e578dace13af ,380720344044 ,-0.7705078 ,0.0053710938 ,0.05126953 ,3 ,Acc ,15
3dd9e578dace13af ,380820948367 ,-0.7270508 ,0.08782959 ,0.06011963 ,3 ,Acc ,15
3dd9e578dace13af ,380940955398 ,-0.73083496 ,0.21697998 ,0.1484375 ,3 ,Acc ,15
3dd9e578dace13af ,381039208419 ,-0.8341675 ,0.2579956 ,0.28900146 ,3 ,Acc ,15
